13/12/2007 1079.00 1079.00 1127.02 1112.32 7 92.86 101625.00
14/12/2007 1127.02 1127.02 1127.02 1127.02 1 50.00 56350.00
17/12/2007 1127.02 1127.02 1176.02 1176.02 6 62.24 70250.00
18/12/2007 1185.82 1180.92 1185.82 1180.92 2 16.33 19300.00
19/12/2007 1185.82 1185.82 1185.82 1185.82 1 9.18 10890.00
20/12/2007 1185.82 1185.82 1185.82 1185.82 1 3.06 3630.00
27/12/2007 1180.92 1180.92 1180.92 1180.92 1 6.12 7230.00
03/01/2008 1176.02 1176.02 1176.02 1176.02 1 40.82 48000.00
04/01/2008 1176.02 1175.04 1176.02 1175.04 2 17.35 20399.00
07/01/2008 1156.42 1156.42 1156.42 1156.42 1 3.06 3540.00
08/01/2008 1176.02 1176.02 1176.02 1176.02 1 5.10 6000.00
09/01/2008 1176.02 1176.02 1200.52 1200.52 6 15.31 18050.00
11/01/2008 1176.02 1176.02 1176.02 1176.02 2 24.49 28800.00
15/01/2008 1195.62 1195.62 1195.62 1195.62 5 20.41 24400.00
16/01/2008 1195.62 1195.62 1195.62 1195.62 5 12.24 14640.00
17/01/2008 1195.62 1195.62 1195.62 1195.62 1 10.20 12200.00
18/01/2008 1195.62 1195.62 1195.62 1195.62 1 8.16 9760.00
22/01/2008 1176.02 1176.02 1176.02 1176.02 1 10.20 12000.00
01/02/2008 1176.02 1176.02 1176.02 1176.02 1 16.33 19200.00
06/02/2008 1177.00 1177.00 1177.00 1177.00 1 3.06 3603.00
11/02/2008 1185.82 1185.82 1190.72 1190.72 3 21.43 25490.00
18/02/2008 1185.82 1176.12 1185.82 1176.12 3 45.92 54024.30
25/02/2008 1274.02 1274.02 1274.02 1274.02 1 1.02 1300.00
26/02/2008 1190.82 1190.82 1190.82 1190.82 2 51.02 60755.00
27/02/2008 1190.83 1190.83 1190.83 1190.83 1 1.02 1215.11
29/02/2008 1205.42 1205.42 1205.42 1205.42 1 1.02 1230.00
03/03/2008 1146.62 1146.62 1156.42 1156.42 3 15.31 17560.00
04/03/2008 1196.11 1196.11 1196.60 1196.60 3 12.24 14647.00
06/03/2008 1200.52 1200.52 1200.52 1200.52 1 2.04 2450.00
10/03/2008 1176.02 1158.38 1176.02 1176.02 7 72.45 85182.00
11/03/2008 1177.00 1176.02 1177.00 1176.02 3 30.61 36010.00
12/03/2008 1177.00 1177.00 1225.02 1225.02 2 2.04 2451.00
13/03/2008 1215.22 1215.22 1215.22 1215.22 1 13.27 16120.00
14/03/2008 1215.22 1215.22 1215.22 1215.22 1 7.14 8680.00
17/03/2008 1205.42 1176.02 1205.42 1176.02 3 13.27 15780.00
20/03/2008 1225.02 1176.02 1225.02 1176.02 2 5.10 6050.00
01/04/2008 1195.62 1195.62 1195.62 1195.62 2 20.41 24400.00
02/04/2008 1176.41 1176.02 1176.41 1176.02 2 3.06 3600.40
04/04/2008 1185.82 1176.02 1185.82 1176.02 2 20.41 24100.00
09/04/2008 1185.82 1180.92 1185.82 1180.92 2 15.31 18085.00
14/04/2008 1200.52 1200.52 1200.52 1200.52 1 5.10 6125.00
15/04/2008 1200.52 1200.52 1200.52 1200.52 3 15.31 18375.00
16/04/2008 1215.22 1215.22 1283.82 1283.82 12 35.71 44721.30
22/04/2008 1283.81 1283.81 1283.82 1283.82 3 16.33 20959.99
02/05/2008 1274.02 1274.02 1274.02 1274.02 1 15.31 19500.00
13/05/2008 1234.82 1234.82 1234.82 1234.82 1 10.20 12600.00
14/05/2008 1225.02 1225.02 1225.02 1225.02 1 30.61 37500.00
19/05/2008 1225.03 1215.23 1225.03 1225.02 10 273.47 334980.43
20/05/2008 1225.02 1225.02 1225.02 1225.02 3 81.63 100000.00
28/05/2008 1254.42 1254.42 1254.42 1254.42 1 9.18 11520.00
30/05/2008 1225.02 1225.02 1225.02 1225.02 7 40.82 50000.00
09/06/2008 1225.02 1220.12 1225.02 1220.12 2 30.61 37470.00
10/06/2008 1254.42 1249.52 1254.42 1254.42 3 50.00 62620.00
18/06/2008 1244.62 1244.62 1244.62 1244.62 1 23.47 29210.00
19/06/2008 1253.44 1253.44 1254.42 1254.42 2 74.49 93438.00
30/06/2008 1264.22 1264.22 1273.04 1273.04 4 56.12 71085.00
01/07/2008 1274.02 1274.02 1274.02 1274.02 3 6.12 7800.00
02/07/2008 1293.62 1283.82 1332.82 1332.82 7 56.12 72770.01
07/07/2008 1323.02 1323.02 1323.02 1323.02 1 2.04 2700.00
08/07/2008 1323.02 1323.02 1323.02 1323.02 2 6.12 8100.00
17/07/2008 1342.62 1323.02 1342.62 1323.02 2 19.39 25990.00
18/07/2008 1323.02 1323.02 1323.02 1323.02 1 10.20 13500.00
22/07/2008 1323.02 1323.02 1323.02 1323.02 1 10.20 13500.00
24/07/2008 1327.92 1327.92 1327.92 1327.92 2 10.20 13550.00
28/07/2008 1342.62 1342.62 1342.62 1342.62 1 1.02 1370.00
29/07/2008 1323.02 1323.02 1323.02 1323.02 2 34.69 45900.00
30/07/2008 1323.02 1323.02 1323.02 1323.02 1 20.41 27000.00
31/07/2008 1323.02 1323.02 1323.02 1323.02 2 9.18 12150.00
01/08/2008 1322.04 1322.04 1322.04 1322.04 1 1.02 1349.00
04/08/2008 1311.26 1234.82 1311.26 1234.82 3 9.18 11456.00
06/08/2008 1311.26 1311.26 1311.26 1311.26 1 1.02 1338.00
07/08/2008 1311.26 1311.26 1311.26 1311.26 1 1.02 1338.00
14/08/2008 1237.76 1237.76 1237.76 1237.76 1 9.18 11367.00
18/08/2008 1237.76 1233.84 1237.76 1233.84 7 140.81 173894.00
19/08/2008 1176.02 1176.02 1176.02 1176.02 2 10.20 12000.00
20/08/2008 1195.62 1177.00 1195.62 1177.00 4 32.65 38655.00
21/08/2008 1177.00 1177.00 1177.00 1177.00 1 10.20 12010.00
28/08/2008 1254.42 1254.42 1254.42 1254.42 1 10.20 12800.00
03/09/2008 1180.92 1180.92 1180.92 1180.92 2 20.41 24100.00
04/09/2008 1180.94 1180.94 1180.94 1180.94 1 1.02 1205.02
11/09/2008 1253.44 1180.92 1254.42 1180.92 6 42.86 51317.08
12/09/2008 1195.62 1177.00 1195.62 1177.00 2 36.73 43806.00
15/09/2008 1127.02 1112.32 1127.02 1112.32 3 9.18 10321.00
16/09/2008 1048.62 1048.62 1058.42 1048.62 7 37.75 39654.00
22/09/2008 1097.62 1097.62 1097.62 1097.62 1 1.02 1120.00
29/09/2008 1146.62 1146.62 1146.62 1146.62 3 102.04 117000.00
02/10/2008 1185.82 1180.92 1185.82 1180.92 4 84.69 100425.00
06/10/2008 1171.12 1171.12 1180.92 1180.92 3 3.06 3600.00
08/10/2008 1127.02 1127.02 1127.02 1127.02 1 5.10 5750.00
09/10/2008 1127.02 1127.02 1127.02 1127.02 1 12.24 13800.00
10/10/2008 1090.07 1090.07 1090.07 1090.07 2 20.41 22246.00
13/10/2008 1166.22 1166.22 1166.22 1166.22 2 102.04 119000.00
16/10/2008 1090.76 1090.76 1090.76 1090.76 1 5.10 5565.00
23/10/2008 1107.42 1090.76 1107.42 1090.76 3 15.31 16764.00
24/10/2008 1090.78 1090.07 1090.78 1090.07 3 54.08 58984.90
27/10/2008 1078.02 1078.02 1089.78 1089.78 2 64.28 69936.00
30/10/2008 1097.62 1097.62 1122.12 1122.12 3 5.10 5625.00
31/10/2008 1127.02 1097.62 1127.02 1097.62 2 3.06 3390.00
03/11/2008 1097.62 1097.62 1097.62 1097.62 2 2.04 2240.00
05/11/2008 1127.02 1127.02 1127.02 1127.02 3 17.35 19550.00
06/11/2008 1127.02 1127.02 1127.02 1127.02 1 10.20 11500.00
11/11/2008 1131.92 1127.02 1151.52 1151.52 6 7.14 8125.00
14/11/2008 1156.42 1156.42 1166.22 1166.22 3 3.06 3555.00
17/11/2008 1171.12 1127.02 1171.12 1127.02 3 6.12 6945.00
24/11/2008 1141.72 1141.72 1141.72 1141.72 1 1.02 1165.00
25/11/2008 1141.72 1141.72 1141.72 1141.72 1 1.02 1165.00
28/11/2008 1127.02 1127.02 1171.12 1171.12 5 21.43 24900.00
03/12/2008 1151.52 1127.02 1151.52 1127.02 3 19.39 22275.00
09/12/2008 1136.82 1136.82 1136.82 1136.82 1 1.02 1160.00
10/12/2008 1151.52 1151.52 1151.52 1151.52 1 5.10 5875.00
11/12/2008 1146.62 1146.62 1146.62 1146.62 1 2.04 2340.00
12/12/2008 1155.44 1155.44 1161.32 1161.32 2 2.04 2364.00
16/12/2008 1161.32 1161.32 1171.12 1171.12 4 8.16 9550.00
18/12/2008 1156.42 1156.42 1156.42 1156.42 1 1.02 1180.00
19/12/2008 1166.22 1166.22 1166.22 1166.22 1 1.02 1190.00
29/12/2008 1146.62 1146.62 1146.62 1146.62 1 5.10 5850.00
30/12/2008 1127.02 1127.02 1127.02 1127.02 2 3.06 3450.00
09/01/2009 1176.02 1158.38 1176.02 1158.38 2 108.16 125400.00
12/01/2009 1136.82 1136.82 1136.82 1136.82 1 4.08 4640.00
13/01/2009 1171.12 1171.12 1171.12 1171.12 1 37.75 44215.00
14/01/2009 1176.02 1176.02 1176.02 1176.02 5 282.65 332400.00
15/01/2009 1176.02 1176.02 1176.02 1176.02 1 2.04 2400.00
19/01/2009 1166.22 1166.22 1166.22 1166.22 2 5.10 5950.00
20/01/2009 1166.22 1166.22 1166.22 1166.22 1 1.02 1190.00
21/01/2009 1166.22 1166.22 1171.12 1171.12 4 146.94 171610.00
22/01/2009 1175.04 1175.04 1176.02 1176.02 7 494.89 581996.00
23/01/2009 1156.42 1156.42 1156.42 1156.42 1 30.61 35400.00
27/01/2009 1166.22 1166.22 1166.22 1166.22 1 51.02 59500.00
02/02/2009 1176.02 1176.02 1176.02 1176.02 1 11.22 13200.00
03/02/2009 1137.80 1137.80 1146.62 1146.62 2 12.24 14022.00
04/02/2009 1171.11 1171.11 1171.11 1171.11 1 1.02 1194.99
05/02/2009 1171.12 1171.12 1171.12 1171.12 1 51.02 59750.00
06/02/2009 1176.02 1176.02 1176.02 1176.02 1 5.10 6000.00
09/02/2009 1176.02 1176.02 1176.02 1176.02 2 10.20 12000.00
16/02/2009 1200.52 1200.52 1200.52 1200.52 2 10.20 12250.00
17/02/2009 1225.01 1225.01 1225.01 1225.01 1 1.02 1249.99
27/02/2009 1225.02 1225.02 1225.02 1225.02 3 10.20 12500.00
03/03/2009 1225.02 1225.02 1225.02 1225.02 1 51.02 62500.00
04/03/2009 1225.02 1225.02 1225.02 1225.02 1 48.98 60000.00
06/03/2009 1225.02 1225.02 1225.02 1225.02 3 106.12 130000.00
10/03/2009 1244.62 1244.62 1244.62 1244.62 1 51.02 63500.00
17/03/2009 1274.02 1274.02 1274.02 1274.02 5 16.33 20800.00
18/03/2009 1274.02 1274.02 1274.02 1274.02 2 4.08 5200.00
26/03/2009 1323.02 1313.22 1323.02 1313.22 7 19.39 25590.00
27/03/2009 1323.02 1323.02 1323.02 1323.02 1 11.22 14850.00
