Date,Open,High,Low,Close,Volume,Adj Close
2009-03-17,21.71,23.30,21.41,23.30,318600,23.30
2009-03-16,22.49,22.79,21.34,21.84,821100,21.84
2009-03-13,23.11,23.40,21.57,22.00,1616800,22.00
2009-03-12,22.35,23.56,22.00,23.00,1180700,23.00
2009-03-11,22.22,23.10,21.90,22.30,1012800,22.30
2009-03-10,19.98,22.20,19.98,22.00,749400,22.00
2009-03-09,19.30,19.85,19.30,19.69,586900,19.69
2009-03-06,20.18,20.44,19.52,19.80,616500,19.80
2009-03-05,20.30,20.69,20.01,20.30,229900,20.30
2009-03-04,21.09,21.09,20.34,20.85,480200,20.85
2009-03-03,21.15,21.15,20.12,20.50,739300,20.50
2009-03-02,20.73,20.87,20.01,20.68,530500,20.68
2009-02-27,20.65,21.36,20.48,21.36,492400,21.36
2009-02-26,21.48,21.50,20.75,21.00,414700,21.00
2009-02-25,21.29,21.50,20.62,21.36,206300,21.36
2009-02-20,21.15,21.55,20.80,21.53,364000,21.53
2009-02-19,21.53,21.64,21.34,21.49,155300,21.49
2009-02-18,21.44,21.44,21.12,21.30,480500,21.30
2009-02-17,21.46,21.46,21.03,21.20,454700,21.20
2009-02-16,21.97,22.12,21.63,22.12,265600,22.12
2009-02-13,22.48,22.48,21.93,22.15,516100,22.15
2009-02-12,22.05,22.40,21.71,22.09,1785900,22.09
2009-02-11,21.99,22.77,21.41,22.38,524200,22.38
2009-02-10,22.83,23.03,21.75,21.95,851500,21.95
2009-02-09,23.49,23.55,22.70,22.80,639400,22.80
2009-02-06,22.75,23.95,22.40,23.90,674400,23.90
2009-02-05,22.37,23.00,21.91,22.79,669900,22.79
2009-02-04,23.30,23.30,22.26,22.30,1546100,22.30
2009-02-03,23.69,23.92,23.15,23.46,741300,23.46
2009-02-02,24.16,24.36,23.58,23.75,551600,23.75
2009-01-30,24.49,25.14,24.49,24.85,340500,24.85
2009-01-29,24.73,24.95,24.50,24.85,198400,24.85
2009-01-28,25.11,25.11,24.45,24.99,425800,24.99
2009-01-27,24.10,24.59,23.91,24.39,506200,24.39
2009-01-26,24.57,24.90,24.20,24.20,406900,24.20
2009-01-23,24.16,25.14,23.61,24.60,582900,24.60
2009-01-22,25.16,25.47,23.95,24.80,636400,24.80
2009-01-21,24.29,25.34,24.16,25.34,430100,25.34
2009-01-20,23.59,24.50,23.51,24.38,635600,24.38
2009-01-19,24.05,24.15,23.33,23.90,296000,23.90
2009-01-16,23.99,24.25,23.52,24.00,573200,24.00
2009-01-15,23.29,24.00,22.68,23.99,538300,23.99
2009-01-14,23.85,23.85,22.60,23.29,1171000,23.29
2009-01-13,23.49,24.50,23.39,24.20,530100,24.20
2009-01-12,23.69,24.30,22.90,24.10,461100,24.10
2009-01-09,24.00,24.59,23.85,23.99,988600,23.99
2009-01-08,23.27,24.50,22.90,24.20,863000,24.20
2009-01-07,23.55,23.88,23.10,23.40,747900,23.40
2009-01-06,25.00,25.08,23.55,24.04,974300,24.04
2009-01-05,24.50,25.00,23.46,25.00,805200,25.00
2009-01-02,23.75,24.57,23.30,24.57,351000,24.57
2008-12-30,22.50,23.80,22.50,23.80,949300,23.80
2008-12-29,22.35,22.50,22.00,22.35,224800,22.35
2008-12-26,22.00,22.50,21.90,22.31,172200,22.31
2008-12-23,22.35,22.95,21.90,21.90,295200,21.90
2008-12-22,22.30,22.98,22.00,22.26,308800,22.26
2008-12-19,23.30,23.30,21.90,22.20,715700,22.20
2008-12-18,24.28,24.35,23.15,23.20,491100,23.20
2008-12-17,26.12,26.12,23.53,23.80,1403900,23.80
2008-12-16,26.00,26.35,25.22,26.00,714900,26.00
2008-12-15,28.17,28.30,25.15,25.60,675200,25.60
2008-12-12,25.50,28.49,25.10,28.20,602700,28.20
2008-12-11,24.60,27.12,24.40,26.40,848000,26.40
2008-12-10,24.61,25.34,24.51,24.85,722100,24.85
2008-12-09,24.29,24.75,23.95,24.40,622900,24.40
2008-12-08,23.40,24.81,23.03,24.66,772700,24.66
2008-12-05,20.70,22.35,19.78,22.35,982500,22.35
2008-12-04,21.71,21.71,20.38,20.54,1171900,20.54
2008-12-03,22.90,22.90,21.03,21.30,664600,21.30
2008-12-02,23.99,23.99,22.40,22.80,817200,22.80
2008-12-01,23.50,23.68,22.56,23.68,290000,23.68
2008-11-28,24.49,26.19,24.01,24.01,713600,24.01
2008-11-27,24.56,25.78,24.49,24.49,225500,24.49
2008-11-26,23.80,25.39,23.60,24.99,911000,24.99
2008-11-25,23.10,24.24,22.91,24.00,767200,24.00
2008-11-24,23.68,24.47,23.12,23.55,779000,23.55
2008-11-21,24.00,24.99,22.37,23.00,530000,23.00
2008-11-19,26.01,26.84,25.39,25.49,691300,25.49
2008-11-18,26.20,27.49,26.00,26.00,613900,26.00
2008-11-17,26.01,27.80,25.31,27.60,351000,27.60
2008-11-14,27.10,27.10,25.15,26.80,408500,26.80
2008-11-13,25.87,27.28,24.85,26.89,623400,26.89
2008-11-12,27.30,27.30,25.61,25.90,868700,25.90
2008-11-11,26.28,28.59,24.92,28.35,662300,28.35
2008-11-10,29.76,30.40,25.70,27.11,653700,27.11
2008-11-07,29.80,30.69,28.51,28.75,976200,28.75
2008-11-06,29.95,30.17,27.61,29.10,453600,29.10
2008-11-05,30.22,31.44,29.40,30.00,648700,30.00
2008-11-04,28.73,30.90,28.73,30.77,574700,30.77
2008-11-03,28.08,29.41,27.61,28.35,458700,28.35
2008-10-31,27.50,29.20,26.50,27.80,643800,27.80
2008-10-30,27.30,28.99,26.40,28.00,843700,28.00
2008-10-29,26.00,27.79,24.56,26.30,815000,26.30
2008-10-28,22.28,25.50,20.26,25.50,642700,25.50
2008-10-27,20.60,21.65,19.00,20.80,726100,20.80
2008-10-24,21.95,21.95,19.20,20.90,544700,20.90
2008-10-23,23.20,25.50,22.13,23.40,815100,23.40
2008-10-22,26.50,27.30,24.00,24.31,813800,24.31
2008-10-21,26.88,29.50,26.11,28.60,596500,28.60
2008-10-20,24.50,27.70,24.45,27.70,685800,27.70
2008-10-17,23.57,25.88,22.86,24.45,974000,24.45
2008-10-16,25.15,25.49,21.80,23.60,1647500,23.60
2008-10-15,29.10,30.50,23.01,24.43,911400,24.43
2008-10-14,30.05,31.86,28.80,30.80,1281700,30.80
2008-10-13,24.15,28.77,23.89,28.50,1438700,28.50
2008-10-10,22.00,23.50,19.54,22.60,1413300,22.60
2008-10-09,26.35,26.40,23.40,24.49,1996400,24.49
2008-10-08,24.81,26.50,23.01,25.00,3125800,25.00
2008-10-07,31.49,32.00,27.10,27.13,2614300,27.13
2008-10-06,33.99,35.00,29.84,31.98,1293700,31.98
2008-10-03,43.61,43.61,39.00,39.00,1012500,39.00
2008-10-02,45.79,46.48,39.64,42.10,1489700,42.10
2008-10-01,45.50,47.20,42.64,47.20,522000,47.20
2008-09-30,41.40,45.94,40.99,45.94,817400,45.94
2008-09-29,46.50,46.72,37.50,41.30,861100,41.30
2008-09-26,45.77,48.50,44.98,48.50,594400,48.50
2008-09-25,43.91,47.30,43.30,47.30,950300,47.30
2008-09-24,44.49,44.89,41.70,43.80,780700,43.80
2008-09-23,46.00,46.90,42.82,43.78,1125700,43.78
2008-09-22,50.47,50.79,45.62,47.20,685200,47.20
2008-09-19,46.50,50.00,46.50,50.00,1363000,50.00
2008-09-18,42.34,42.80,38.40,42.80,1908100,42.80
2008-09-17,45.60,46.44,41.22,42.10,1215400,42.10
2008-09-16,48.70,48.70,45.66,47.35,767000,47.35
2008-09-15,50.50,51.90,48.70,49.30,614500,49.30
2008-09-12,53.50,53.90,51.80,53.84,537100,53.84
2008-09-11,52.39,54.20,50.53,54.20,564100,54.20
2008-09-10,53.00,54.99,51.60,53.30,576000,53.30
2008-09-09,54.85,55.80,51.00,52.01,904400,52.01
2008-09-08,57.00,57.91,53.61,55.80,654200,55.80
2008-09-05,52.80,55.32,52.80,55.00,680000,55.00
2008-09-04,56.04,56.96,53.80,53.80,916400,53.80
2008-09-03,56.99,57.61,54.55,57.00,485700,57.00
2008-09-02,56.15,56.99,55.76,56.96,386200,56.96
2008-09-01,57.79,57.89,56.22,56.92,311100,56.92
2008-08-29,57.80,58.75,57.07,58.15,811100,58.15
2008-08-28,57.35,57.70,56.13,57.70,275600,57.70
2008-08-27,56.02,56.98,55.01,56.50,274600,56.50
2008-08-26,54.50,56.00,54.10,56.00,445600,56.00
2008-08-25,57.50,57.85,54.75,54.75,207600,54.75
2008-08-22,57.70,57.86,56.21,57.52,301100,57.52
2008-08-21,57.80,57.93,56.12,57.72,355500,57.72
2008-08-20,58.00,58.68,56.43,57.80,326800,57.80
2008-08-19,56.29,57.85,54.77,57.60,328900,57.60
2008-08-18,57.50,58.00,54.81,56.02,382700,56.02
2008-08-15,58.02,58.87,55.84,57.00,573500,57.00
2008-08-14,58.65,59.30,57.14,58.20,366500,58.20
2008-08-13,59.79,61.45,58.10,58.30,1041100,58.30
2008-08-12,62.07,63.08,60.05,61.00,1138600,61.00
2008-08-11,62.00,62.51,60.78,62.15,849400,62.15
2008-08-08,60.89,61.85,60.06,61.85,1372000,61.85
2008-08-07,59.00,60.50,58.58,60.30,692900,60.30
2008-08-06,57.94,59.50,56.80,59.50,980800,59.50
2008-08-05,56.50,58.10,56.22,57.00,808000,57.00
2008-08-04,58.01,58.10,56.05,57.20,513200,57.20
2008-08-01,58.76,59.70,57.68,58.79,343700,58.79
2008-07-31,58.99,59.90,58.30,59.00,644700,59.00
2008-07-30,59.89,60.49,58.01,59.10,774100,59.10
2008-07-29,58.13,59.30,57.56,59.25,700600,59.25
2008-07-28,58.40,58.97,57.61,57.99,256100,57.99
2008-07-25,56.98,58.50,55.89,58.30,607900,58.30
2008-07-24,57.00,58.90,55.51,57.20,603500,57.20
2008-07-23,57.90,58.31,57.11,57.32,513000,57.32
2008-07-22,57.60,57.99,55.74,57.54,427800,57.54
2008-07-21,59.34,59.50,57.31,58.50,468100,58.50
2008-07-18,59.16,59.99,56.90,58.50,357300,58.50
2008-07-17,59.99,61.48,57.36,58.95,670600,58.95
2008-07-16,58.10,61.10,58.10,60.00,950500,60.00
2008-07-15,54.90,58.73,54.25,58.10,969000,58.10
2008-07-14,56.00,56.62,54.50,55.80,521000,55.80
2008-07-11,56.15,56.09,53.72,55.83,455000,55.83
2008-07-10,54.19,55.48,53.51,55.00,1268100,55.00
2008-07-08,53.00,55.23,52.50,55.00,581400,55.00
2008-07-07,53.90,54.60,52.65,53.50,732800,53.50
2008-07-04,53.11,55.00,53.02,54.39,385300,54.39
2008-07-03,55.89,56.22,54.00,54.68,677200,54.68
2008-07-02,56.40,56.40,55.00,55.90,759100,55.90
2008-07-01,57.60,57.60,55.50,55.50,707700,55.50
2008-06-30,57.40,58.69,57.02,58.69,922500,58.69
2008-06-27,57.35,57.93,56.50,57.50,660200,57.50
2008-06-26,58.00,58.00,56.50,56.89,1471500,56.89
2008-06-25,57.59,59.98,56.55,59.15,833800,59.15
2008-06-24,57.10,57.90,56.52,57.10,551900,57.10
2008-06-23,57.71,59.00,56.00,58.42,326200,58.42
2008-06-20,58.00,59.51,56.57,57.89,709300,57.89
2008-06-19,61.01,61.01,58.50,58.78,963200,58.78
2008-06-18,62.80,63.05,60.06,60.41,1274000,60.41
2008-06-17,62.49,63.89,62.00,63.48,717600,63.48
2008-06-16,62.26,63.39,61.98,62.30,341500,62.30
2008-06-13,63.00,63.51,61.02,63.40,266700,63.40
2008-06-12,62.00,62.30,60.67,62.20,443800,62.20
2008-06-11,64.00,64.00,60.61,60.70,927600,60.70
2008-06-10,65.00,65.50,63.50,64.25,486700,64.25
2008-06-06,68.00,68.15,64.50,64.55,507300,64.55
2008-06-05,68.40,69.29,67.05,67.51,398400,67.51
2008-06-04,68.50,68.99,67.31,67.31,724100,67.31
2008-06-03,70.10,70.10,68.21,69.95,862100,69.95
2008-06-02,69.00,70.50,67.52,70.50,548500,70.50
2008-05-30,69.60,70.69,67.20,70.43,811300,70.43
2008-05-29,68.70,71.07,66.94,68.99,814000,68.99
2008-05-28,65.50,69.02,64.30,69.02,788600,69.02
2008-05-27,67.40,67.40,64.60,65.00,608600,65.00
2008-05-26,69.00,69.00,66.54,67.40,303100,67.40
2008-05-23,67.00,69.47,66.00,68.50,724500,68.50
2008-05-21,69.40,70.81,66.70,68.20,799500,68.20
2008-05-20,67.09,70.90,66.61,69.50,950300,69.50
2008-05-19,66.30,68.00,65.11,67.90,1019800,67.90
2008-05-16,65.50,66.58,65.50,66.06,1061400,66.06
2008-05-15,63.60,64.51,62.80,64.51,497700,64.51
2008-05-14,63.21,63.68,62.01,63.30,851000,63.30
2008-05-13,64.25,64.25,62.00,63.00,956000,63.00
2008-05-12,63.00,64.00,61.03,64.00,617000,64.00
2008-05-09,62.89,63.18,61.45,62.40,953500,62.40
2008-05-08,62.01,63.90,61.52,62.89,889700,62.89
2008-05-07,64.35,64.69,60.50,62.00,826700,62.00
2008-05-06,64.96,64.99,62.65,63.60,933800,63.60
2008-05-05,65.30,69.79,63.80,65.42,1598200,65.42
2008-05-02,59.85,65.50,58.50,65.10,2627300,65.10
2008-04-30,55.10,55.26,50.04,55.10,1684900,55.10
2008-04-29,52.20,52.75,49.46,49.85,725700,49.85
2008-04-28,53.50,53.90,52.30,53.00,293300,53.00
2008-04-25,52.31,53.51,52.00,52.90,387500,52.90
2008-04-24,51.60,52.69,50.86,51.75,629000,51.75
2008-04-23,53.79,53.95,51.32,51.50,931900,51.50
2008-04-22,54.81,55.48,53.40,53.50,433200,53.50
2008-04-18,57.45,57.57,54.60,54.60,808200,54.60
2008-04-17,57.59,58.79,56.70,57.00,460200,57.00
2008-04-16,56.80,57.89,55.60,57.89,687700,57.89
2008-04-15,56.51,56.70,54.50,55.42,609700,55.42
2008-04-14,59.55,59.55,56.00,56.00,686700,56.00
2008-04-11,59.82,59.84,59.15,59.30,401900,59.30
2008-04-10,60.04,60.77,59.75,59.80,676100,59.80
2008-04-09,61.84,62.99,60.05,60.05,887300,60.05
2008-04-08,61.30,62.00,60.80,62.00,714600,62.00
2008-04-07,63.52,63.88,61.65,61.85,824900,61.85
2008-04-04,65.11,65.54,62.80,62.99,545200,62.99
2008-04-03,62.50,66.20,61.75,64.50,1604000,64.50
2008-04-02,62.00,62.97,61.40,62.75,666600,62.75
2008-04-01,59.80,60.80,59.58,60.75,1365300,60.75
2008-03-31,61.39,61.39,59.00,59.00,757600,59.00
2008-03-28,60.51,61.30,60.15,60.15,298100,60.15
2008-03-27,61.74,62.77,60.50,60.50,501600,60.50
2008-03-26,62.12,62.39,60.61,61.60,700400,61.60
2008-03-25,62.80,63.25,60.81,61.40,862300,61.40
2008-03-20,61.80,63.50,59.66,62.00,945000,62.00
2008-03-19,66.00,66.95,60.75,62.35,1602000,62.35
2008-03-18,63.99,65.79,63.20,65.70,1141000,65.70
2008-03-14,67.80,69.26,64.60,65.50,744800,65.50
2008-03-13,67.90,67.90,65.62,66.50,1604400,66.50
2008-03-12,69.50,70.35,68.52,69.00,654700,69.00
2008-03-11,71.02,71.18,68.61,69.31,1263300,69.31
2008-03-10,73.60,74.50,68.71,69.00,1701400,69.00
2008-03-07,75.00,77.00,72.53,74.40,1641900,74.40
2008-03-06,77.00,77.59,75.60,76.25,648000,76.25
2008-03-05,78.90,78.90,75.90,77.70,681600,77.70
2008-03-04,74.20,77.60,72.10,77.60,1037300,77.60
2008-03-03,71.75,74.50,71.60,74.30,1022400,74.30
2008-02-29,69.79,71.90,69.40,71.00,1431500,71.00
2008-02-28,72.20,72.20,70.04,70.31,915600,70.31
2008-02-27,73.90,74.40,72.33,72.50,676900,72.50
2008-02-26,74.50,74.80,71.53,74.80,606900,74.80
2008-02-25,75.89,76.50,73.73,74.74,706100,74.74
2008-02-22,74.20,76.19,73.50,75.90,593000,75.90
2008-02-21,73.90,74.49,72.15,74.47,689600,74.47
2008-02-20,69.45,73.31,68.31,73.31,472500,73.31
2008-02-19,70.80,72.00,69.50,70.30,548800,70.30
2008-02-18,67.81,70.70,67.00,70.40,278600,70.40
2008-02-15,67.90,67.90,65.05,66.45,1165700,66.45
2008-02-14,72.60,72.80,68.01,68.25,779800,68.25
2008-02-13,71.30,74.37,70.50,71.80,1112900,71.80
2008-02-12,68.00,72.70,67.40,71.80,1044200,71.80
2008-02-11,66.10,67.60,64.00,67.41,810900,67.41
2008-02-08,61.31,66.00,60.56,66.00,1085700,66.00
2008-02-07,60.80,61.30,59.60,60.99,724200,60.99
2008-02-06,62.84,63.06,60.61,61.01,338100,61.01
2008-02-01,63.80,65.00,62.50,64.60,828900,64.60
2008-01-31,64.50,64.50,62.51,62.51,870900,62.51
2008-01-30,65.80,66.80,64.62,66.40,449000,66.40
2008-01-29,67.99,67.99,65.75,66.99,559700,66.99
2008-01-28,64.74,67.10,63.50,67.10,760800,67.10
2008-01-24,65.80,66.65,63.68,66.65,722600,66.65
2008-01-23,63.66,63.66,61.01,63.50,631700,63.50
2008-01-22,62.00,66.79,61.25,64.60,879000,64.60
2008-01-21,63.97,63.97,59.17,62.49,765100,62.49
2008-01-18,67.94,67.94,63.31,67.00,736100,67.00
2008-01-17,69.16,70.54,64.32,66.48,1092800,66.48
2008-01-16,67.10,69.90,66.00,69.90,901100,69.90
2008-01-15,69.00,69.00,66.21,68.80,1018200,68.80
2008-01-14,70.20,70.87,69.60,70.40,714900,70.40
2008-01-11,70.39,70.48,68.80,69.99,629300,69.99
2008-01-10,70.99,71.70,69.22,71.00,942400,71.00
2008-01-09,69.50,70.40,68.40,70.00,535100,70.00
2008-01-08,71.58,71.58,68.25,69.97,935100,69.97
2008-01-07,75.60,75.60,71.00,71.00,794100,71.00
2008-01-04,76.77,77.90,74.00,75.50,700900,75.50
2008-01-03,73.01,76.50,73.00,76.39,1042500,76.39
2008-01-02,71.02,73.25,71.02,72.75,958800,72.75
2007-12-28,72.90,72.90,70.32,71.00,1731600,71.00
2007-12-27,70.50,70.78,69.90,70.31,961100,70.31
2007-12-26,69.99,70.59,69.51,70.25,774300,70.25
2007-12-21,71.00,71.60,69.35,69.35,1106200,69.35
2007-12-20,70.89,71.50,69.01,69.90,1254900,69.90
2007-12-19,71.02,73.39,69.01,69.85,1536000,69.85
2007-12-18,73.71,74.00,69.25,71.30,1210000,71.30
2007-12-17,77.00,77.70,72.01,72.50,629800,72.50
2007-12-14,80.00,80.00,77.60,78.20,738400,78.20
2007-12-13,80.02,81.50,79.00,79.50,393300,79.50
2007-12-12,80.79,83.16,79.23,82.32,905200,82.32
2007-12-11,82.00,82.50,79.00,80.79,655200,80.79
2007-12-10,82.96,83.26,81.35,81.49,383700,81.49
2007-12-07,84.00,84.00,81.51,82.70,539700,82.70
2007-12-06,84.00,84.33,83.00,83.60,651200,83.60
2007-12-05,81.39,83.10,80.34,83.10,823100,83.10
2007-12-04,79.69,80.20,78.20,79.50,456000,79.50
2007-12-03,81.00,81.25,80.40,80.51,296900,80.51
2007-11-30,80.35,82.70,80.00,81.00,484700,81.00
2007-11-29,76.10,80.33,76.00,78.90,464500,78.90
2007-11-28,76.43,78.00,74.70,78.00,724500,78.00
2007-11-27,75.00,75.01,73.00,74.50,679800,74.50
2007-11-26,79.51,79.90,75.12,75.50,579000,75.50
2007-11-23,79.50,80.00,78.01,78.91,258400,78.91
2007-11-22,79.71,79.80,76.01,79.00,234400,79.00
2007-11-21,79.31,80.03,78.10,79.55,659000,79.55
2007-11-19,83.40,83.40,80.40,81.30,423400,81.30
2007-11-16,80.89,84.50,80.51,84.50,624100,84.50
2007-11-14,80.00,82.00,79.50,80.99,953600,80.99
2007-11-13,83.65,84.20,78.51,78.60,1560800,78.60
2007-11-12,83.00,84.98,82.21,83.25,510300,83.25
2007-11-09,83.25,85.00,81.60,85.00,957000,85.00
2007-11-08,89.42,89.42,81.60,81.60,769700,81.60
2007-11-07,92.50,92.50,88.45,88.80,815600,88.80
2007-11-06,92.00,93.20,91.50,92.60,375200,92.60
2007-11-05,91.00,91.40,89.02,91.36,487700,91.36
2007-11-01,92.10,92.48,90.00,91.40,551600,91.40
2007-10-31,92.99,94.90,91.56,93.89,389300,93.89
2007-10-30,92.48,94.00,91.52,92.20,360100,92.20
2007-10-29,90.65,93.88,90.65,92.90,427500,92.90
2007-10-26,89.29,91.43,89.20,91.20,299300,91.20
2007-10-25,89.74,89.74,86.82,88.90,324300,88.90
2007-10-24,88.79,89.60,86.87,89.60,342500,89.60
2007-10-23,88.82,89.70,88.00,89.65,384300,89.65
2007-10-22,86.02,87.48,84.70,87.48,898100,87.48
2007-10-19,89.37,89.40,86.03,87.23,508700,87.23
2007-10-18,86.00,89.99,84.60,89.93,534100,89.93
2007-10-17,85.90,87.50,84.15,87.50,923100,87.50
2007-10-16,85.73,86.89,84.50,84.52,586800,84.52
2007-10-15,88.35,88.35,84.30,87.49,1206400,87.49
2007-10-11,89.90,90.50,84.50,86.00,618300,86.00
2007-10-10,91.00,91.68,88.36,88.64,504300,88.64
2007-10-09,89.79,92.00,88.04,92.00,691700,92.00
2007-10-08,88.75,90.00,87.00,90.00,510100,90.00
2007-10-05,88.60,90.00,87.20,88.75,629900,88.75
2007-10-04,84.01,88.17,83.17,88.17,493800,88.17
2007-10-03,86.00,88.00,83.11,84.00,578600,84.00
2007-10-02,89.50,89.50,87.05,87.05,590100,87.05
2007-10-01,86.99,89.99,86.70,89.99,609300,89.99
2007-09-28,86.28,86.50,84.71,86.50,915100,86.50
2007-09-27,81.99,86.99,81.90,86.99,900900,86.99
2007-09-26,81.29,81.97,80.01,81.90,588100,81.90
2007-09-25,79.60,80.79,78.62,80.70,446500,80.70
2007-09-24,81.40,81.40,78.16,80.40,605400,80.40
2007-09-21,81.70,83.30,79.52,80.56,544600,80.56
2007-09-20,81.90,82.49,80.18,81.95,786000,81.95
2007-09-19,78.50,81.00,78.16,81.00,902400,81.00
2007-09-18,75.00,78.00,73.86,78.00,828800,78.00
2007-09-17,74.90,77.00,73.90,74.20,486800,74.20
2007-09-14,75.83,76.90,74.50,76.90,498600,76.90
2007-09-13,74.98,76.40,74.60,76.00,723200,76.00
2007-09-12,73.50,75.40,73.15,74.93,369600,74.93
2007-09-11,72.01,74.00,71.61,74.00,386200,74.00
2007-09-10,71.00,72.01,70.11,71.98,377600,71.98
2007-09-06,75.01,76.39,73.00,73.00,284800,73.00
2007-09-05,75.20,76.89,74.90,74.90,457200,74.90
2007-09-04,77.00,77.49,75.29,76.90,496000,76.90
2007-09-03,75.00,77.00,74.98,77.00,227800,77.00
2007-08-31,73.86,75.50,72.25,75.50,1305200,75.50
2007-08-30,72.00,73.85,70.10,72.25,1129600,72.25
2007-08-29,72.00,72.79,71.40,72.20,485100,72.20
2007-08-28,73.95,73.95,71.35,71.40,290500,71.40
2007-08-27,73.99,75.84,73.70,74.85,215200,74.85
2007-08-24,71.52,74.40,69.50,74.40,696000,74.40
2007-08-23,74.00,75.10,71.75,71.80,607900,71.80
2007-08-22,70.78,74.00,70.78,74.00,774500,74.00
2007-08-21,69.15,71.00,67.24,69.99,993100,69.99
2007-08-20,70.00,71.99,67.22,68.60,745300,68.60
2007-08-17,72.55,73.00,64.00,69.75,1425400,69.75
2007-08-16,68.00,70.00,59.51,70.00,1387300,70.00
2007-08-15,76.00,76.98,71.01,72.01,1155600,72.01
2007-08-14,81.00,81.80,76.31,77.98,775500,77.98
2007-08-13,82.70,82.79,79.60,81.00,427000,81.00
2007-08-10,81.13,82.39,78.90,81.00,497200,81.00
2007-08-09,84.00,84.00,82.11,83.20,479300,83.20
2007-08-08,85.00,86.99,83.70,85.50,360000,85.50
2007-08-07,81.20,84.00,80.21,84.00,534400,84.00
2007-08-06,79.00,81.20,76.60,81.20,653400,81.20
2007-08-03,81.24,81.50,78.10,79.90,460800,79.90
2007-08-02,81.44,81.80,79.53,81.00,269300,81.00
2007-08-01,78.37,81.67,76.60,81.67,748900,81.67
2007-07-31,83.30,83.75,79.00,79.00,948800,79.00
2007-07-30,82.80,83.50,82.02,82.80,628700,82.80
2007-07-27,82.99,84.02,81.73,83.00,499900,83.00
2007-07-26,83.90,84.11,80.79,83.89,715600,83.89
2007-07-25,86.73,87.00,82.20,86.36,1062600,86.36
2007-07-24,88.90,88.90,83.69,85.80,539700,85.80
2007-07-23,85.50,89.50,85.50,89.20,910100,89.20
2007-07-20,86.97,87.00,84.52,84.65,431800,84.65
2007-07-19,87.09,87.45,86.21,87.00,292600,87.00
2007-07-18,86.50,86.50,84.70,86.50,466100,86.50
2007-07-17,87.50,89.88,86.56,87.20,419100,87.20
2007-07-16,87.00,88.65,86.34,88.40,372500,88.40
2007-07-13,86.00,89.00,84.69,89.00,441400,89.00
2007-07-12,87.50,87.50,85.09,86.39,383000,86.39
2007-07-11,87.97,88.50,86.15,86.20,476700,86.20
2007-07-10,88.00,88.00,85.91,87.97,375800,87.97
2007-07-09,88.00,88.00,88.00,88.00,000,88.00
2007-07-06,88.00,88.00,88.00,88.00,545100,88.00
2007-07-05,82.87,85.70,82.48,85.70,724100,85.70
2007-07-04,83.60,84.20,83.01,83.70,176500,83.70
2007-07-03,82.50,83.89,82.00,83.89,451700,83.89
2007-07-02,80.97,82.48,80.79,82.48,494200,82.48
2007-06-29,81.63,82.30,80.00,80.30,292000,80.30
2007-06-28,80.71,81.64,80.23,81.20,350800,81.20
2007-06-27,79.01,81.20,79.01,81.19,299000,81.19
2007-06-26,80.22,81.19,79.10,80.00,181400,80.00
2007-06-25,80.16,81.09,78.60,80.00,470800,80.00
2007-06-22,81.00,81.49,80.20,80.62,348600,80.62
2007-06-21,81.49,82.00,80.10,82.00,587800,82.00
2007-06-20,83.85,83.85,80.10,80.10,534700,80.10
2007-06-19,82.31,83.69,81.81,82.90,368800,82.90
2007-06-18,83.96,84.30,82.60,83.27,291000,83.27
2007-06-15,81.00,83.80,80.90,83.51,696900,83.51
2007-06-14,79.00,80.80,78.64,80.77,430800,80.77
2007-06-13,77.26,79.29,77.00,79.20,468000,79.20
2007-06-12,78.03,79.10,76.40,76.90,430100,76.90
2007-06-11,79.60,79.89,78.41,78.97,463700,78.97
2007-06-08,77.99,79.38,76.02,78.97,1151000,78.97
2007-06-07,78.90,78.90,78.90,78.90,000,78.90
2007-06-06,80.31,80.98,78.26,78.90,521800,78.90
2007-06-05,81.88,82.50,80.22,81.21,336900,81.21
2007-06-04,82.08,82.70,81.32,82.13,366900,82.13
2007-06-01,81.51,82.85,80.99,82.79,525000,82.79
2007-05-31,81.89,83.00,80.55,82.00,592000,82.00
2007-05-30,78.65,81.99,78.30,81.70,819100,81.70
2007-05-29,79.98,81.79,78.20,80.80,385900,80.80
2007-05-28,80.20,82.00,80.20,81.20,234400,81.20
2007-05-25,77.86,80.70,76.31,80.70,375000,80.70
2007-05-24,76.80,78.00,74.00,76.99,487700,76.99
2007-05-23,79.89,79.89,76.00,76.80,722900,76.80
2007-05-22,79.69,80.10,78.49,78.49,261800,78.49
2007-05-21,79.03,79.78,78.00,79.78,473100,79.78
2007-05-18,78.30,78.50,76.03,78.50,662400,78.50
2007-05-17,78.71,78.83,77.61,77.61,659400,77.61
2007-05-16,78.24,80.00,77.50,79.15,903400,79.15
2007-05-15,80.01,80.20,78.00,78.00,553700,78.00
2007-05-14,82.84,82.84,78.82,80.00,421600,80.00
2007-05-11,82.30,84.49,81.50,81.81,749600,81.81
2007-05-10,82.79,82.98,81.60,81.90,425600,81.90
2007-05-09,81.50,83.20,80.56,83.20,766100,83.20
2007-05-08,79.00,83.40,78.52,82.00,686400,82.00
2007-05-07,77.51,80.20,77.51,79.99,557700,79.99
2007-05-04,79.20,79.20,78.13,79.10,385800,79.10
2007-05-03,77.80,79.19,77.21,78.40,440100,78.40
2007-05-02,72.81,77.80,72.81,77.80,1013300,77.80
2007-05-01,72.52,72.52,72.52,72.52,000,72.52
2007-04-30,74.50,75.00,72.52,72.52,291100,72.52
2007-04-27,72.50,74.97,70.99,74.97,477900,74.97
2007-04-26,72.20,73.21,72.00,72.90,746000,72.90
2007-04-25,70.31,72.40,70.30,72.00,561800,72.00
2007-04-24,70.80,71.85,69.85,70.20,905500,70.20
2007-04-23,71.78,71.92,70.03,71.00,325100,71.00
2007-04-20,72.30,72.78,71.50,71.50,925600,71.50
2007-04-19,70.60,71.70,69.00,71.20,609700,71.20
2007-04-18,72.61,73.14,71.50,71.50,573700,71.50
2007-04-17,73.65,73.96,72.55,73.49,609200,73.49
2007-04-16,73.69,73.89,72.91,73.50,541600,73.50
2007-04-13,71.60,73.60,71.50,73.60,549000,73.60
2007-04-12,71.67,71.67,70.41,71.60,363800,71.60
2007-04-11,71.18,71.79,69.81,71.40,354300,71.40
2007-04-10,71.99,71.99,70.35,71.20,350500,71.20
2007-04-09,72.49,73.90,71.60,71.80,331300,71.80
2007-04-06,72.40,72.40,72.40,72.40,000,72.40
2007-04-05,71.99,73.60,71.43,72.40,289800,72.40
2007-04-04,71.87,72.88,71.57,72.00,1013500,72.00
2007-04-03,70.53,72.00,70.03,71.20,637200,71.20
2007-04-02,69.00,71.25,68.21,70.50,680500,70.50
2007-03-30,68.20,69.40,67.51,69.40,870000,69.38
2007-03-29,68.65,68.80,66.31,68.79,627900,68.77
2007-03-28,69.50,69.50,66.80,67.01,842700,66.99
2007-03-27,70.50,71.05,69.62,69.95,359500,69.93
2007-03-26,70.50,71.99,69.62,70.50,370400,70.48
2007-03-23,71.80,72.99,70.20,71.80,526100,71.78
2007-03-22,71.51,71.89,70.14,71.80,528300,71.78
2007-03-21,69.50,71.80,68.30,71.80,921100,71.78
2007-03-20,70.79,71.47,69.50,69.50,671700,69.48
2007-03-19,68.30,71.37,67.56,70.62,668800,70.60
2007-03-16,67.15,69.50,66.70,67.35,415900,67.33
2007-03-15,68.20,69.80,67.50,69.15,734600,69.13
2007-03-14,66.89,69.30,66.00,69.30,535900,69.28
2007-03-13,70.79,70.79,66.25,68.00,858600,67.98
2007-03-12,70.87,71.88,69.31,71.56,989400,71.54
2007-03-09,67.40,71.00,67.30,71.00,823700,70.98
2007-03-08,65.85,66.90,65.50,66.50,473400,66.48
2007-03-07,68.00,68.00,64.85,64.99,674500,64.97
2007-03-06,65.20,67.50,64.30,67.50,820700,67.48
2007-03-05,66.15,66.15,63.18,63.99,943300,63.97
2007-03-02,67.31,68.59,66.07,67.75,1481200,67.73
2007-03-01,68.00,69.20,66.21,69.20,1475100,69.18
2007-02-28,71.81,71.88,69.00,69.90,880300,69.88
2007-02-27,71.80,72.00,67.02,72.00,1042600,71.98
2007-02-26,74.00,74.00,72.13,74.00,600600,73.97
2007-02-23,71.87,74.20,71.50,73.60,1223600,73.57
2007-02-22,69.99,71.88,69.99,71.88,255200,71.86
2007-02-21,67.96,71.00,66.80,71.00,323400,70.98
2007-02-20,68.60,68.60,68.60,68.60,000,68.58
2007-02-19,68.60,68.60,68.60,68.60,000,68.58
2007-02-16,69.40,69.89,67.81,68.60,295400,68.58
2007-02-15,69.80,69.90,68.20,69.10,317800,69.08
2007-02-14,69.00,69.90,67.40,69.90,532900,69.88
2007-02-13,69.79,69.81,68.33,68.35,577100,68.33
2007-02-12,70.00,70.99,68.01,69.70,426500,69.68
2007-02-09,67.51,70.17,67.02,70.17,381800,70.15
2007-02-08,68.92,69.37,66.59,67.80,411200,67.78
2007-02-07,69.51,69.70,67.30,69.00,496800,68.98
2007-02-06,70.21,71.94,69.25,69.90,445800,69.88
2007-02-05,68.01,71.50,68.00,70.40,422700,70.38
2007-02-02,67.39,68.88,66.26,68.50,509800,68.48
2007-02-01,65.00,67.98,65.00,67.98,1106800,67.96
2007-01-31,63.50,64.90,62.55,64.50,633300,64.48
2007-01-30,62.33,63.40,61.51,63.11,573000,63.09
2007-01-29,64.01,64.01,61.51,62.35,390100,62.33
2007-01-26,64.57,65.80,63.45,64.00,439800,63.98
2007-01-25,64.80,64.80,64.80,64.80,000,64.78
2007-01-24,65.90,66.90,64.16,64.80,820000,64.78
2007-01-23,65.01,65.90,63.71,65.90,469400,65.88
2007-01-22,64.99,65.90,63.70,64.60,682200,64.58
2007-01-19,65.10,65.30,62.50,64.35,857000,64.33
2007-01-18,66.94,68.99,63.50,65.00,546200,64.98
2007-01-17,65.15,66.01,64.00,65.50,746900,65.48
2007-01-16,72.79,73.45,69.37,73.00,604600,72.97
2007-01-15,71.99,73.68,71.30,73.00,229000,72.97
2007-01-12,70.40,71.90,69.11,71.90,552600,71.88
2007-01-11,69.30,70.50,68.51,69.20,464200,69.18
2007-01-10,69.54,71.00,67.32,69.00,618600,68.98
2007-01-09,69.30,70.70,67.80,68.70,1064700,68.68
2007-01-08,69.00,70.99,66.70,69.05,726600,69.03
2007-01-05,72.20,74.50,68.26,69.75,1017600,69.73
2007-01-04,71.00,74.00,70.30,74.00,376600,73.97
2007-01-03,71.00,72.70,69.01,71.50,382400,71.48
2007-01-02,69.91,73.97,69.91,72.50,454300,72.47
2007-01-01,69.99,69.99,69.99,69.99,000,69.97
2006-12-29,69.99,69.99,69.99,69.99,000,69.97
2006-12-28,69.30,70.40,68.00,69.99,541500,69.97
2006-12-27,67.50,68.79,66.70,68.79,332400,68.77
2006-12-26,67.00,68.35,66.66,67.30,133300,67.28
2006-12-25,67.00,67.00,67.00,67.00,000,66.98
2006-12-22,67.00,67.40,65.99,67.00,63200,66.98
2006-12-21,67.10,67.90,66.50,67.00,335900,66.98
2006-12-20,66.80,67.50,65.30,66.75,599300,66.73
2006-12-19,67.00,67.50,66.55,67.00,264600,66.98
2006-12-18,68.00,68.40,66.50,68.35,591100,68.33
2006-12-15,67.00,68.47,66.20,68.47,583300,68.45
2006-12-14,67.50,67.50,65.00,67.40,684000,67.38
2006-12-13,65.02,67.32,65.00,67.00,658000,66.98
2006-12-12,64.50,65.89,63.45,65.00,809800,64.98
2006-12-11,65.50,66.50,63.51,64.50,693700,64.48
2006-12-08,66.41,67.00,65.16,65.60,699000,65.58
2006-12-07,68.42,68.98,64.10,67.40,620800,67.38
2006-12-06,69.89,69.89,67.20,68.40,175600,68.38
2006-12-05,69.99,70.69,68.51,70.00,286100,69.98
2006-12-04,66.05,70.00,65.00,70.00,640300,69.98
2006-12-01,64.50,67.15,63.90,66.50,820300,66.48
2006-11-30,65.50,65.50,63.21,64.30,223800,64.28
2006-11-29,65.50,65.60,64.10,64.80,345100,64.78
2006-11-28,62.50,65.90,61.27,64.75,1198400,64.73
2006-11-27,64.20,67.26,62.00,62.75,1083600,62.73
2006-11-24,62.00,65.79,61.20,64.99,1172000,64.97
2006-11-23,62.50,65.50,60.11,60.80,4439900,60.78
2006-11-22,50.50,52.95,50.50,52.50,892000,52.48
2006-11-21,48.51,50.80,48.18,50.00,800200,49.98
2006-11-20,48.40,48.40,48.40,48.40,000,48.38
2006-11-17,48.49,49.00,47.71,48.40,308500,48.38
2006-11-16,47.49,49.00,47.45,48.00,595600,47.98
2006-11-15,47.20,47.20,47.20,47.20,000,47.18
2006-11-14,46.94,47.49,46.56,47.20,436900,47.18
2006-11-13,46.31,47.40,45.05,46.50,461000,46.48
2006-11-10,46.30,46.65,45.00,46.00,297700,45.98
2006-11-09,47.82,48.15,45.80,46.05,386200,46.03
2006-11-08,47.39,47.90,46.14,47.75,1113000,47.73
2006-11-07,46.50,47.51,45.46,47.50,928400,47.48
2006-11-06,46.05,46.72,44.20,46.50,708000,46.48
2006-11-03,45.11,45.90,44.04,45.15,427500,45.13
2006-11-02,45.01,45.01,45.01,45.01,000,44.99
2006-11-01,43.95,45.99,43.95,45.01,612400,44.99
2006-10-31,42.60,44.20,42.60,43.75,629700,43.73
2006-10-30,42.20,42.84,42.18,42.20,451800,42.19
2006-10-27,42.54,42.82,41.69,41.90,593800,41.89
2006-10-26,43.94,44.01,42.10,42.60,358600,42.59
2006-10-25,44.51,44.79,42.81,43.94,488000,43.92
2006-10-24,42.05,44.40,42.05,44.00,1101600,43.98
2006-10-23,41.09,42.02,40.55,42.00,588500,41.99
2006-10-20,40.10,41.20,40.00,40.55,839900,40.54
2006-10-19,41.69,41.69,39.79,39.86,802900,39.85
2006-10-18,41.71,42.03,41.01,41.40,415400,41.39
2006-10-17,41.10,41.78,40.65,41.35,491500,41.34
2006-10-16,41.50,41.98,40.90,41.25,356500,41.24
2006-10-13,40.10,41.50,39.89,41.38,598600,41.37
2006-10-12,39.61,39.61,39.61,39.61,000,39.60
2006-10-11,39.95,39.95,39.03,39.61,474300,39.60
2006-10-10,40.40,41.16,38.99,39.99,922700,39.98
2006-10-09,39.24,39.70,39.14,39.70,6400,39.69
2006-10-06,40.10,40.10,38.59,39.06,1023700,39.05
2006-10-05,41.20,41.80,39.50,40.00,2129100,39.99
2006-10-04,42.72,43.59,41.40,42.75,608400,42.74
2006-10-03,42.90,43.79,42.00,42.00,240900,41.99
2006-10-02,42.99,43.95,42.55,43.45,667100,43.43
2006-09-29,44.40,44.40,41.10,42.50,622900,42.49
2006-09-28,43.40,44.20,43.11,43.60,685000,43.58
2006-09-27,45.00,45.00,43.00,43.60,728000,43.58
2006-09-26,41.90,44.40,41.60,44.40,507000,44.38
2006-09-25,41.80,41.80,39.20,41.50,305800,41.49
2006-09-22,42.00,42.39,40.10,40.99,276000,40.98
2006-09-21,43.00,43.00,41.22,41.50,283300,41.49
2006-09-20,43.48,44.08,42.50,42.98,321400,42.97
2006-09-19,43.80,44.40,42.60,43.00,246600,42.99
2006-09-18,45.00,45.10,43.49,43.99,449000,43.97
2006-09-15,45.40,45.41,44.39,44.49,847100,44.47
2006-09-14,46.68,46.68,44.95,45.21,136300,45.19
2006-09-13,46.00,46.67,45.80,46.20,429800,46.18
2006-09-12,46.20,46.20,44.65,45.20,248100,45.18
2006-09-11,47.00,47.00,45.59,45.59,147600,45.57
2006-09-08,47.00,48.00,46.70,47.50,312900,47.48
2006-09-07,47.40,47.40,47.40,47.40,000,47.38
2006-09-06,46.23,47.40,46.23,47.40,211500,47.38
2006-09-05,46.25,47.48,45.60,46.80,417900,46.78
2006-09-04,45.20,46.49,44.85,46.23,272600,46.21
2006-09-01,43.80,45.21,43.70,45.20,594300,45.18
2006-08-31,44.24,44.80,43.80,43.80,428600,43.78
2006-08-30,44.90,44.90,42.49,44.60,240000,44.58
2006-08-29,43.95,44.19,42.90,44.19,159700,44.17
2006-08-28,43.40,43.99,43.00,43.50,67500,43.48
2006-08-25,42.80,43.50,42.30,43.50,218500,43.48
2006-08-24,42.10,42.94,40.63,42.50,389600,42.49
2006-08-23,42.48,43.00,41.03,42.00,278100,41.99
2006-08-22,41.52,42.60,41.00,42.20,234800,42.19
2006-08-21,43.18,43.18,41.24,41.50,169100,41.49
2006-08-18,43.44,43.44,42.45,43.30,106700,43.28
2006-08-17,44.01,44.50,42.51,44.00,351000,43.98
2006-08-16,44.70,45.40,43.51,44.47,395400,44.45
2006-08-15,42.50,44.59,42.50,44.20,579100,44.18
2006-08-14,41.68,43.20,41.65,42.85,448300,42.84
2006-08-11,41.50,41.99,40.25,41.60,162300,41.59
2006-08-10,40.00,41.60,39.85,41.55,826300,41.54
2006-08-09,39.51,40.85,39.49,40.01,1055100,40.00
2006-08-08,38.72,39.98,38.50,39.00,861100,38.99
2006-08-07,37.50,38.49,37.49,38.49,457400,38.48
2006-08-04,38.29,38.88,37.00,37.20,905500,37.19
2006-08-03,38.39,38.99,37.50,37.75,397700,37.74
2006-08-02,38.85,40.00,38.35,38.35,866600,38.34
2006-08-01,41.50,41.55,38.60,39.15,541800,39.14
2006-07-31,41.59,41.60,40.60,40.95,119700,40.94
2006-07-28,40.40,41.80,40.40,41.80,318400,41.79
2006-07-27,40.00,40.80,40.00,40.40,106500,40.39
2006-07-26,39.50,40.50,39.01,39.70,216800,39.69
2006-07-25,40.29,40.48,38.51,39.90,155600,39.89
2006-07-24,40.98,40.98,39.85,39.99,288800,39.98
2006-07-21,40.30,41.00,38.50,40.00,373600,39.99
2006-07-20,41.02,41.79,39.50,40.20,821000,40.19
2006-07-19,38.50,40.66,38.00,40.00,1529300,39.99
2006-07-18,39.19,39.30,37.20,37.99,991100,37.98
2006-07-17,40.30,40.30,37.70,38.05,230700,38.04
2006-07-14,41.10,41.10,39.51,39.90,63200,39.89
2006-07-13,42.00,42.30,41.02,41.10,39000,41.09
2006-07-12,43.49,43.49,42.00,42.60,114200,42.59
2006-07-11,44.49,44.51,42.52,42.98,230400,42.97
2006-07-10,45.01,46.00,43.70,44.50,274600,44.48
2006-07-07,44.40,46.45,44.40,45.00,343700,44.98
2006-07-06,45.35,45.39,44.06,44.41,200500,44.39
2006-07-05,45.00,45.00,43.50,44.00,57300,43.98
2006-07-04,43.50,46.00,43.50,46.00,53200,45.98
2006-07-03,44.90,45.00,43.00,43.20,130100,43.19
2006-06-30,43.50,43.98,43.01,43.49,123600,43.42
2006-06-29,41.00,43.00,41.00,43.00,521700,42.93
2006-06-28,42.55,42.55,40.01,40.80,36300,40.74
2006-06-27,42.11,43.49,41.00,41.70,59600,41.64
2006-06-26,43.35,43.50,43.20,43.50,67100,43.43
2006-06-23,43.30,43.49,42.51,43.35,187000,43.28
2006-06-22,43.00,44.10,42.80,43.60,131000,43.53
2006-06-21,40.57,43.00,40.57,43.00,492000,42.93
2006-06-20,41.10,41.80,39.01,40.90,336800,40.84
2006-06-19,43.50,44.00,40.80,41.40,119000,41.34
2006-06-16,39.80,44.00,39.80,43.50,475800,43.43
2006-06-15,38.99,38.99,38.99,38.99,000,38.93
2006-06-14,36.30,38.99,35.95,38.99,643500,38.93
2006-06-13,38.51,39.50,34.50,35.30,567600,35.25
2006-06-12,40.02,40.90,38.05,39.01,259100,38.95
2006-06-09,41.00,41.90,40.00,40.00,257700,39.94
2006-06-08,40.79,41.00,38.70,39.50,679400,39.44
2006-06-07,43.11,43.30,41.32,41.32,315300,41.26
2006-06-06,42.50,44.50,42.00,43.58,367200,43.51
2006-06-05,44.51,45.49,42.55,43.50,1116300,43.43
2006-06-02,47.57,47.90,44.50,44.50,168900,44.43
2006-06-01,46.97,48.30,45.30,45.56,187300,45.49
2006-05-31,46.50,48.00,44.03,46.97,726500,46.90
2006-05-30,47.21,47.21,45.00,45.99,420800,45.92
2006-05-29,47.00,48.10,45.90,47.21,31200,47.14
2006-05-26,44.50,48.30,44.49,47.50,492700,47.43
2006-05-25,41.51,43.89,40.00,43.89,358200,43.82
2006-05-24,40.00,43.10,37.80,39.50,652900,39.44
2006-05-23,41.98,43.30,41.01,41.60,598000,41.54
2006-05-22,44.50,44.50,39.50,40.48,1079200,40.42
2006-05-19,45.50,45.50,43.00,44.50,701900,44.43
2006-05-18,46.10,46.20,44.51,44.51,237400,44.44
2006-05-17,48.50,48.50,44.52,46.00,285200,45.93
2006-05-16,48.01,50.00,46.75,47.80,135800,47.73
2006-05-15,47.01,50.50,46.75,48.00,618600,47.93
2006-05-12,52.60,52.60,50.00,50.00,297000,49.92
2006-05-11,54.79,54.79,52.80,53.00,158500,52.92
2006-05-10,55.50,55.50,54.00,54.00,195400,53.92
2006-05-09,55.50,55.59,54.75,54.99,205000,54.91
2006-05-08,53.20,55.65,53.10,55.00,291000,54.92
2006-05-05,52.50,53.88,52.50,53.20,128400,53.12
2006-05-04,53.90,54.79,52.20,52.50,261900,52.42
2006-05-03,55.02,55.20,54.70,55.00,572100,54.92
2006-05-02,56.00,56.10,55.30,55.55,134900,55.46
2006-05-01,56.50,56.50,56.50,56.50,000,56.41
2006-04-28,55.47,56.73,53.80,56.50,157500,56.41
2006-04-27,55.00,55.80,54.80,55.40,60200,55.31
2006-04-26,56.60,57.05,55.00,56.95,80300,56.86
2006-04-25,56.00,56.60,54.79,56.60,224200,56.51
2006-04-24,53.95,56.00,53.65,55.75,160100,55.66
2006-04-21,53.95,53.95,53.95,53.95,000,53.87
2006-04-20,53.75,54.00,53.00,53.95,215900,53.87
2006-04-19,54.49,54.50,52.90,53.45,471800,53.37
2006-04-18,54.40,55.00,53.75,53.85,278900,53.77
2006-04-17,55.50,55.50,53.75,53.75,301800,53.67
2006-04-14,55.20,55.20,55.20,55.20,000,55.11
2006-04-13,54.00,55.60,54.00,55.20,699600,55.11
2006-04-12,54.31,54.31,51.00,54.00,656800,53.92
2006-04-11,56.80,57.00,54.80,54.90,82800,54.82
2006-04-10,56.56,57.00,55.70,56.10,105700,56.01
2006-04-07,57.50,58.11,56.76,57.10,861200,57.01
2006-04-06,58.00,58.25,57.00,58.01,348100,57.92
2006-04-05,57.99,59.00,57.60,58.00,499500,57.91
2006-04-04,57.39,58.90,57.00,58.00,566800,57.91
2006-04-03,55.40,57.50,55.40,57.40,753000,57.31
2006-03-31,52.50,55.95,52.50,55.95,439300,55.86
2006-03-30,52.95,53.45,51.50,52.49,273600,52.41
2006-03-29,51.99,52.89,51.00,52.25,73100,52.17
2006-03-28,52.50,52.61,51.00,52.61,201500,52.53
2006-03-27,53.50,53.98,52.45,53.10,244500,53.02
2006-03-24,51.10,53.45,50.96,53.21,417000,53.13
2006-03-23,51.01,51.60,50.31,50.96,90500,50.88
2006-03-22,49.99,51.55,49.99,50.85,174100,50.77
2006-03-21,49.72,50.45,48.60,49.51,113500,49.43
2006-03-20,50.10,51.00,49.72,49.72,134700,49.64
2006-03-17,51.50,51.97,48.60,50.30,209500,50.22
2006-03-16,50.15,51.90,50.15,51.10,141400,51.02
2006-03-15,50.00,50.98,49.30,50.49,162300,50.41
2006-03-14,51.50,51.50,49.40,50.00,90400,49.92
2006-03-13,52.00,53.66,50.30,51.50,171300,51.42
2006-03-10,50.90,52.49,50.60,51.89,160400,51.81
2006-03-09,48.60,51.00,48.50,50.00,235900,49.92
2006-03-08,47.80,49.00,46.51,48.10,155000,48.03
2006-03-07,52.00,52.00,47.98,49.25,351100,49.17
2006-03-06,54.30,54.50,51.08,51.08,74200,51.00
2006-03-03,54.60,54.70,53.70,54.00,62600,53.92
2006-03-02,55.00,55.00,53.20,54.50,497000,54.42
2006-03-01,53.50,54.80,53.11,53.75,219700,53.67
2006-02-28,52.50,52.50,52.50,52.50,000,52.42
2006-02-27,52.50,52.50,52.50,52.50,000,52.42
2006-02-24,52.60,53.40,51.69,52.50,123400,52.42
2006-02-23,55.00,55.00,51.05,52.50,294400,52.42
2006-02-22,57.00,57.80,53.00,54.00,238000,53.92
2006-02-21,63.00,62.00,57.00,58.00,181400,57.91
2006-02-20,58.79,58.79,57.00,58.49,72700,58.40
2006-02-17,57.32,59.01,56.50,58.80,230800,58.71
2006-02-16,57.90,59.16,56.00,58.10,259100,58.01
2006-02-15,53.00,56.95,53.00,56.95,295300,56.86
2006-02-14,52.00,53.00,50.49,53.00,176900,52.92
2006-02-13,50.90,52.00,49.00,52.00,171700,51.92
2006-02-10,50.79,51.00,49.30,50.75,301300,50.67
2006-02-09,48.49,49.99,48.00,49.99,204700,49.91
2006-02-08,46.40,47.50,45.80,47.00,240000,46.93
2006-02-07,47.80,47.80,46.20,46.40,99600,46.33
2006-02-06,48.00,49.00,47.41,48.00,91400,47.93
2006-02-03,49.65,50.79,47.48,48.50,177600,48.43
2006-02-02,50.10,50.10,48.50,49.65,129200,49.57
2006-02-01,51.89,51.89,50.30,50.80,179000,50.72
2006-01-31,52.00,52.31,50.01,51.90,287300,51.82
2006-01-30,50.17,52.00,48.60,51.95,284000,51.87
2006-01-27,49.00,50.74,49.00,50.70,168400,50.62
2006-01-26,46.89,50.80,46.89,48.70,549700,48.62
2006-01-25,46.89,46.89,46.89,46.89,000,46.82
2006-01-24,46.30,47.50,46.05,46.89,284900,46.82
2006-01-23,46.00,47.25,46.00,46.59,69500,46.52
2006-01-20,46.50,47.49,46.50,47.30,69000,47.23
2006-01-19,47.53,47.53,46.20,46.50,49700,46.43
2006-01-18,46.48,46.48,45.00,46.00,81300,45.93
2006-01-17,48.00,48.00,46.00,46.90,156700,46.83
2006-01-16,45.97,48.50,45.90,48.50,246100,48.43
2006-01-13,45.50,46.30,44.35,45.98,228300,45.91
2006-01-12,44.86,46.00,43.81,44.97,130200,44.90
2006-01-11,44.01,44.80,43.20,44.80,760500,44.73
2006-01-10,42.99,43.50,41.70,42.99,709100,42.92
2006-01-09,42.00,42.49,41.82,41.90,427200,41.84
2006-01-06,41.90,43.60,41.50,41.90,292200,41.84
2006-01-05,42.00,43.50,41.95,42.00,295000,41.94
2006-01-04,42.37,42.90,41.11,42.37,269400,42.30
2006-01-03,41.00,42.40,40.90,41.00,101400,40.94
2006-01-02,42.00,42.00,40.80,42.00,80400,41.94
2005-12-30,41.50,41.50,41.50,41.50,000,41.33
2005-12-29,41.50,42.50,40.95,41.50,291700,41.33
2005-12-28,40.90,41.78,40.01,40.90,116300,40.73
2005-12-27,41.10,43.30,40.74,41.10,130400,40.93
2005-12-26,42.10,43.00,40.76,42.10,141600,41.93
2005-12-23,40.50,42.08,40.50,40.50,74500,40.33
2005-12-22,42.00,44.00,42.00,42.00,17000,41.83
2005-12-21,43.20,44.49,41.90,43.20,88400,43.02
2005-12-20,42.80,44.00,42.60,42.80,52800,42.62
2005-12-19,42.35,43.00,42.35,42.35,99900,42.18
2005-12-16,43.00,45.00,42.30,43.00,144500,42.82
2005-12-15,44.00,47.49,43.25,44.00,85700,43.82
2005-12-14,45.85,48.10,45.35,45.85,146900,45.66
2005-12-13,46.30,48.60,45.00,46.30,274300,46.11
2005-12-12,44.95,45.00,44.16,44.95,148200,44.77
2005-12-09,44.00,44.50,42.55,44.00,142900,43.82
2005-12-08,42.69,43.13,41.51,42.69,415900,42.51
2005-12-07,42.50,42.89,41.50,42.50,104700,42.33
2005-12-06,42.78,43.00,40.71,42.78,112300,42.60
2005-12-05,39.50,41.00,39.50,40.70,228100,40.53
2005-12-02,38.40,39.30,38.40,39.28,137400,39.12
2005-12-01,36.98,38.88,36.50,38.00,114800,37.84
2005-11-30,35.50,37.25,35.50,36.98,667600,36.83
2005-11-29,36.15,36.15,35.00,35.80,33800,35.65
2005-11-28,36.50,36.95,35.49,35.97,148400,35.82
2005-11-25,34.60,36.50,34.60,36.16,112300,36.01
2005-11-24,33.12,36.00,33.10,34.40,442900,34.26
2005-11-23,33.62,33.80,33.10,33.10,116300,32.96
2005-11-22,32.50,33.10,31.70,33.00,381300,32.86
2005-11-21,33.40,33.40,32.25,33.00,91600,32.86
2005-11-18,33.39,33.40,33.16,33.20,118100,33.06
2005-11-17,33.50,33.50,33.15,33.20,140700,33.06
2005-11-16,32.01,33.60,32.01,33.00,71600,32.86
2005-11-15,32.60,32.60,32.60,32.60,000,32.47
2005-11-14,32.80,32.99,32.45,32.60,74900,32.47
2005-11-11,32.90,33.60,31.51,32.05,45900,31.92
2005-11-10,33.80,33.80,32.90,33.25,30200,33.11
2005-11-09,34.20,34.39,32.50,33.80,33900,33.66
2005-11-08,34.00,34.29,33.40,33.50,1073100,33.36
2005-11-07,33.90,34.50,33.80,34.00,129800,33.86
2005-11-04,33.50,34.80,33.50,33.80,46700,33.66
2005-11-03,32.80,33.70,32.80,33.40,144000,33.26
2005-11-02,32.90,32.90,32.90,32.90,000,32.77
2005-11-01,30.80,32.91,30.80,32.90,172400,32.77
2005-10-31,31.00,31.20,30.50,30.80,37500,30.67
2005-10-28,30.80,30.80,30.00,30.74,6900,30.61
2005-10-27,30.01,30.01,29.95,30.00,94900,29.88
2005-10-26,30.51,30.84,29.92,30.00,201900,29.88
2005-10-25,30.60,31.55,30.50,30.72,102800,30.59
2005-10-24,31.00,31.00,30.55,30.75,322400,30.62
2005-10-21,30.58,31.06,30.50,31.00,110500,30.87
2005-10-20,30.00,30.60,29.80,30.60,288200,30.47
2005-10-19,29.60,29.80,29.30,29.80,129300,29.68
2005-10-18,30.50,31.30,29.11,29.80,86500,29.68
2005-10-17,30.10,30.57,28.15,30.39,61200,30.27
2005-10-14,29.91,30.98,29.91,30.00,56900,29.88
2005-10-13,29.90,30.60,29.90,30.30,21900,30.18
2005-10-12,30.70,30.70,30.70,30.70,000,30.57
2005-10-11,31.10,31.50,29.70,30.70,170400,30.57
2005-10-10,32.98,32.98,30.50,31.00,191900,30.87
2005-10-07,31.00,33.00,30.80,32.49,226100,32.36
2005-10-06,29.80,31.90,29.80,30.40,651800,30.28
2005-10-05,31.60,32.00,30.00,30.40,550000,30.28
2005-10-04,30.55,32.50,30.31,31.70,482000,31.57
2005-10-03,29.10,31.51,29.10,30.00,247100,29.88
2005-09-30,28.50,29.00,28.21,29.00,617300,28.88
2005-09-29,27.80,28.50,27.50,28.00,224600,27.89
2005-09-28,28.80,29.00,28.05,28.05,325500,27.93
2005-09-27,29.00,29.00,28.70,28.75,137800,28.63
2005-09-26,28.00,29.00,27.00,29.00,56300,28.88
2005-09-23,27.98,28.00,27.50,28.00,47100,27.89
2005-09-22,28.00,28.00,27.20,27.99,142200,27.88
2005-09-21,27.29,29.00,27.20,28.39,112600,28.27
2005-09-20,27.30,27.34,26.60,27.00,196700,26.89
2005-09-19,27.60,27.60,26.75,26.79,59600,26.68
2005-09-16,25.97,27.69,25.95,27.61,34700,27.50
2005-09-15,26.00,26.50,25.70,25.75,91100,25.64
2005-09-14,26.01,26.60,25.75,25.75,121800,25.64
2005-09-13,27.00,27.00,26.00,26.00,17500,25.89
2005-09-12,28.00,28.00,26.90,26.90,41900,26.79
2005-09-09,27.00,28.40,27.00,27.50,216600,27.39
2005-09-08,26.30,27.20,26.30,27.00,461800,26.89
2005-09-07,26.61,26.61,26.61,26.61,000,26.50
2005-09-06,25.50,26.89,25.50,26.61,28700,26.50
2005-09-05,25.90,26.20,25.20,25.30,15600,25.20
2005-09-02,25.80,25.80,25.00,25.60,150700,25.50
2005-09-01,25.60,25.80,25.40,25.61,13800,25.50
2005-08-31,25.60,25.70,25.00,25.70,20900,25.59
2005-08-30,25.40,25.69,25.40,25.50,48600,25.40
2005-08-29,25.50,25.85,25.50,25.85,6900,25.74
2005-08-26,25.70,25.70,25.15,25.20,89000,25.10
2005-08-25,25.30,25.80,25.30,25.73,33700,25.62
2005-08-24,24.95,25.90,24.95,25.35,34800,25.25
2005-08-23,25.49,25.85,25.00,25.20,49600,25.10
2005-08-22,24.03,26.00,24.01,25.49,82800,25.39
2005-08-19,24.49,24.60,23.99,24.00,193000,23.90
2005-08-18,24.00,24.94,24.00,24.50,144700,24.40
2005-08-17,23.59,24.08,23.59,24.00,95700,23.90
2005-08-16,23.84,23.84,23.51,23.51,6400,23.41
2005-08-15,23.05,23.50,23.00,23.50,408800,23.40
2005-08-12,22.01,23.80,22.00,23.00,202500,22.91
2005-08-11,23.20,23.80,22.50,23.00,269300,22.91
2005-08-10,23.49,23.50,23.01,23.21,291200,23.11
2005-08-09,23.99,23.99,23.00,23.28,553600,23.18
2005-08-08,22.90,23.80,22.90,23.45,186400,23.35
2005-08-05,23.99,23.99,23.10,23.40,117200,23.30
2005-08-04,22.76,24.15,22.76,23.90,629600,23.80
2005-08-03,22.70,23.19,22.60,22.95,119000,22.86
2005-08-02,22.01,22.75,22.01,22.55,128100,22.46
2005-08-01,22.00,22.20,21.70,22.00,91400,21.91
2005-07-29,22.10,22.40,21.75,22.00,129300,21.91
2005-07-28,22.00,22.50,22.00,22.09,54600,22.00
2005-07-27,21.30,22.48,21.30,21.75,423900,21.66
2005-07-26,20.80,21.39,20.80,21.25,108300,21.16
2005-07-25,20.25,21.00,20.25,20.80,26800,20.71
2005-07-22,22.00,22.00,20.99,21.10,135700,21.01
2005-07-21,22.10,23.00,22.00,22.00,345000,21.91
2005-07-20,21.89,22.70,21.52,22.10,346800,22.01
2005-07-19,21.50,22.09,21.00,21.97,212200,21.88
2005-07-18,20.79,21.50,20.00,21.50,266600,21.41
2005-07-15,19.80,20.99,19.70,20.99,246600,20.90
2005-07-14,20.20,20.20,19.76,19.80,57900,19.72
2005-07-13,19.99,20.48,19.71,19.85,139400,19.77
2005-07-12,19.80,19.90,19.50,19.75,157600,19.67
2005-07-11,19.00,19.75,18.99,19.50,196300,19.42
2005-07-08,18.31,19.00,18.30,19.00,49200,18.92
2005-07-07,18.00,18.50,18.00,18.40,26000,18.32
2005-07-06,17.60,18.50,17.60,18.50,78500,18.42
2005-07-05,18.00,18.48,18.00,18.05,68200,17.98
2005-07-04,17.60,18.10,17.60,18.00,15700,17.93
2005-07-01,17.90,18.15,17.75,18.00,79900,17.93
2005-06-30,18.10,18.50,17.60,17.60,83000,17.53
2005-06-29,18.00,18.19,17.50,17.63,96900,17.56
2005-06-28,18.50,18.50,18.00,18.00,3200,17.93
2005-06-27,18.05,18.20,18.00,18.00,82300,17.93
2005-06-24,17.15,18.85,17.15,18.00,157700,17.93
2005-06-23,17.95,18.00,17.60,17.85,40400,17.78
2005-06-22,18.10,18.10,17.95,17.95,10700,17.88
2005-06-21,18.18,18.18,17.80,18.00,63900,17.93
2005-06-20,18.66,18.66,17.50,18.03,69400,17.96
2005-06-17,18.28,19.00,18.25,18.70,158700,18.62
2005-06-16,18.50,19.00,18.06,18.30,70000,18.22
2005-06-15,18.36,18.36,17.51,17.89,53300,17.82
2005-06-14,18.39,18.78,18.00,18.58,75000,18.50
2005-06-13,18.50,19.00,18.20,18.20,89400,18.13
2005-06-10,18.00,18.40,17.50,18.40,109100,18.32
2005-06-09,18.00,18.00,17.10,17.35,62300,17.28
2005-06-08,16.50,18.20,16.50,17.80,147900,17.73
2005-06-07,17.01,17.15,16.99,17.00,145300,16.93
2005-06-06,17.75,17.90,17.00,17.00,52500,16.93
2005-06-03,18.90,19.50,18.10,18.10,93100,18.03
2005-06-02,17.89,19.30,17.89,18.75,250200,18.67
2005-06-01,17.96,18.07,17.17,17.60,135900,17.53
2005-05-31,17.98,18.00,17.20,17.90,72500,17.83
2005-05-30,17.10,18.00,17.00,17.70,59500,17.63
2005-05-27,17.34,17.40,17.00,17.11,136300,17.04
2005-05-26,17.00,17.00,17.00,17.00,000,16.93
2005-05-25,17.50,17.50,17.00,17.00,20200,16.93
2005-05-24,17.38,17.40,16.80,17.15,151300,17.08
2005-05-23,16.50,17.79,16.00,17.10,136200,17.03
2005-05-20,15.25,17.20,15.00,16.50,37000,16.43
2005-05-19,14.90,15.01,14.85,14.90,30900,14.84
2005-05-18,14.95,15.00,14.80,15.00,426600,14.94
2005-05-17,14.80,14.90,14.65,14.80,360300,14.74
2005-05-16,15.10,15.30,14.50,14.80,163900,14.74
2005-05-13,15.50,15.75,14.70,15.00,314800,14.94
2005-05-12,16.20,16.20,15.65,15.65,172500,15.59
2005-05-11,16.30,16.30,15.50,16.10,318800,16.03
2005-05-10,16.80,17.00,16.11,16.30,130800,16.23
2005-05-09,16.80,16.80,16.30,16.75,80100,16.68
2005-05-06,16.70,16.89,16.30,16.80,32000,16.73
2005-05-05,16.11,16.90,16.11,16.80,424800,16.73
2005-05-04,16.50,16.80,16.45,16.70,59900,16.63
2005-05-03,16.90,17.00,15.85,16.91,536700,16.84
2005-05-02,17.90,17.90,16.60,16.90,182700,16.83
2005-04-29,17.99,17.99,17.20,17.30,155600,17.23
2005-04-28,18.90,18.90,17.40,17.69,104300,17.62
2005-04-27,19.00,19.00,18.65,18.66,80000,18.58
2005-04-26,19.59,19.59,18.99,19.50,191100,19.42
2005-04-25,19.50,19.70,19.20,19.49,58100,19.41
2005-04-22,19.79,19.80,19.22,19.78,38500,19.70
2005-04-21,19.45,19.45,19.45,19.45,000,19.37
2005-04-20,19.60,20.40,19.45,19.45,206600,19.37
2005-04-19,19.10,20.43,19.10,19.85,117700,19.77
2005-04-18,19.40,19.45,19.10,19.10,15000,19.02
2005-04-15,19.83,19.83,19.10,19.35,13100,19.27
2005-04-14,19.10,21.00,19.10,19.45,273800,19.37
2005-04-13,19.40,19.50,19.03,19.10,486200,19.02
2005-04-12,19.49,19.89,18.49,18.90,147500,18.82
2005-04-11,19.00,19.44,18.61,19.44,78500,19.36
2005-04-08,18.20,19.10,18.18,18.80,408400,18.72
2005-04-07,17.19,18.00,17.10,17.89,955800,17.82
2005-04-06,19.10,19.72,16.50,16.98,1058200,16.91
2005-04-05,20.00,20.00,19.25,19.47,370700,19.39
2005-04-04,20.50,20.60,19.06,19.76,298900,19.68
2005-04-01,21.62,22.00,20.90,21.00,711000,20.91
2005-03-31,21.79,21.79,19.60,21.62,4173900,21.53
2005-03-30,23.10,23.10,21.40,21.62,5676900,21.53
