Date,Open,High,Low,Close,Volume,Adj Close
2009-03-17,13.80,14.12,13.51,14.12,361500,14.12
2009-03-16,13.88,14.13,13.70,13.80,767200,13.80
2009-03-13,13.98,14.02,13.35,13.80,614900,13.80
2009-03-12,13.92,14.12,13.67,13.80,575400,13.80
2009-03-11,14.08,14.10,13.65,13.95,2270400,13.95
2009-03-10,13.59,14.08,13.30,13.94,1238400,13.94
2009-03-09,13.02,13.55,13.02,13.50,662200,13.50
2009-03-06,13.41,13.78,13.21,13.25,896900,13.25
2009-03-05,13.16,13.74,13.16,13.31,756000,13.31
2009-03-04,13.57,13.63,13.19,13.52,1034200,13.52
2009-03-03,13.23,13.60,12.63,13.15,1240100,13.15
2009-03-02,13.25,13.35,12.74,12.89,1002000,12.89
2009-02-27,13.60,13.84,13.25,13.64,2141400,13.64
2009-02-26,14.67,14.73,13.91,14.00,593100,14.00
2009-02-25,14.00,14.89,13.21,14.35,523800,14.35
2009-02-20,14.01,14.38,14.01,14.19,858800,14.19
2009-02-19,14.19,14.39,14.00,14.39,1238000,14.39
2009-02-18,13.80,14.21,13.61,14.05,1349900,14.05
2009-02-17,13.86,14.16,13.56,13.57,1332700,13.57
2009-02-16,14.05,14.48,13.85,14.27,523700,14.27
2009-02-13,15.13,15.20,14.26,14.30,1684300,14.30
2009-02-12,14.58,15.50,13.90,14.55,3196700,14.55
2009-02-11,13.80,14.39,13.66,13.86,2876000,13.86
2009-02-10,12.71,13.75,12.71,13.51,3544100,13.51
2009-02-09,12.92,13.05,12.69,12.70,950400,12.70
2009-02-06,12.70,13.05,12.26,13.05,2551800,13.05
2009-02-05,12.37,12.68,12.11,12.49,1049600,12.49
2009-02-04,12.18,12.72,12.02,12.20,1480700,12.20
2009-02-03,12.05,12.15,11.82,12.10,973900,12.10
2009-02-02,12.29,12.30,11.97,11.99,1104500,11.99
2009-01-30,12.94,12.94,12.50,12.50,1070900,12.50
2009-01-29,12.96,12.98,12.66,12.98,865700,12.98
2009-01-28,13.19,13.44,12.85,13.04,2458700,13.04
2009-01-27,13.15,13.44,13.01,13.09,1391900,13.09
2009-01-26,13.40,13.57,13.12,13.42,950800,13.42
2009-01-23,12.90,13.65,12.45,13.48,856400,13.48
2009-01-22,13.21,14.02,13.00,13.00,1431100,13.00
2009-01-21,13.49,13.73,13.21,13.73,1126400,13.73
2009-01-20,13.40,13.73,13.19,13.19,818300,13.19
2009-01-19,13.97,13.97,13.25,13.40,626600,13.40
2009-01-16,14.10,14.10,13.50,13.75,467200,13.75
2009-01-15,13.72,14.18,13.20,13.77,1025400,13.77
2009-01-14,13.92,14.19,13.63,13.73,1915100,13.73
2009-01-13,13.45,14.29,13.30,14.10,2013500,14.10
2009-01-12,14.49,14.68,13.32,13.45,1672500,13.45
2009-01-09,15.25,15.25,14.36,14.40,1055100,14.40
2009-01-08,14.95,15.25,14.53,15.08,1179700,15.08
2009-01-07,15.26,15.66,14.91,15.00,1197000,15.00
2009-01-06,16.00,16.20,15.16,15.89,1345500,15.89
2009-01-05,15.78,16.34,15.50,15.90,1476900,15.90
2009-01-02,15.20,15.78,15.15,15.74,526500,15.74
2008-12-30,14.49,15.10,14.45,15.09,1331300,15.09
2008-12-29,14.40,14.50,14.21,14.49,970100,14.49
2008-12-26,14.15,14.45,13.98,14.35,847600,14.35
2008-12-23,13.90,14.75,13.90,14.15,1248000,14.15
2008-12-22,14.00,14.30,13.60,13.95,1393800,13.95
2008-12-19,14.16,14.43,13.81,13.86,749600,13.86
2008-12-18,14.19,14.25,13.94,14.14,768000,14.14
2008-12-17,14.21,14.30,13.70,13.97,2238600,13.97
2008-12-16,14.00,14.50,13.75,14.50,971200,14.50
2008-12-15,13.97,14.54,13.71,13.74,1009100,13.74
2008-12-12,12.80,14.40,12.73,14.40,1247600,14.40
2008-12-11,13.20,13.60,12.82,13.20,1564900,13.20
2008-12-10,13.62,14.00,13.04,13.04,1527900,13.04
2008-12-09,13.80,13.89,13.13,13.30,789500,13.30
2008-12-08,13.49,13.95,13.10,13.60,1840800,13.60
2008-12-05,13.22,13.47,12.74,12.99,1962900,12.99
2008-12-04,13.70,13.70,13.22,13.50,983000,13.50
2008-12-03,13.74,13.74,13.19,13.40,2598500,13.40
2008-12-02,13.39,13.88,13.05,13.68,1219500,13.68
2008-12-01,12.96,13.30,12.73,13.05,706100,13.05
2008-11-28,13.74,13.88,13.10,13.50,1634000,13.50
2008-11-27,14.34,14.34,13.40,13.70,716800,13.70
2008-11-26,14.42,14.65,13.97,14.20,1166100,14.20
2008-11-25,14.56,14.80,14.04,14.49,1162800,14.49
2008-11-24,14.30,14.75,14.18,14.70,1525700,14.70
2008-11-21,13.79,14.15,13.50,13.80,972700,13.80
2008-11-19,14.00,14.40,13.64,13.91,1453200,13.91
2008-11-18,13.50,14.20,13.31,13.81,2242100,13.81
2008-11-17,13.15,14.27,12.91,13.99,2000700,13.99
2008-11-14,13.75,13.75,12.82,13.70,1355100,13.70
2008-11-13,12.51,13.49,12.40,13.47,1760500,13.47
2008-11-12,12.64,13.24,12.15,12.50,2601200,12.50
2008-11-11,11.60,12.86,11.40,12.75,1275400,12.75
2008-11-10,12.60,12.79,11.73,11.80,888700,11.80
2008-11-07,12.50,12.60,11.20,11.90,1459200,11.90
2008-11-06,11.25,13.38,11.05,12.08,4584300,12.08
2008-11-05,11.29,11.89,11.05,11.25,1960100,11.25
2008-11-04,10.70,11.79,10.63,11.36,1289800,11.36
2008-11-03,10.10,10.67,9.86,10.38,809400,10.38
2008-10-31,10.19,10.89,9.56,10.00,1246600,10.00
2008-10-30,10.79,11.20,10.17,10.21,1758500,10.21
2008-10-29,10.68,10.68,9.66,10.30,1974800,10.30
2008-10-28,8.99,10.30,8.51,10.20,8324000,10.20
2008-10-27,8.74,9.00,8.25,8.30,825900,8.30
2008-10-24,8.50,9.28,8.50,8.80,867400,8.80
2008-10-23,10.01,10.18,9.00,9.59,1101300,9.59
2008-10-22,10.72,10.90,9.80,10.01,962100,10.01
2008-10-21,11.20,11.45,11.01,11.20,883100,11.20
2008-10-20,11.31,11.64,11.10,11.60,1051500,11.60
2008-10-17,10.95,11.42,10.52,11.01,1258300,11.01
2008-10-16,10.78,11.18,9.71,11.00,1516100,11.00
2008-10-15,10.71,11.44,10.25,10.50,1493400,10.50
2008-10-14,12.02,12.69,11.34,11.36,2686400,11.36
2008-10-13,10.50,11.29,10.15,11.29,2249300,11.29
2008-10-10,9.25,9.90,8.70,9.50,1185400,9.50
2008-10-09,10.80,11.29,10.10,10.22,1992800,10.22
2008-10-08,11.60,11.89,10.30,10.30,4365400,10.30
2008-10-07,12.70,12.85,11.20,12.45,2591400,12.45
2008-10-06,13.00,13.00,11.50,12.58,1328600,12.58
2008-10-03,14.69,15.19,13.83,14.60,2462800,14.60
2008-10-02,16.90,16.90,13.61,14.00,2994500,14.00
2008-10-01,16.70,17.29,15.81,17.29,1864100,17.29
2008-09-30,15.95,16.80,15.80,16.50,1748800,16.50
2008-09-29,16.71,17.11,14.57,15.50,807500,15.50
2008-09-26,15.31,17.70,15.31,17.63,1351900,17.63
2008-09-25,15.35,16.90,15.11,16.50,1474400,16.50
2008-09-24,16.01,16.40,14.80,15.09,1731600,15.09
2008-09-23,16.80,16.80,15.50,16.00,2085000,16.00
2008-09-22,17.67,18.21,16.41,16.89,988300,16.89
2008-09-19,16.10,18.02,15.97,18.02,3207300,18.02
2008-09-18,15.70,16.26,14.22,14.80,4642100,14.80
2008-09-17,17.43,18.00,15.69,15.76,4941000,15.76
2008-09-16,17.35,18.48,16.49,17.50,2210000,17.50
2008-09-15,18.50,18.93,17.53,18.06,1534200,18.06
2008-09-12,19.80,19.99,19.11,19.50,983100,19.50
2008-09-11,19.01,20.50,18.55,19.80,830300,19.80
2008-09-10,18.85,19.88,18.57,19.40,1795000,19.40
2008-09-09,20.50,20.60,19.50,19.50,2476100,19.50
2008-09-08,22.90,23.05,20.50,20.69,2599800,20.69
2008-09-05,22.29,22.95,21.79,22.69,3092900,22.69
2008-09-04,24.81,25.31,23.98,23.98,2145400,23.98
2008-09-03,25.67,26.00,24.20,24.79,1664600,24.79
2008-09-02,25.63,26.10,25.08,25.55,1330500,25.55
2008-09-01,25.80,26.40,25.42,25.60,502500,25.60
2008-08-29,26.00,26.59,25.36,26.12,2541700,26.12
2008-08-28,26.80,26.83,26.20,26.45,1517700,26.45
2008-08-27,26.52,26.65,26.00,26.54,966900,26.54
2008-08-26,27.00,27.17,25.99,26.10,749600,26.10
2008-08-25,27.90,27.90,26.87,27.10,288700,27.10
2008-08-22,27.44,28.05,27.01,27.70,669800,27.70
2008-08-21,27.65,27.65,26.80,27.47,626300,27.47
2008-08-20,28.20,28.29,27.11,27.60,1224200,27.60
2008-08-19,27.90,28.84,27.01,27.85,1095300,27.85
2008-08-18,27.01,28.30,27.01,27.89,1972000,27.89
2008-08-15,26.31,27.01,26.10,27.01,927700,27.01
2008-08-14,26.60,26.99,26.10,26.19,987700,26.19
2008-08-13,27.38,27.39,26.07,26.49,2800300,26.49
2008-08-12,26.30,28.00,26.10,27.65,2642300,27.65
2008-08-11,29.16,29.89,25.98,25.98,1768200,25.98
2008-08-08,28.87,29.99,28.57,28.75,850200,28.75
2008-08-07,29.75,30.30,29.25,29.25,623200,29.25
2008-08-06,30.98,30.98,29.80,30.25,855000,30.25
2008-08-05,30.53,30.90,30.10,30.50,842100,30.50
2008-08-04,29.41,30.54,28.54,30.40,1171400,30.40
2008-08-01,29.09,30.09,29.00,29.69,713600,29.69
2008-07-31,29.38,29.98,29.09,29.09,1295800,29.09
2008-07-30,29.33,29.75,29.01,29.38,1474500,29.38
2008-07-29,29.00,29.55,28.66,29.23,1517600,29.23
2008-07-28,29.29,29.40,28.81,28.90,1719200,28.90
2008-07-25,28.70,29.29,28.50,29.00,989700,29.00
2008-07-24,29.48,29.65,28.79,28.95,1310000,28.95
2008-07-23,29.34,30.37,28.79,29.36,1346600,29.36
2008-07-22,29.50,29.79,29.20,29.52,1035900,29.52
2008-07-21,30.50,30.50,29.38,29.50,1749400,29.50
2008-07-18,30.10,30.80,29.70,29.81,1004600,29.81
2008-07-17,31.70,31.88,30.05,30.05,1389200,30.05
2008-07-16,32.00,32.30,31.50,31.68,1709500,31.68
2008-07-15,31.25,32.65,31.13,32.30,2237400,32.30
2008-07-14,31.75,32.12,31.36,32.00,1194800,32.00
2008-07-11,31.20,31.85,30.77,31.40,823900,31.40
2008-07-10,30.60,32.18,30.01,31.44,1303400,31.44
2008-07-08,30.06,30.70,29.65,30.60,773500,30.60
2008-07-07,30.69,31.25,30.02,30.32,920300,30.32
2008-07-04,29.90,30.80,29.60,30.55,643100,30.55
2008-07-03,31.10,32.05,30.11,30.11,1043100,30.11
2008-07-02,32.70,33.00,30.89,30.89,1012600,30.89
2008-07-01,32.30,32.70,31.30,32.60,2192500,32.60
2008-06-30,31.86,33.44,31.43,32.80,2020800,32.80
2008-06-27,30.79,32.30,30.45,32.30,1263400,32.30
2008-06-26,30.90,31.20,30.29,30.50,970300,30.50
2008-06-25,31.00,31.97,30.40,31.80,1163800,31.80
2008-06-24,30.92,31.50,30.38,30.51,881600,30.51
2008-06-23,30.20,31.27,29.10,30.90,1160200,30.90
2008-06-20,31.28,31.80,29.40,29.95,741900,29.95
2008-06-19,31.42,31.80,30.41,30.85,624700,30.85
2008-06-18,32.10,32.29,31.42,31.50,1865000,31.50
2008-06-17,32.72,33.09,32.00,32.10,1299800,32.10
2008-06-16,32.50,33.19,31.70,32.61,1362500,32.61
2008-06-13,33.00,33.40,32.20,32.70,812000,32.70
2008-06-12,31.80,33.40,31.80,32.95,1883000,32.95
2008-06-11,31.23,31.88,30.70,31.58,1813800,31.58
2008-06-10,30.60,31.80,30.20,31.60,1161900,31.60
2008-06-06,30.85,30.92,29.82,30.00,1244500,30.00
2008-06-05,31.25,31.79,30.64,31.26,1690100,31.26
2008-06-04,30.20,31.90,29.90,31.00,1699800,31.00
2008-06-03,30.58,30.60,29.60,30.25,1540000,30.25
2008-06-02,30.50,30.90,29.76,30.20,1376600,30.20
2008-05-30,29.70,30.94,29.61,30.80,3905600,30.80
2008-05-29,30.99,33.50,30.60,32.60,2462100,32.60
2008-05-28,30.99,32.66,30.55,31.50,5022300,31.50
2008-05-27,29.43,29.55,28.40,28.74,1610200,28.74
2008-05-26,29.60,30.20,29.26,29.43,679300,29.43
2008-05-23,29.50,30.50,28.83,29.50,947400,29.50
2008-05-21,29.96,30.00,29.29,29.50,922200,29.50
2008-05-20,30.95,30.97,29.71,30.45,1511800,30.45
2008-05-19,31.00,32.20,30.40,30.90,6132700,30.90
2008-05-16,28.39,29.20,28.11,29.15,1748500,29.15
2008-05-15,27.60,28.05,27.10,28.05,1637300,28.05
2008-05-14,28.85,28.85,27.00,27.39,1621600,27.39
2008-05-13,29.38,29.49,28.21,28.40,1202800,28.40
2008-05-12,28.33,29.30,27.90,29.22,917300,29.22
2008-05-09,28.20,28.30,27.63,28.30,945900,28.30
2008-05-08,28.56,29.28,28.05,28.19,1393700,28.19
2008-05-07,29.78,29.78,27.88,28.55,1494800,28.55
2008-05-06,29.80,29.80,29.02,29.30,1168800,29.30
2008-05-05,28.66,30.45,28.66,29.60,3126200,29.60
2008-05-02,27.35,29.30,27.35,28.49,4193500,28.49
2008-04-30,25.99,27.50,25.82,26.30,3923600,26.30
2008-04-29,27.40,27.53,26.00,26.01,1521300,26.01
2008-04-28,27.85,27.95,27.30,27.36,1087200,27.36
2008-04-25,26.89,27.70,26.80,27.60,1407000,27.60
2008-04-24,26.20,26.95,25.55,26.89,1057000,26.89
2008-04-23,26.15,26.50,25.03,26.20,2656100,26.20
2008-04-22,24.91,26.05,24.60,26.00,3495600,26.00
2008-04-18,27.30,27.30,24.50,27.30,3269200,27.30
2008-04-17,26.70,27.15,25.30,26.60,1339500,26.60
2008-04-16,25.25,25.95,25.00,25.80,2032100,25.80
2008-04-15,25.62,25.66,24.52,24.90,2272200,24.90
2008-04-14,26.95,26.95,25.39,25.39,1407500,25.39
2008-04-11,27.37,27.60,26.84,27.00,851200,27.00
2008-04-10,27.50,28.20,27.31,27.54,922600,27.54
2008-04-09,27.70,28.00,27.40,27.50,935200,27.50
2008-04-08,27.88,28.17,27.55,27.80,2586300,27.80
2008-04-07,28.00,28.39,27.63,28.00,4776300,28.00
2008-04-04,27.80,28.40,27.31,27.80,3776600,27.80
2008-04-03,27.05,27.79,26.50,27.25,2488300,27.25
2008-04-02,28.49,28.61,27.00,27.01,3566200,27.01
2008-04-01,28.75,29.35,27.91,28.25,4490700,28.25
2008-03-31,28.00,29.70,26.85,28.80,11154200,28.80
2008-03-28,29.60,31.70,28.65,29.00,7266900,29.00
2008-03-27,30.60,31.17,29.50,31.15,4859400,31.15
2008-03-26,29.51,31.20,28.65,30.51,12577200,30.51
2008-03-25,30.64,40.77,30.00,30.61,17541500,30.61
2008-03-20,42.99,43.50,42.20,43.40,1553000,43.40
2008-03-19,42.00,42.95,41.15,42.00,6792200,42.00
2008-03-18,44.40,45.00,43.36,45.00,2010300,45.00
2008-03-14,44.31,45.50,41.00,44.00,5403400,44.00
2008-03-13,43.84,44.01,42.26,43.50,5214100,43.50
2008-03-12,45.20,45.45,43.36,43.80,3279600,43.80
2008-03-11,46.20,46.20,44.06,44.80,4988800,44.80
2008-03-10,47.31,47.50,46.00,46.40,2830700,46.40
2008-03-07,47.90,47.90,47.12,47.45,1293600,47.45
2008-03-06,48.00,48.10,47.55,47.68,1730300,47.68
2008-03-05,48.00,48.35,47.90,48.00,1072400,48.00
2008-03-04,48.35,48.36,47.50,47.80,1963200,47.80
2008-03-03,48.00,48.44,47.72,48.21,1160300,48.21
2008-02-29,47.80,48.50,47.61,48.00,1262700,48.00
2008-02-28,47.31,48.90,47.31,48.00,3835000,48.00
2008-02-27,47.49,47.70,47.00,47.59,1514100,47.59
2008-02-26,47.26,47.80,47.00,47.60,3079500,47.60
2008-02-25,47.71,48.29,47.05,48.00,1831300,48.00
2008-02-22,46.95,47.85,46.95,47.80,1355800,47.80
2008-02-21,47.85,47.85,46.72,46.80,1974700,46.80
2008-02-20,48.35,48.35,47.30,47.79,5901600,47.79
2008-02-19,46.49,46.50,45.20,45.80,2996500,45.80
2008-02-18,46.50,46.59,45.60,45.95,1991600,45.95
2008-02-15,44.51,46.10,43.99,46.00,2800700,46.00
2008-02-14,45.60,46.80,45.01,46.00,2505300,46.00
2008-02-13,43.83,45.20,43.25,45.20,3022300,45.20
2008-02-12,44.72,45.34,43.60,43.60,2178500,43.60
2008-02-11,45.29,45.98,44.54,44.90,951700,44.90
2008-02-08,46.20,46.20,44.30,45.21,1476400,45.21
2008-02-07,44.99,46.25,43.89,46.00,2327900,46.00
2008-02-06,44.49,45.15,43.60,44.90,936700,44.90
2008-02-01,44.90,46.80,44.51,45.00,2159900,45.00
2008-01-31,42.90,47.10,42.20,45.50,10787300,45.50
2008-01-30,43.10,43.10,41.86,42.78,1843200,42.78
2008-01-29,43.66,43.70,42.51,43.00,1589300,43.00
2008-01-28,43.61,44.20,42.65,43.50,2059400,43.50
2008-01-24,45.00,45.35,43.60,43.80,3173500,43.80
2008-01-23,43.14,46.00,42.20,44.40,3348300,44.40
2008-01-22,40.81,44.00,40.50,43.69,3057700,43.69
2008-01-21,42.00,42.39,40.40,40.99,2128300,40.99
2008-01-18,44.57,44.57,43.30,44.00,3085700,44.00
2008-01-17,43.75,44.60,43.02,44.00,2047700,44.00
2008-01-16,43.62,44.40,42.70,44.00,5308300,44.00
2008-01-15,46.00,46.38,41.20,44.90,11479000,44.90
2008-01-14,45.69,46.78,45.32,46.47,1040000,46.47
2008-01-11,46.88,46.99,44.55,45.15,4291400,45.15
2008-01-10,47.13,47.88,46.80,47.70,2217200,47.70
2008-01-09,47.12,48.02,46.57,48.02,1586100,48.02
2008-01-08,46.80,47.20,45.80,47.09,1309900,47.09
2008-01-07,47.99,48.48,45.03,45.90,2075300,45.90
2008-01-04,49.78,49.78,46.45,47.35,2629000,47.35
2008-01-03,45.95,49.70,45.85,49.10,5736300,49.10
2008-01-02,44.00,46.00,43.51,45.77,2943600,45.77
2007-12-28,43.00,43.90,43.00,43.43,1320500,43.43
2007-12-27,43.50,43.52,40.80,43.40,2435300,43.40
2007-12-26,42.15,43.48,41.30,42.56,7335100,42.56
2007-12-21,35.61,37.15,35.55,36.94,5166000,36.94
2007-12-20,32.80,34.00,31.90,34.00,2199900,34.00
2007-12-19,33.90,33.90,32.50,32.70,1565100,32.70
2007-12-18,32.99,34.69,32.50,33.40,2480400,33.40
2007-12-17,33.80,34.90,32.82,33.50,1950900,33.50
2007-12-14,33.99,35.30,33.61,34.20,3440500,34.20
2007-12-13,33.72,33.98,32.49,33.80,1867000,33.80
2007-12-12,33.03,34.17,32.65,33.60,2206300,33.60
2007-12-11,33.15,34.38,32.32,32.85,1757400,32.85
2007-12-10,33.50,34.31,31.49,32.99,3532400,32.99
2007-12-07,34.50,34.79,33.13,33.50,1433500,33.50
2007-12-06,34.80,35.21,34.20,34.27,1343900,34.27
2007-12-05,33.51,34.87,33.50,34.60,1593100,34.60
2007-12-04,31.73,33.36,31.30,33.31,1140600,33.31
2007-12-03,31.80,33.20,31.80,32.50,2132400,32.50
2007-11-30,30.89,31.73,30.51,31.73,2155100,31.73
2007-11-29,31.00,31.27,30.26,30.35,1305200,30.35
2007-11-28,30.82,31.60,30.51,30.81,1710700,30.81
2007-11-27,30.27,31.00,29.41,30.82,1591600,30.82
2007-11-26,32.68,33.00,30.71,30.73,1112100,30.73
2007-11-23,31.60,32.67,31.31,32.67,990500,32.67
2007-11-22,31.44,31.66,30.91,31.66,1148300,31.66
2007-11-21,31.50,31.69,30.60,31.60,1051100,31.60
2007-11-19,32.95,34.00,32.15,32.15,906200,32.15
2007-11-16,33.70,34.58,33.51,34.00,1541700,34.00
2007-11-14,33.95,34.35,33.60,33.89,1359000,33.89
2007-11-13,31.70,33.88,31.57,33.88,3258000,33.88
2007-11-12,32.75,32.99,31.31,31.50,885300,31.50
2007-11-09,33.52,33.80,31.72,33.00,2592900,33.00
2007-11-08,33.35,34.00,31.11,33.40,2770500,33.40
2007-11-07,34.20,34.50,32.71,32.90,2155000,32.90
2007-11-06,34.65,34.99,33.84,34.25,2319700,34.25
2007-11-05,33.50,34.64,33.40,34.10,2911600,34.10
2007-11-01,32.50,32.70,31.70,32.17,2120600,32.17
2007-10-31,33.58,33.60,32.31,32.80,1265900,32.80
2007-10-30,33.00,33.55,32.70,33.05,964900,33.05
2007-10-29,33.50,33.79,33.03,33.40,1210800,33.40
2007-10-26,33.00,33.35,32.85,33.00,2098500,33.00
2007-10-25,33.52,33.85,32.30,32.50,814300,32.50
2007-10-24,34.30,34.50,32.78,33.40,1508100,33.40
2007-10-23,33.95,34.49,33.41,34.49,965600,34.49
2007-10-22,32.80,33.65,32.40,33.65,644000,33.65
2007-10-19,34.25,34.31,32.80,33.00,829200,33.00
2007-10-18,32.98,34.25,32.42,34.15,1105700,34.15
2007-10-17,32.50,33.29,31.78,33.15,1386400,33.15
2007-10-16,32.51,33.00,31.40,32.30,1008100,32.30
2007-10-15,34.20,34.25,32.90,33.00,1073500,33.00
2007-10-11,35.40,35.78,33.11,34.00,1939100,34.00
2007-10-10,35.80,35.80,34.70,35.05,1162800,35.05
2007-10-09,36.88,37.15,35.70,35.75,2095200,35.75
2007-10-08,36.49,37.00,35.25,37.00,1257400,37.00
2007-10-05,35.62,36.40,35.62,36.40,654900,36.40
2007-10-04,35.30,35.59,35.05,35.40,750800,35.40
2007-10-03,34.80,35.63,34.65,35.39,981600,35.39
2007-10-02,35.55,35.55,33.89,35.40,1285000,35.40
2007-10-01,34.50,35.90,34.07,35.50,2282400,35.50
2007-09-28,34.22,34.35,33.49,34.00,1051400,34.00
2007-09-27,35.00,35.00,34.17,34.40,2087800,34.40
2007-09-26,33.40,34.10,33.27,33.89,1193700,33.89
2007-09-25,33.15,33.47,32.80,33.30,724800,33.30
2007-09-24,34.00,34.24,33.07,33.40,816500,33.40
2007-09-21,33.70,34.00,33.30,33.90,1057700,33.90
2007-09-20,33.76,33.80,32.30,33.00,981900,33.00
2007-09-19,32.90,34.40,32.53,33.45,1622500,33.45
2007-09-18,30.98,33.40,30.75,32.40,1183500,32.40
2007-09-17,31.09,31.09,30.12,30.71,448200,30.71
2007-09-14,31.00,31.50,30.30,31.18,1049200,31.18
2007-09-13,31.90,31.90,31.01,31.01,809100,31.01
2007-09-12,32.20,32.20,31.29,31.29,891500,31.29
2007-09-11,31.70,32.27,31.16,32.00,1701100,32.00
2007-09-10,32.09,32.45,31.11,31.11,1473500,31.11
2007-09-06,33.46,34.04,31.99,32.86,1797700,32.86
2007-09-05,33.99,33.99,32.65,33.30,1126000,33.30
2007-09-04,33.98,34.50,33.30,34.50,1686000,34.50
2007-09-03,33.69,34.38,32.65,34.21,772200,34.21
2007-08-31,33.50,33.59,32.31,33.49,3279500,33490.00
2007-08-30,33.00,33.99,31.50,32.60,1524400,32600.00
2007-08-29,31.99,33.29,31.60,33.18,1386600,33180.00
2007-08-28,33.31,33.31,31.61,31.71,1310400,31710.00
2007-08-27,32.39,33.95,32.27,33.85,1519000,33850.00
2007-08-24,31.01,32.50,31.01,32.50,3578200,32500.00
2007-08-23,30.90,31.01,29.51,30.60,1080100,30600.00
2007-08-22,30.01,30.90,30.00,30.70,1626500,30700.00
2007-08-21,29.50,30.01,28.73,30.00,1776200,30000.00
2007-08-20,28.50,29.59,27.65,29.59,3008800,29590.00
2007-08-17,28.79,28.97,25.11,28.00,4842700,28000.00
2007-08-16,26.00,26.50,23.00,26.50,5099500,26500.00
2007-08-15,28.99,29.60,26.77,26.85,4225400,26850.00
2007-08-14,31.36,31.36,29.36,29.51,1407400,29510.00
2007-08-13,31.27,31.97,30.80,31.20,1720700,31200.00
2007-08-10,30.71,31.00,30.21,30.70,2237800,30700.00
2007-08-09,32.51,33.00,31.61,31.85,1803400,31850.00
2007-08-08,32.82,33.75,32.70,33.35,1417600,33350.00
2007-08-07,31.46,32.60,30.69,32.60,1043000,32600.00
2007-08-06,31.80,32.30,29.82,31.50,3109900,31500.00
2007-08-03,33.01,33.80,31.35,31.70,1736400,31700.00
2007-08-02,33.89,33.89,32.65,33.69,559500,33690.00
2007-08-01,33.60,33.70,32.30,33.48,1728800,33480.00
2007-07-31,34.26,34.87,33.51,34.12,1701600,34120.00
2007-07-30,32.69,34.26,32.36,34.26,1000400,34260.00
2007-07-27,32.25,33.99,32.25,32.69,2438700,32690.00
2007-07-26,33.41,33.41,31.30,33.00,1227100,33000.00
2007-07-25,34.00,35.10,32.45,34.00,2441800,34000.00
2007-07-24,35.13,35.13,32.59,33.89,1532300,33890.00
2007-07-23,35.98,36.23,35.10,35.26,1013100,35260.00
2007-07-20,35.35,35.89,35.05,35.88,662700,35880.00
2007-07-19,35.52,36.30,34.95,35.52,1101800,35520.00
2007-07-18,35.30,35.85,34.66,35.85,622200,35850.00
2007-07-17,35.51,36.40,35.02,35.30,1488900,35300.00
2007-07-16,36.05,36.05,35.35,35.45,1493400,35450.00
2007-07-13,36.65,36.75,35.85,36.00,1217600,36000.00
2007-07-12,35.83,36.70,35.70,36.70,912400,36700.00
2007-07-11,35.86,36.40,35.56,36.25,875300,36250.00
2007-07-10,36.19,36.20,35.31,36.10,1284900,36100.00
2007-07-09,36.19,36.19,36.19,36.19,000,36190.00
2007-07-06,36.19,36.25,36.19,36.19,825100,36190.00
2007-07-05,35.66,36.05,34.70,35.99,1340200,35990.00
2007-07-04,35.80,35.90,35.45,35.70,408800,35700.00
2007-07-03,35.65,36.00,35.22,35.99,885400,35990.00
2007-07-02,35.35,35.69,35.10,35.65,922000,35650.00
2007-06-29,35.09,35.25,34.66,35.25,963000,35250.00
2007-06-28,34.69,35.20,34.15,34.84,1457500,34840.00
2007-06-27,35.00,35.20,34.40,34.50,1363000,34500.00
2007-06-26,35.99,36.17,35.20,35.20,763800,35200.00
2007-06-25,35.80,36.14,35.34,35.89,1007400,35890.00
2007-06-22,35.60,36.00,35.10,36.00,846400,36000.00
2007-06-21,35.53,36.10,34.86,35.90,785600,35900.00
2007-06-20,35.49,35.80,34.50,35.50,1066300,35500.00
2007-06-19,35.44,35.53,34.80,35.13,1200100,35130.00
2007-06-18,36.58,36.80,35.35,35.44,2200100,35440.00
2007-06-15,35.30,36.58,35.25,36.50,1308900,36500.00
2007-06-14,35.01,35.24,34.54,35.24,1171800,35240.00
2007-06-13,35.50,35.85,34.39,34.71,3548300,34710.00
2007-06-12,36.30,36.40,35.01,35.01,1350900,35010.00
2007-06-11,36.75,36.95,36.00,36.59,1455700,36590.00
2007-06-08,34.63,36.85,34.15,36.70,1699900,36700.00
2007-06-07,35.30,35.30,35.30,35.30,000,35300.00
2007-06-06,34.95,35.30,34.63,35.30,948400,35300.00
2007-06-05,35.80,35.85,34.70,35.29,1347700,35290.00
2007-06-04,34.40,35.85,34.10,35.84,1616100,35840.00
2007-06-01,34.60,34.75,33.60,34.40,2585200,34400.00
2007-05-31,34.68,34.95,33.50,34.40,1354300,34400.00
2007-05-30,33.49,34.40,33.11,34.30,1903800,34300.00
2007-05-29,34.76,35.35,33.80,33.80,1931200,33800.00
2007-05-28,33.90,35.00,33.71,34.72,1066500,34720.00
2007-05-25,32.46,34.00,32.40,33.90,1647300,33900.00
2007-05-24,32.22,32.88,31.90,32.46,1160600,32460.00
2007-05-23,32.59,32.84,31.90,32.63,2734900,32630.00
2007-05-22,31.00,32.44,30.90,32.44,2115700,32440.00
2007-05-21,30.95,31.40,29.76,31.25,1595000,31250.00
2007-05-18,31.03,31.05,30.42,30.79,2198400,30790.00
2007-05-17,31.59,31.60,30.89,30.89,2723800,30890.00
2007-05-16,30.90,31.70,30.50,31.60,2848500,31600.00
2007-05-15,31.00,31.21,30.80,30.90,873700,30900.00
2007-05-14,31.15,31.38,30.80,31.20,587900,31200.00
2007-05-11,31.26,31.69,30.71,31.00,908800,31000.00
2007-05-10,31.90,32.40,31.30,31.30,1083000,31300.00
2007-05-09,31.75,32.40,31.26,32.40,973200,32400.00
2007-05-08,31.55,31.87,31.00,31.70,714400,31700.00
2007-05-07,31.60,31.90,31.02,31.74,611900,31740.00
2007-05-04,31.60,31.90,31.10,31.75,1440600,31750.00
2007-05-03,31.50,31.86,30.90,31.60,1176700,31600.00
2007-05-02,30.63,31.40,30.60,31.10,1447000,31100.00
2007-05-01,30.63,30.63,30.63,30.63,000,30630.00
2007-04-30,30.44,30.63,30.04,30.63,927600,30630.00
2007-04-27,30.39,30.44,29.85,30.40,913700,30400.00
2007-04-26,30.10,30.39,29.53,30.39,828500,30390.00
2007-04-25,29.76,29.98,29.40,29.95,1142400,29950.00
2007-04-24,30.00,30.10,29.45,29.69,910000,29690.00
2007-04-23,30.00,30.00,29.63,29.90,651200,29900.00
2007-04-20,30.20,30.50,29.20,29.90,2077300,29900.00
2007-04-19,29.40,29.82,28.51,29.50,5277400,29500.00
2007-04-18,27.85,27.96,27.53,27.70,1200800,27700.00
2007-04-17,28.49,28.49,27.80,27.90,530400,27900.00
2007-04-16,28.40,28.50,28.21,28.30,788000,28300.00
2007-04-13,27.76,28.00,27.52,28.00,838100,28000.00
2007-04-12,27.40,27.70,27.05,27.70,675600,27700.00
2007-04-11,27.62,27.90,26.89,27.65,655100,27650.00
2007-04-10,28.14,28.14,27.67,27.70,666900,27700.00
2007-04-09,28.01,28.21,27.66,27.90,697400,27900.00
2007-04-06,27.95,27.95,27.95,27.95,000,27950.00
2007-04-05,28.14,28.14,27.60,27.95,763200,27950.00
2007-04-04,28.69,28.69,27.62,27.78,1478100,27780.00
2007-04-03,28.50,28.50,27.95,28.40,1115500,28400.00
2007-04-02,27.75,28.00,27.50,28.00,653800,28000.00
2007-03-30,29.00,29.00,27.60,28.00,1224200,28000.00
2007-03-29,29.00,29.87,27.60,28.70,3346100,28700.00
2007-03-28,26.90,28.55,26.54,28.55,1250700,28550.00
2007-03-27,27.25,28.40,27.02,27.50,1786600,27500.00
2007-03-26,26.90,27.35,26.42,27.25,344300,27250.00
2007-03-23,26.92,27.19,26.60,27.10,551900,27100.00
2007-03-22,27.15,27.30,26.15,27.00,745800,27000.00
2007-03-21,26.65,27.15,26.25,27.15,1386500,27150.00
2007-03-20,27.22,27.50,26.40,26.65,2524700,26650.00
2007-03-19,27.80,27.80,26.40,27.15,2878900,27150.00
2007-03-16,26.60,27.56,26.60,27.45,630700,27450.00
2007-03-15,26.86,27.08,26.10,27.08,1444900,27080.00
2007-03-14,25.88,27.08,25.10,27.08,956400,27080.00
2007-03-13,26.90,26.90,25.55,26.40,1411600,26400.00
2007-03-12,27.37,27.37,26.61,26.90,946300,26900.00
2007-03-09,26.96,27.80,26.50,26.90,1473900,26900.00
2007-03-08,26.25,27.00,26.00,26.80,1577600,26800.00
2007-03-07,25.10,26.15,25.00,25.80,1665200,25800.00
2007-03-06,23.94,25.00,23.13,25.00,832400,25000.00
2007-03-05,23.46,24.10,22.90,23.00,1640500,23000.00
2007-03-02,24.53,24.89,23.75,24.20,1131900,24200.00
2007-03-01,24.49,25.00,23.30,25.00,1001700,25000.00
2007-02-28,24.20,25.05,23.50,25.05,1634500,25050.00
2007-02-27,24.98,24.98,22.90,24.20,1785600,24200.00
2007-02-26,25.49,25.85,25.11,25.85,767700,25850.00
2007-02-23,25.80,25.81,25.21,25.49,553200,25490.00
2007-02-22,26.00,26.00,25.36,25.78,795400,25780.00
2007-02-21,25.70,26.40,25.31,25.84,657300,25840.00
2007-02-20,25.70,25.70,25.70,25.70,000,25700.00
2007-02-19,25.70,25.70,25.70,25.70,000,25700.00
2007-02-16,25.60,26.40,25.50,25.70,1163800,25700.00
2007-02-15,24.30,26.05,24.19,25.75,5310400,25750.00
2007-02-14,23.48,24.39,23.10,24.30,1460100,24300.00
2007-02-13,22.70,23.20,22.45,23.20,1434100,23200.00
2007-02-12,22.95,23.17,22.60,22.70,945200,22700.00
2007-02-09,23.37,23.53,23.04,23.06,1321600,23060.00
2007-02-08,22.95,23.59,22.70,23.59,1592100,23590.00
2007-02-07,23.50,23.50,22.70,23.25,731600,23250.00
2007-02-06,23.95,24.08,23.45,23.45,1217300,23450.00
2007-02-05,24.20,24.20,23.85,23.90,561100,23900.00
2007-02-02,24.60,24.90,24.06,24.20,476400,24200.00
2007-02-01,24.90,25.50,24.02,24.50,1392200,24500.00
2007-01-31,24.00,24.70,23.82,24.70,1276100,24700.00
2007-01-30,24.11,24.34,24.00,24.17,709400,24170.00
2007-01-29,24.75,24.75,23.81,24.00,405200,24000.00
2007-01-26,24.36,24.65,23.64,24.64,580600,24640.00
2007-01-25,24.85,24.85,24.85,24.85,000,24850.00
2007-01-24,24.55,24.85,24.40,24.85,853000,24850.00
2007-01-23,23.99,24.60,23.60,24.60,228800,24600.00
2007-01-22,23.78,24.20,23.51,24.20,356300,24200.00
2007-01-19,23.30,23.79,23.12,23.79,497300,23790.00
2007-01-18,23.30,23.83,22.70,23.15,358500,23150.00
2007-01-17,23.27,23.30,22.80,23.15,412000,23150.00
2007-01-16,23.08,23.30,22.94,23.20,393500,23200.00
2007-01-15,23.50,23.79,23.10,23.40,279600,23400.00
2007-01-12,23.90,24.20,23.01,23.30,1767300,23300.00
2007-01-11,23.40,23.99,23.01,23.85,551600,23850.00
2007-01-10,23.20,23.87,22.55,23.40,1184200,23400.00
2007-01-09,23.72,23.95,22.79,23.70,1194100,23700.00
2007-01-08,24.15,24.65,23.40,23.89,1173300,23890.00
2007-01-05,24.35,24.70,23.05,24.30,1413700,24300.00
2007-01-04,24.93,24.93,24.22,24.80,698900,24800.00
2007-01-03,25.09,25.09,24.21,24.95,481600,24950.00
2007-01-02,25.00,25.50,24.90,25.10,538000,25100.00
2007-01-01,25.00,25.00,25.00,25.00,000,25000.00
2006-12-29,25.00,25.00,25.00,25.00,000,25000.00
2006-12-28,24.16,25.10,24.16,25.00,2003500,25000.00
2006-12-27,23.90,24.55,23.90,24.55,917400,24550.00
2006-12-26,23.98,24.00,23.54,23.91,206600,23910.00
2006-12-25,23.85,23.85,23.85,23.85,000,23850.00
2006-12-22,23.75,23.99,23.49,23.85,1158200,23850.00
2006-12-21,23.55,23.89,23.55,23.75,861300,23750.00
2006-12-20,23.60,23.88,23.51,23.84,1158900,23840.00
2006-12-19,23.27,23.50,22.80,23.50,958600,23500.00
2006-12-18,24.05,24.05,23.40,23.80,1338500,23800.00
2006-12-15,24.00,24.20,23.50,23.75,524900,23750.00
2006-12-14,23.38,23.90,23.10,23.80,694200,23800.00
2006-12-13,23.31,23.49,23.00,23.40,1449200,23400.00
2006-12-12,22.90,23.35,22.73,23.14,791500,23140.00
2006-12-11,22.89,23.00,22.66,23.00,371700,23000.00
2006-12-08,22.78,22.90,22.40,22.80,488900,22800.00
2006-12-07,22.90,22.90,22.20,22.90,724200,22900.00
2006-12-06,22.80,22.90,22.29,22.59,421600,22590.00
2006-12-05,22.27,22.90,22.07,22.79,883500,22790.00
2006-12-04,21.90,22.27,21.52,22.27,757900,22270.00
2006-12-01,22.00,22.39,20.91,21.51,634600,21510.00
2006-11-30,22.30,22.70,21.98,21.98,3457400,21980.00
2006-11-29,21.94,22.30,21.81,22.30,1460700,22300.00
2006-11-28,21.14,21.70,20.95,21.70,769600,21700.00
2006-11-27,21.41,21.70,20.80,21.06,1161800,21060.00
2006-11-24,21.50,21.96,21.23,21.80,579500,21800.00
2006-11-23,21.74,21.89,21.15,21.89,500000,21890.00
2006-11-22,20.95,21.85,20.95,21.60,1499900,21600.00
2006-11-21,20.30,21.21,20.30,21.00,1279500,21000.00
2006-11-20,20.32,20.32,20.32,20.32,000,20320.00
2006-11-17,20.20,20.44,20.05,20.32,1275800,20320.00
2006-11-16,20.60,20.85,20.17,20.40,1803700,20400.00
2006-11-15,20.70,20.70,20.70,20.70,000,20700.00
2006-11-14,19.69,20.70,19.60,20.70,1021700,20700.00
2006-11-13,19.39,19.80,19.03,19.50,661300,19500.00
2006-11-10,20.00,20.00,19.40,19.55,790800,19550.00
2006-11-09,20.48,20.65,19.81,19.98,452500,19980.00
2006-11-08,20.22,20.48,19.81,20.48,1126000,20480.00
2006-11-07,20.67,20.80,20.16,20.24,401900,20240.00
2006-11-06,21.15,21.40,20.75,20.75,961000,20750.00
2006-11-03,20.89,21.25,20.55,21.25,822700,21250.00
2006-11-02,20.85,20.85,20.85,20.85,000,20850.00
2006-11-01,20.85,21.00,20.60,20.85,612200,20850.00
2006-10-31,20.30,20.90,20.30,20.90,596200,20900.00
2006-10-30,20.40,20.40,19.70,20.25,772600,20250.00
2006-10-27,20.18,20.35,19.82,20.20,429200,20200.00
2006-10-26,20.22,20.22,19.80,20.15,470400,20150.00
2006-10-25,20.55,20.60,19.85,19.98,949700,19980.00
2006-10-24,20.80,20.80,20.20,20.48,511500,20480.00
2006-10-23,20.50,20.85,20.05,20.80,712000,20800.00
2006-10-20,20.79,20.87,20.40,20.60,391700,20600.00
2006-10-19,20.35,20.85,20.20,20.80,693300,20800.00
2006-10-18,20.53,20.70,19.70,20.35,920200,20350.00
2006-10-17,20.42,20.60,20.28,20.31,620000,20310.00
2006-10-16,20.94,20.94,20.36,20.75,516600,20750.00
2006-10-13,20.87,20.90,20.30,20.80,686700,20800.00
2006-10-12,20.60,20.60,20.60,20.60,000,20600.00
2006-10-11,21.34,21.34,20.35,20.60,1448800,20600.00
2006-10-10,21.69,21.95,21.00,21.69,1214000,21690.00
2006-10-09,21.47,21.47,21.15,21.15,3200,21150.00
2006-10-06,20.50,21.30,20.43,21.30,768700,21300.00
2006-10-05,20.28,20.89,20.00,20.89,900500,20890.00
2006-10-04,20.04,20.44,19.90,20.15,1268700,20150.00
2006-10-03,20.20,20.70,19.71,19.85,1408600,19850.00
2006-10-02,20.19,20.59,19.73,20.45,1268700,20450.00
2006-09-29,18.84,19.60,18.42,19.60,2126100,19600.00
2006-09-28,18.50,18.73,18.16,18.66,581200,18660.00
2006-09-27,17.78,18.70,17.77,18.45,464200,18450.00
2006-09-26,18.00,18.40,17.80,18.30,791100,18300.00
2006-09-25,18.20,18.29,17.30,18.17,821800,18170.00
2006-09-22,17.42,17.88,17.21,17.85,824400,17850.00
2006-09-21,18.29,18.49,17.27,17.70,947300,17700.00
2006-09-20,18.21,18.40,17.61,18.00,752200,18000.00
2006-09-19,18.50,18.55,18.10,18.40,670400,18400.00
2006-09-18,18.49,18.69,18.35,18.50,257000,18500.00
2006-09-15,18.82,18.82,18.25,18.39,403400,18390.00
2006-09-14,18.85,18.85,18.31,18.64,437300,18640.00
2006-09-13,18.85,18.88,18.31,18.60,1622300,18600.00
2006-09-12,19.00,19.00,18.43,18.85,697000,18850.00
2006-09-11,19.10,19.10,18.20,18.70,770100,18700.00
2006-09-08,19.20,19.30,18.80,19.20,735600,19200.00
2006-09-07,18.99,18.99,18.99,18.99,000,18990.00
2006-09-06,18.90,19.19,18.59,18.99,685300,18990.00
2006-09-05,19.30,19.34,18.90,19.00,1182200,19000.00
2006-09-04,19.48,19.60,19.15,19.25,940700,19250.00
2006-09-01,19.39,19.49,19.16,19.48,739700,19480.00
2006-08-31,19.10,19.50,19.10,19.15,1258500,19150.00
2006-08-30,19.34,19.34,19.02,19.20,648300,19200.00
2006-08-29,19.35,19.37,19.00,19.25,579700,19250.00
2006-08-28,19.05,19.34,19.00,19.34,431500,19340.00
2006-08-25,19.03,19.45,18.65,19.20,885200,19200.00
2006-08-24,18.80,19.00,18.10,19.00,663600,19000.00
2006-08-23,18.45,18.94,18.10,18.79,680800,18790.00
2006-08-22,19.15,19.15,18.30,18.90,508600,18900.00
2006-08-21,18.90,19.40,18.22,18.83,1413200,18830.00
2006-08-18,19.25,19.60,19.10,19.50,2941800,19500.00
2006-08-17,19.70,19.85,19.50,19.60,2176900,19600.00
2006-08-16,19.60,19.70,19.16,19.70,761300,19700.00
2006-08-15,19.35,19.65,19.25,19.60,817500,19600.00
2006-08-14,19.05,19.45,18.70,19.16,408300,19160.00
2006-08-11,19.50,19.69,18.72,19.10,529000,19100.00
2006-08-10,18.99,19.70,18.90,19.39,1500200,19390.00
2006-08-09,18.75,19.37,18.70,19.00,1751100,19000.00
2006-08-08,18.29,18.60,18.20,18.50,1018500,18500.00
2006-08-07,18.05,18.30,18.00,18.10,308300,18100.00
2006-08-04,17.97,18.45,17.90,18.20,2068200,18200.00
2006-08-03,17.22,17.94,17.22,17.85,2735400,17850.00
2006-08-02,17.94,18.60,17.60,17.60,3438200,17600.00
2006-08-01,16.98,17.90,16.71,17.80,4450200,17800.00
2006-07-31,16.81,17.69,16.40,17.15,10840800,17150.00
