01/01/2003 9200.00 9200.00 9200.00 9200.00 0 0.00 0.00
02/01/2003 9400.00 9200.00 9500.00 9300.00 0 106800.00 106800.00
03/01/2003 9500.00 9300.00 9500.00 9300.00 0 81700.00 81700.00
06/01/2003 9500.00 9400.00 9600.00 9600.00 0 270400.00 270400.00
07/01/2003 9500.00 9300.00 9600.00 9500.00 0 266600.00 266600.00
08/01/2003 9400.00 9200.00 9400.00 9300.00 0 128400.00 128400.00
09/01/2003 9300.00 9200.00 9400.00 9400.00 0 87000.00 87000.00
10/01/2003 9400.00 9400.00 9600.00 9600.00 0 109100.00 109100.00
13/01/2003 9500.00 9300.00 9600.00 9300.00 0 88800.00 88800.00
14/01/2003 9500.00 9300.00 9500.00 9300.00 0 45700.00 45700.00
15/01/2003 9300.00 9300.00 9500.00 9400.00 0 151200.00 151200.00
16/01/2003 9400.00 9200.00 9500.00 9200.00 0 89700.00 89700.00
17/01/2003 9200.00 9100.00 9300.00 9200.00 0 89400.00 89400.00
20/01/2003 9200.00 9100.00 9300.00 9100.00 0 54700.00 54700.00
21/01/2003 9200.00 9100.00 9300.00 9200.00 0 114500.00 114500.00
22/01/2003 9100.00 9100.00 9400.00 9200.00 0 116000.00 116000.00
23/01/2003 9300.00 9100.00 9400.00 9400.00 0 144700.00 144700.00
24/01/2003 9400.00 8900.00 9400.00 8900.00 0 110300.00 110300.00
27/01/2003 8800.00 8400.00 8800.00 8400.00 0 180600.00 180600.00
28/01/2003 8400.00 8300.00 8700.00 8600.00 0 127900.00 127900.00
29/01/2003 8500.00 8500.00 8800.00 8800.00 0 134200.00 134200.00
30/01/2003 8800.00 8600.00 8800.00 8600.00 0 46300.00 46300.00
31/01/2003 8600.00 8600.00 9000.00 8800.00 0 54600.00 54600.00
03/02/2003 9100.00 9100.00 9500.00 9200.00 0 119300.00 119300.00
04/02/2003 9300.00 8900.00 9400.00 9000.00 0 84600.00 84600.00
05/02/2003 9100.00 8900.00 9300.00 9100.00 0 131900.00 131900.00
06/02/2003 9100.00 9000.00 9300.00 9300.00 0 64500.00 64500.00
07/02/2003 9300.00 9100.00 9400.00 9100.00 0 68400.00 68400.00
10/02/2003 9200.00 9100.00 9400.00 9300.00 0 115300.00 115300.00
11/02/2003 9400.00 9400.00 9800.00 9800.00 0 348300.00 348300.00
12/02/2003 9800.00 9800.00 10200.00 10200.00 0 478500.00 478500.00
13/02/2003 10300.00 9800.00 10300.00 9800.00 0 401300.00 401300.00
14/02/2003 9900.00 9800.00 10200.00 10100.00 0 314900.00 314900.00
17/02/2003 10200.00 10200.00 10700.00 10700.00 0 211800.00 211800.00
18/02/2003 10900.00 10700.00 11500.00 11400.00 0 558500.00 558500.00
19/02/2003 11400.00 11100.00 11500.00 11400.00 0 214700.00 214700.00
20/02/2003 11300.00 11100.00 11700.00 11300.00 0 206700.00 206700.00
21/02/2003 11500.00 11300.00 11600.00 11300.00 0 91400.00 91400.00
24/02/2003 11300.00 10600.00 11700.00 10900.00 0 311200.00 311200.00
25/02/2003 10700.00 10600.00 11200.00 11200.00 0 413700.00 413700.00
26/02/2003 11000.00 11000.00 11500.00 11200.00 0 159600.00 159600.00
27/02/2003 11400.00 11300.00 11700.00 11700.00 0 203000.00 203000.00
28/02/2003 11700.00 11600.00 11900.00 11900.00 0 101300.00 101300.00
03/03/2003 11900.00 11900.00 11900.00 11900.00 0 0.00 0.00
04/03/2003 11900.00 11900.00 11900.00 11900.00 0 0.00 0.00
05/03/2003 11600.00 11500.00 11900.00 11900.00 0 53900.00 53900.00
06/03/2003 12200.00 11900.00 12300.00 12300.00 0 286800.00 286800.00
07/03/2003 12000.00 11800.00 12200.00 11900.00 0 168600.00 168600.00
10/03/2003 11800.00 11200.00 11800.00 11300.00 0 179800.00 179800.00
11/03/2003 11500.00 11100.00 11500.00 11400.00 0 115400.00 115400.00
12/03/2003 11600.00 11200.00 11600.00 11600.00 0 62700.00 62700.00
13/03/2003 11600.00 11600.00 12000.00 11800.00 0 117000.00 117000.00
14/03/2003 12000.00 11500.00 12100.00 11600.00 0 169100.00 169100.00
17/03/2003 11400.00 11100.00 11500.00 11200.00 0 176500.00 176500.00
18/03/2003 11400.00 11200.00 11600.00 11400.00 0 168600.00 168600.00
19/03/2003 11400.00 10900.00 11400.00 10900.00 0 198700.00 198700.00
20/03/2003 10900.00 10600.00 11500.00 11400.00 0 177300.00 177300.00
21/03/2003 11600.00 11100.00 11600.00 11400.00 0 233600.00 233600.00
24/03/2003 11100.00 10900.00 11200.00 11000.00 0 79600.00 79600.00
25/03/2003 11100.00 11100.00 11800.00 11600.00 0 139000.00 139000.00
26/03/2003 11700.00 11200.00 11900.00 11200.00 0 184300.00 184300.00
27/03/2003 11300.00 11200.00 11500.00 11300.00 0 90500.00 90500.00
28/03/2003 11500.00 11400.00 12100.00 12000.00 0 329300.00 329300.00
31/03/2003 11900.00 11700.00 12000.00 11900.00 0 191200.00 191200.00
01/04/2003 12200.00 11700.00 12400.00 11800.00 0 448100.00 448100.00
02/04/2003 12100.00 11600.00 12200.00 12000.00 0 336400.00 336400.00
03/04/2003 12000.00 11800.00 12200.00 12000.00 0 174100.00 174100.00
04/04/2003 12000.00 11700.00 12100.00 12000.00 0 144800.00 144800.00
07/04/2003 12200.00 12100.00 12500.00 12300.00 0 428800.00 428800.00
08/04/2003 12400.00 11900.00 12400.00 12100.00 0 273000.00 273000.00
09/04/2003 12000.00 12000.00 12200.00 12000.00 0 192300.00 192300.00
10/04/2003 12000.00 11900.00 12100.00 11900.00 0 150000.00 150000.00
11/04/2003 12100.00 12000.00 12500.00 12300.00 0 164600.00 164600.00
14/04/2003 12500.00 12300.00 13000.00 12900.00 0 381000.00 381000.00
15/04/2003 12900.00 12800.00 13200.00 13000.00 0 327600.00 327600.00
16/04/2003 13200.00 12600.00 13200.00 12700.00 0 292600.00 292600.00
17/04/2003 12800.00 12800.00 13000.00 13000.00 0 282100.00 282100.00
18/04/2003 13000.00 13000.00 13000.00 13000.00 0 0.00 0.00
21/04/2003 13000.00 13000.00 13000.00 13000.00 0 0.00 0.00
22/04/2003 13000.00 12600.00 13000.00 12700.00 0 150200.00 150200.00
23/04/2003 12800.00 12600.00 12800.00 12600.00 0 249500.00 249500.00
24/04/2003 12600.00 12600.00 12900.00 12900.00 0 397200.00 397200.00
25/04/2003 12700.00 12600.00 13000.00 12600.00 0 219900.00 219900.00
28/04/2003 12700.00 12700.00 13300.00 13200.00 0 284700.00 284700.00
29/04/2003 13300.00 12900.00 13400.00 13000.00 0 320200.00 320200.00
30/04/2003 13100.00 13100.00 13500.00 13200.00 0 552000.00 552000.00
01/05/2003 13200.00 13200.00 13200.00 13200.00 0 0.00 0.00
02/05/2003 13400.00 13300.00 13600.00 13400.00 0 223100.00 223100.00
05/05/2003 13400.00 13400.00 13800.00 13700.00 0 357700.00 357700.00
06/05/2003 13700.00 13500.00 13700.00 13600.00 0 220500.00 220500.00
07/05/2003 13700.00 13700.00 14600.00 14600.00 0 464700.00 464700.00
08/05/2003 14500.00 14500.00 14800.00 14500.00 0 306700.00 306700.00
09/05/2003 14700.00 14600.00 15000.00 14800.00 0 278100.00 278100.00
12/05/2003 14700.00 14600.00 15000.00 14800.00 0 292100.00 292100.00
13/05/2003 14700.00 13800.00 14900.00 13800.00 0 657800.00 657800.00
14/05/2003 13800.00 13700.00 14300.00 14100.00 0 207700.00 207700.00
15/05/2003 14000.00 13700.00 14000.00 13700.00 0 180800.00 180800.00
16/05/2003 13800.00 13600.00 14100.00 14100.00 0 189000.00 189000.00
19/05/2003 13700.00 13300.00 13800.00 13400.00 0 164500.00 164500.00
20/05/2003 13500.00 13100.00 13600.00 13200.00 0 161900.00 161900.00
21/05/2003 13300.00 13100.00 13600.00 13600.00 0 161300.00 161300.00
22/05/2003 13700.00 13400.00 13800.00 13500.00 0 250000.00 250000.00
23/05/2003 13400.00 13400.00 13800.00 13600.00 0 183300.00 183300.00
26/05/2003 13600.00 13400.00 13900.00 13500.00 0 58300.00 58300.00
27/05/2003 13500.00 13500.00 13800.00 13800.00 0 170300.00 170300.00
28/05/2003 13800.00 13800.00 14300.00 14000.00 0 264900.00 264900.00
29/05/2003 14200.00 14100.00 14500.00 14300.00 0 161300.00 161300.00
30/05/2003 14300.00 14100.00 14500.00 14200.00 0 149200.00 149200.00
02/06/2003 14300.00 14100.00 14500.00 14300.00 0 144700.00 144700.00
03/06/2003 14200.00 14100.00 14500.00 14300.00 0 368800.00 368800.00
04/06/2003 14300.00 14200.00 14500.00 14400.00 0 105800.00 105800.00
05/06/2003 14200.00 14200.00 14700.00 14500.00 0 148600.00 148600.00
06/06/2003 14600.00 14000.00 14600.00 14300.00 0 301700.00 301700.00
09/06/2003 14100.00 14100.00 14400.00 14200.00 0 101900.00 101900.00
10/06/2003 14200.00 14100.00 14600.00 14600.00 0 225500.00 225500.00
11/06/2003 14500.00 14100.00 14500.00 14300.00 0 92600.00 92600.00
12/06/2003 14400.00 14000.00 14500.00 14400.00 0 80900.00 80900.00
13/06/2003 14300.00 14100.00 14600.00 14300.00 0 73000.00 73000.00
16/06/2003 14300.00 14200.00 14500.00 14200.00 0 69800.00 69800.00
17/06/2003 14400.00 14400.00 14900.00 14600.00 0 299400.00 299400.00
18/06/2003 14800.00 14700.00 15300.00 14900.00 0 526700.00 526700.00
19/06/2003 14900.00 14900.00 14900.00 14900.00 0 0.00 0.00
20/06/2003 14800.00 14600.00 15000.00 14700.00 0 101900.00 101900.00
23/06/2003 14800.00 14700.00 15200.00 15000.00 0 137100.00 137100.00
24/06/2003 15200.00 15100.00 15400.00 15200.00 0 153200.00 153200.00
25/06/2003 15200.00 14700.00 15300.00 14800.00 0 515200.00 515200.00
26/06/2003 14800.00 14300.00 14900.00 14300.00 0 232300.00 232300.00
27/06/2003 14500.00 14300.00 14600.00 14500.00 0 161900.00 161900.00
30/06/2003 14400.00 14300.00 14700.00 14600.00 0 111200.00 111200.00
01/07/2003 14600.00 14600.00 15100.00 14800.00 0 276600.00 276600.00
02/07/2003 14900.00 14500.00 15000.00 14500.00 0 84200.00 84200.00
03/07/2003 14400.00 14200.00 14800.00 14500.00 0 235800.00 235800.00
04/07/2003 14400.00 14300.00 14600.00 14500.00 0 140400.00 140400.00
07/07/2003 14400.00 14100.00 14600.00 14100.00 0 322000.00 322000.00
08/07/2003 14100.00 14100.00 14400.00 14300.00 0 95300.00 95300.00
09/07/2003 14300.00 14300.00 14300.00 14300.00 0 0.00 0.00
10/07/2003 14400.00 14100.00 14400.00 14200.00 0 86800.00 86800.00
11/07/2003 14200.00 13700.00 14300.00 13800.00 0 234800.00 234800.00
14/07/2003 13900.00 13600.00 14100.00 14000.00 0 180500.00 180500.00
15/07/2003 14100.00 14000.00 14300.00 14000.00 0 331500.00 331500.00
16/07/2003 14200.00 14200.00 14500.00 14500.00 0 132800.00 132800.00
17/07/2003 14400.00 14100.00 14500.00 14300.00 0 165600.00 165600.00
18/07/2003 14300.00 14200.00 14500.00 14300.00 0 155300.00 155300.00
21/07/2003 14300.00 14000.00 14400.00 14200.00 0 81000.00 81000.00
22/07/2003 14300.00 14000.00 14300.00 14000.00 0 117000.00 117000.00
23/07/2003 14200.00 13800.00 14300.00 13900.00 0 126000.00 126000.00
24/07/2003 14000.00 13800.00 14100.00 14000.00 0 171700.00 171700.00
25/07/2003 14000.00 13700.00 14000.00 13800.00 0 96600.00 96600.00
28/07/2003 13800.00 13400.00 13800.00 13500.00 0 159100.00 159100.00
29/07/2003 13600.00 13400.00 13600.00 13500.00 0 89500.00 89500.00
30/07/2003 13600.00 13300.00 13700.00 13300.00 0 103100.00 103100.00
31/07/2003 13300.00 13100.00 13500.00 13200.00 0 100200.00 100200.00
01/08/2003 13200.00 12800.00 13200.00 12900.00 0 245800.00 245800.00
04/08/2003 12900.00 12600.00 12900.00 12600.00 0 3598800.00 3598800.00
05/08/2003 12800.00 12600.00 12900.00 12700.00 0 1181700.00 1181700.00
06/08/2003 12800.00 12800.00 13100.00 13000.00 0 195200.00 195200.00
07/08/2003 13000.00 13000.00 13900.00 13900.00 0 96600.00 96600.00
08/08/2003 13800.00 13000.00 14000.00 13200.00 0 470300.00 470300.00
11/08/2003 13300.00 13000.00 13600.00 13600.00 0 221400.00 221400.00
12/08/2003 13600.00 13200.00 13600.00 13500.00 0 112600.00 112600.00
13/08/2003 13400.00 13300.00 13800.00 13700.00 0 293800.00 293800.00
14/08/2003 13600.00 13500.00 13900.00 13900.00 0 105100.00 105100.00
15/08/2003 13700.00 13500.00 13900.00 13500.00 0 148000.00 148000.00
18/08/2003 13700.00 13500.00 13900.00 13700.00 0 200900.00 200900.00
19/08/2003 13900.00 13700.00 13900.00 13700.00 0 134600.00 134600.00
20/08/2003 13800.00 13400.00 14100.00 14100.00 0 374000.00 374000.00
21/08/2003 14100.00 13800.00 14600.00 14400.00 0 472300.00 472300.00
22/08/2003 14400.00 14400.00 14900.00 14700.00 0 441200.00 441200.00
25/08/2003 14900.00 14700.00 15200.00 14800.00 0 357200.00 357200.00
26/08/2003 14800.00 14800.00 15400.00 15300.00 0 634500.00 634500.00
27/08/2003 15300.00 14800.00 15400.00 14900.00 0 351400.00 351400.00
28/08/2003 15100.00 14500.00 15100.00 14600.00 0 292000.00 292000.00
29/08/2003 14500.00 14300.00 14600.00 14300.00 0 416600.00 416600.00
01/09/2003 14300.00 14300.00 14600.00 14500.00 0 270800.00 270800.00
02/09/2003 14500.00 14300.00 14600.00 14600.00 0 230200.00 230200.00
03/09/2003 14600.00 14200.00 14700.00 14200.00 0 485300.00 485300.00
04/09/2003 14400.00 14200.00 14700.00 14200.00 0 182600.00 182600.00
05/09/2003 14500.00 14100.00 14500.00 14300.00 0 192900.00 192900.00
08/09/2003 14400.00 14100.00 14500.00 14100.00 0 311600.00 311600.00
09/09/2003 14200.00 14100.00 14600.00 14400.00 0 303800.00 303800.00
10/09/2003 14300.00 14300.00 14900.00 14700.00 0 517800.00 517800.00
11/09/2003 14800.00 14500.00 14900.00 14500.00 0 265500.00 265500.00
12/09/2003 14600.00 14200.00 14600.00 14400.00 0 180000.00 180000.00
15/09/2003 14500.00 14200.00 14500.00 14200.00 0 152500.00 152500.00
16/09/2003 14300.00 14100.00 14400.00 14100.00 0 125500.00 125500.00
17/09/2003 14200.00 13900.00 14300.00 14100.00 0 289300.00 289300.00
18/09/2003 14100.00 13900.00 14200.00 14100.00 0 490800.00 490800.00
19/09/2003 14300.00 13800.00 14300.00 13900.00 0 325800.00 325800.00
22/09/2003 13800.00 13500.00 13900.00 13500.00 0 245700.00 245700.00
23/09/2003 13600.00 13300.00 13700.00 13500.00 0 237600.00 237600.00
24/09/2003 13500.00 13500.00 14000.00 13500.00 0 322700.00 322700.00
25/09/2003 13700.00 13100.00 13900.00 13100.00 0 356600.00 356600.00
26/09/2003 13200.00 13000.00 13500.00 13000.00 0 300000.00 300000.00
29/09/2003 13200.00 12900.00 13400.00 13200.00 0 269000.00 269000.00
30/09/2003 13300.00 13000.00 13500.00 13100.00 0 260000.00 260000.00
01/10/2003 13200.00 13200.00 13800.00 13700.00 0 369200.00 369200.00
02/10/2003 13800.00 13400.00 14100.00 13500.00 0 286100.00 286100.00
03/10/2003 13800.00 13500.00 13800.00 13600.00 0 270000.00 270000.00
06/10/2003 13600.00 13400.00 13700.00 13400.00 0 326300.00 326300.00
07/10/2003 13500.00 13200.00 13600.00 13200.00 0 438400.00 438400.00
08/10/2003 13400.00 13300.00 13600.00 13300.00 0 520800.00 520800.00
09/10/2003 13500.00 12800.00 13600.00 13000.00 0 764400.00 764400.00
10/10/2003 13000.00 12800.00 13200.00 12900.00 0 535800.00 535800.00
13/10/2003 13000.00 12900.00 13500.00 13500.00 0 1533400.00 1533400.00
14/10/2003 13800.00 13700.00 14000.00 13800.00 0 818800.00 818800.00
15/10/2003 13900.00 13400.00 14000.00 13500.00 0 526900.00 526900.00
16/10/2003 13600.00 13300.00 13700.00 13300.00 0 275300.00 275300.00
17/10/2003 13400.00 13200.00 13400.00 13200.00 0 199800.00 199800.00
20/10/2003 13300.00 13200.00 13600.00 13400.00 0 365500.00 365500.00
21/10/2003 13500.00 13400.00 13900.00 13700.00 0 522000.00 522000.00
22/10/2003 13700.00 13600.00 13900.00 13700.00 0 467700.00 467700.00
23/10/2003 13600.00 13400.00 13600.00 13400.00 0 245400.00 245400.00
24/10/2003 13300.00 13200.00 13800.00 13700.00 0 253400.00 253400.00
27/10/2003 13800.00 13500.00 13800.00 13500.00 0 271800.00 271800.00
28/10/2003 13500.00 13400.00 13800.00 13600.00 0 156400.00 156400.00
29/10/2003 13700.00 13300.00 13800.00 13400.00 0 472100.00 472100.00
30/10/2003 13300.00 13300.00 13600.00 13300.00 0 270000.00 270000.00
31/10/2003 13400.00 13100.00 13400.00 13100.00 0 266700.00 266700.00
03/11/2003 13300.00 13200.00 13400.00 13300.00 0 233300.00 233300.00
04/11/2003 13400.00 13100.00 13500.00 13300.00 0 246400.00 246400.00
05/11/2003 13300.00 13100.00 13300.00 13100.00 0 330000.00 330000.00
06/11/2003 13300.00 13100.00 13300.00 13200.00 0 137500.00 137500.00
07/11/2003 13300.00 13200.00 13400.00 13200.00 0 149500.00 149500.00
10/11/2003 13300.00 13100.00 13300.00 13200.00 0 232100.00 232100.00
11/11/2003 13200.00 12900.00 13300.00 13000.00 0 674500.00 674500.00
12/11/2003 13100.00 13000.00 13200.00 13000.00 0 154100.00 154100.00
13/11/2003 13100.00 13100.00 13400.00 13300.00 0 385900.00 385900.00
14/11/2003 13400.00 13200.00 14300.00 14200.00 0 1346000.00 1346000.00
17/11/2003 14100.00 14100.00 14600.00 14300.00 0 1075300.00 1075300.00
18/11/2003 14500.00 14300.00 14900.00 14400.00 0 677900.00 677900.00
19/11/2003 14500.00 14200.00 14500.00 14300.00 0 258500.00 258500.00
20/11/2003 14500.00 14200.00 14600.00 14500.00 0 475100.00 475100.00
21/11/2003 14500.00 14100.00 14500.00 14100.00 0 252700.00 252700.00
24/11/2003 14300.00 14100.00 14400.00 14200.00 0 173000.00 173000.00
25/11/2003 14200.00 14000.00 14400.00 14100.00 0 358100.00 358100.00
26/11/2003 14200.00 14200.00 14400.00 14200.00 0 286400.00 286400.00
27/11/2003 14200.00 14200.00 14400.00 14200.00 0 133600.00 133600.00
28/11/2003 14300.00 14200.00 14400.00 14300.00 0 411800.00 411800.00
01/12/2003 14500.00 14400.00 14800.00 14600.00 0 545400.00 545400.00
02/12/2003 14700.00 14500.00 14800.00 14500.00 0 355200.00 355200.00
03/12/2003 14500.00 14300.00 14600.00 14500.00 0 237100.00 237100.00
04/12/2003 14500.00 14100.00 14500.00 14100.00 0 154900.00 154900.00
05/12/2003 14300.00 14200.00 14700.00 14600.00 0 390800.00 390800.00
08/12/2003 14700.00 14500.00 14800.00 14600.00 0 213000.00 213000.00
09/12/2003 14700.00 14700.00 15200.00 15200.00 0 751400.00 751400.00
10/12/2003 15100.00 15100.00 16400.00 15800.00 0 1575000.00 1575000.00
11/12/2003 16200.00 16100.00 16700.00 16400.00 0 1193700.00 1193700.00
12/12/2003 16600.00 15800.00 16700.00 15900.00 0 749600.00 749600.00
15/12/2003 16100.00 15500.00 16200.00 15500.00 0 616300.00 616300.00
16/12/2003 15600.00 15300.00 15800.00 15500.00 0 240200.00 240200.00
17/12/2003 15600.00 15600.00 16300.00 16300.00 0 472300.00 472300.00
18/12/2003 16200.00 16000.00 16400.00 16100.00 0 346000.00 346000.00
19/12/2003 16200.00 15800.00 16300.00 16100.00 0 261200.00 261200.00
22/12/2003 16000.00 16000.00 16200.00 16100.00 0 130300.00 130300.00
23/12/2003 16200.00 16200.00 16600.00 16600.00 0 468300.00 468300.00
24/12/2003 16600.00 16600.00 16600.00 16600.00 0 0.00 0.00
25/12/2003 16600.00 16600.00 16600.00 16600.00 0 0.00 0.00
26/12/2003 16500.00 16400.00 16800.00 16500.00 0 81200.00 81200.00
29/12/2003 16500.00 16100.00 16500.00 16400.00 0 217500.00 217500.00
30/12/2003 16400.00 16300.00 16800.00 16300.00 0 478200.00 478200.00
31/12/2003 16300.00 16300.00 16300.00 16300.00 0 0.00 0.00
01/01/2004 16300.00 16300.00 16300.00 16300.00 0 0.00 0.00
02/01/2004 16500.00 16500.00 17500.00 17500.00 0 404300.00 404300.00
05/01/2004 17800.00 17800.00 19900.00 19800.00 0 1330700.00 1330700.00
06/01/2004 20500.00 19600.00 21200.00 20500.00 0 1185700.00 1185700.00
07/01/2004 20100.00 19700.00 21200.00 19900.00 0 887200.00 887200.00
08/01/2004 20400.00 19800.00 20700.00 19800.00 0 565000.00 565000.00
09/01/2004 20000.00 18800.00 20200.00 19600.00 0 740100.00 740100.00
12/01/2004 19600.00 19300.00 20400.00 20000.00 0 405200.00 405200.00
13/01/2004 20500.00 19400.00 20500.00 19800.00 0 330400.00 330400.00
14/01/2004 20100.00 18400.00 20100.00 19800.00 0 559400.00 559400.00
15/01/2004 19500.00 18800.00 20600.00 19900.00 0 680500.00 680500.00
16/01/2004 20000.00 19500.00 20400.00 19500.00 0 288300.00 288300.00
19/01/2004 19600.00 19400.00 19900.00 19400.00 0 203000.00 203000.00
20/01/2004 19600.00 19000.00 19800.00 19500.00 0 309800.00 309800.00
21/01/2004 19600.00 19000.00 19600.00 19100.00 0 336300.00 336300.00
22/01/2004 18600.00 18500.00 19000.00 18600.00 0 370000.00 370000.00
23/01/2004 18600.00 18100.00 19400.00 19300.00 0 370000.00 370000.00
26/01/2004 19400.00 18900.00 19600.00 19200.00 0 264200.00 264200.00
27/01/2004 19200.00 18600.00 19300.00 18900.00 0 338000.00 338000.00
28/01/2004 19000.00 18900.00 19500.00 19200.00 0 237600.00 237600.00
29/01/2004 18800.00 17400.00 19000.00 17400.00 0 901800.00 901800.00
30/01/2004 17500.00 16000.00 17900.00 16300.00 0 717600.00 717600.00
02/02/2004 16600.00 15600.00 16900.00 15800.00 0 425000.00 425000.00
03/02/2004 16300.00 16100.00 16700.00 16700.00 0 300500.00 300500.00
04/02/2004 17200.00 16400.00 17400.00 16600.00 0 375200.00 375200.00
05/02/2004 16800.00 16300.00 17200.00 16400.00 0 380600.00 380600.00
06/02/2004 16200.00 16100.00 16900.00 16600.00 0 236800.00 236800.00
09/02/2004 17000.00 16500.00 17100.00 16500.00 0 187100.00 187100.00
10/02/2004 16600.00 16100.00 16900.00 16400.00 0 269100.00 269100.00
11/02/2004 16600.00 16300.00 17900.00 17700.00 0 430400.00 430400.00
12/02/2004 17800.00 17200.00 18100.00 17500.00 0 266600.00 266600.00
13/02/2004 17500.00 16400.00 17800.00 16900.00 0 427800.00 427800.00
16/02/2004 16700.00 16500.00 16900.00 16800.00 0 33100.00 33100.00
17/02/2004 16900.00 16100.00 17000.00 16600.00 0 336500.00 336500.00
18/02/2004 16800.00 16400.00 17000.00 16400.00 0 607900.00 607900.00
19/02/2004 16400.00 15500.00 16400.00 15700.00 0 370700.00 370700.00
20/02/2004 15200.00 15000.00 15800.00 15700.00 0 399500.00 399500.00
23/02/2004 15700.00 15700.00 15700.00 15700.00 0 0.00 0.00
24/02/2004 15700.00 15700.00 15700.00 15700.00 0 0.00 0.00
25/02/2004 15800.00 15800.00 16200.00 16000.00 0 180000.00 180000.00
26/02/2004 15900.00 15800.00 16300.00 16100.00 0 164000.00 164000.00
27/02/2004 16200.00 16200.00 17200.00 17100.00 0 607600.00 607600.00
01/03/2004 17400.00 17400.00 18400.00 18400.00 0 835400.00 835400.00
02/03/2004 17800.00 17600.00 18600.00 18400.00 0 638500.00 638500.00
03/03/2004 18700.00 18200.00 18800.00 18300.00 0 592900.00 592900.00
04/03/2004 18200.00 18100.00 18700.00 18300.00 0 364700.00 364700.00
05/03/2004 18700.00 18500.00 19500.00 19200.00 0 552300.00 552300.00
08/03/2004 19300.00 19000.00 19600.00 19000.00 0 548900.00 548900.00
09/03/2004 19100.00 18800.00 19300.00 18900.00 0 463300.00 463300.00
10/03/2004 18800.00 18100.00 19000.00 18300.00 0 493900.00 493900.00
11/03/2004 18200.00 17400.00 18700.00 17400.00 0 450400.00 450400.00
12/03/2004 17900.00 17700.00 19100.00 18900.00 0 288900.00 288900.00
15/03/2004 19000.00 18100.00 19000.00 18200.00 0 155900.00 155900.00
16/03/2004 18400.00 18300.00 18900.00 18900.00 0 309000.00 309000.00
17/03/2004 19000.00 18700.00 19100.00 18900.00 0 273200.00 273200.00
18/03/2004 19000.00 18600.00 19200.00 19200.00 0 220400.00 220400.00
19/03/2004 19200.00 18800.00 19300.00 18800.00 0 136200.00 136200.00
22/03/2004 19000.00 18300.00 19000.00 18600.00 0 130400.00 130400.00
23/03/2004 18700.00 17600.00 18800.00 17600.00 0 294300.00 294300.00
24/03/2004 17800.00 17100.00 18000.00 17800.00 0 458800.00 458800.00
25/03/2004 17900.00 17500.00 18300.00 17500.00 0 455800.00 455800.00
26/03/2004 17600.00 17600.00 18300.00 18000.00 0 254000.00 254000.00
29/03/2004 18100.00 17900.00 18600.00 18100.00 0 178600.00 178600.00
30/03/2004 18300.00 18300.00 19000.00 18900.00 0 396200.00 396200.00
31/03/2004 19400.00 19000.00 19600.00 19600.00 0 713400.00 713400.00
01/04/2004 19800.00 19500.00 20900.00 20900.00 0 1336900.00 1336900.00
02/04/2004 21100.00 20700.00 21400.00 20800.00 0 917100.00 917100.00
05/04/2004 21000.00 20700.00 21500.00 21000.00 0 506900.00 506900.00
06/04/2004 20900.00 20700.00 21300.00 20900.00 0 350200.00 350200.00
07/04/2004 20800.00 20600.00 21700.00 21600.00 0 467600.00 467600.00
08/04/2004 21700.00 21600.00 22700.00 22700.00 0 463600.00 463600.00
09/04/2004 22700.00 22700.00 22700.00 22700.00 0 0.00 0.00
12/04/2004 22600.00 21900.00 23000.00 22200.00 0 403400.00 403400.00
13/04/2004 22200.00 22200.00 22600.00 22500.00 0 368600.00 368600.00
14/04/2004 22400.00 22100.00 22900.00 22600.00 0 574300.00 574300.00
15/04/2004 22400.00 21500.00 22600.00 21900.00 0 605100.00 605100.00
16/04/2004 21900.00 21700.00 22300.00 22200.00 0 286700.00 286700.00
19/04/2004 22200.00 21500.00 22300.00 21800.00 0 347600.00 347600.00
20/04/2004 21800.00 21000.00 22000.00 21100.00 0 396600.00 396600.00
21/04/2004 21100.00 21100.00 21100.00 21100.00 0 0.00 0.00
22/04/2004 21200.00 20600.00 22200.00 21900.00 0 413500.00 413500.00
23/04/2004 21900.00 21900.00 21900.00 21900.00 0 0.00 0.00
26/04/2004 22500.00 22100.00 22500.00 22100.00 0 135600.00 135600.00
27/04/2004 22300.00 22200.00 23800.00 23200.00 0 423900.00 423900.00
28/04/2004 23100.00 22500.00 23300.00 22600.00 0 725800.00 725800.00
29/04/2004 22500.00 21200.00 23300.00 21800.00 0 528800.00 528800.00
30/04/2004 22000.00 21900.00 22900.00 22900.00 0 602200.00 602200.00
03/05/2004 22900.00 22300.00 23500.00 22600.00 0 381500.00 381500.00
04/05/2004 22700.00 22000.00 23000.00 22300.00 0 284100.00 284100.00
05/05/2004 22500.00 22300.00 22700.00 22400.00 0 177800.00 177800.00
06/05/2004 22300.00 22000.00 22700.00 22700.00 0 183100.00 183100.00
07/05/2004 22200.00 21700.00 22400.00 21700.00 0 328000.00 328000.00
10/05/2004 21500.00 19600.00 21500.00 19600.00 0 549200.00 549200.00
11/05/2004 20300.00 20200.00 21500.00 21400.00 0 444500.00 444500.00
12/05/2004 21800.00 21000.00 22400.00 22000.00 0 409000.00 409000.00
13/05/2004 22000.00 21600.00 22900.00 22800.00 0 475400.00 475400.00
14/05/2004 23100.00 23000.00 23800.00 23700.00 0 381000.00 381000.00
17/05/2004 23200.00 22800.00 23600.00 23200.00 0 218100.00 218100.00
18/05/2004 23600.00 23600.00 24000.00 23900.00 0 295100.00 295100.00
19/05/2004 24200.00 24100.00 25500.00 24100.00 0 526300.00 526300.00
20/05/2004 24200.00 23200.00 24800.00 23300.00 0 401500.00 401500.00
21/05/2004 23700.00 22500.00 23700.00 23000.00 0 392500.00 392500.00
24/05/2004 23200.00 22700.00 23800.00 22900.00 0 368000.00 368000.00
25/05/2004 23200.00 22700.00 23300.00 22800.00 0 237400.00 237400.00
26/05/2004 23000.00 22500.00 23600.00 23000.00 0 266200.00 266200.00
27/05/2004 23200.00 23100.00 24000.00 23400.00 0 224700.00 224700.00
28/05/2004 23800.00 23500.00 24000.00 23600.00 0 192800.00 192800.00
31/05/2004 23700.00 23000.00 23900.00 23000.00 0 89000.00 89000.00
01/06/2004 23000.00 22300.00 23400.00 23000.00 0 260600.00 260600.00
02/06/2004 23400.00 23100.00 24000.00 23600.00 0 348200.00 348200.00
03/06/2004 23600.00 22900.00 23700.00 23000.00 0 188600.00 188600.00
04/06/2004 23400.00 23400.00 23900.00 23500.00 0 181500.00 181500.00
07/06/2004 24000.00 23600.00 24100.00 23600.00 0 157700.00 157700.00
08/06/2004 23800.00 23300.00 23900.00 23500.00 0 120500.00 120500.00
09/06/2004 23500.00 23200.00 23700.00 23700.00 0 109600.00 109600.00
10/06/2004 23700.00 23700.00 23700.00 23700.00 0 0.00 0.00
11/06/2004 23700.00 23600.00 24100.00 23600.00 0 67400.00 67400.00
14/06/2004 23900.00 22800.00 23900.00 22900.00 0 188800.00 188800.00
15/06/2004 23300.00 22900.00 23400.00 23400.00 0 241100.00 241100.00
16/06/2004 23400.00 23400.00 24600.00 24600.00 0 502700.00 502700.00
17/06/2004 24300.00 23900.00 24700.00 24200.00 0 244800.00 244800.00
18/06/2004 24100.00 24000.00 24500.00 24100.00 0 129400.00 129400.00
21/06/2004 24300.00 24300.00 24800.00 24500.00 0 217200.00 217200.00
22/06/2004 24300.00 24000.00 24500.00 24500.00 0 148500.00 148500.00
23/06/2004 24500.00 24400.00 25000.00 24800.00 0 264300.00 264300.00
24/06/2004 25000.00 23900.00 25100.00 23900.00 0 335400.00 335400.00
25/06/2004 24500.00 23700.00 24500.00 23700.00 0 213500.00 213500.00
28/06/2004 24000.00 23200.00 24300.00 23200.00 0 209300.00 209300.00
29/06/2004 23400.00 23400.00 24000.00 24000.00 0 165100.00 165100.00
30/06/2004 24100.00 23900.00 24400.00 24100.00 0 235700.00 235700.00
01/07/2004 24400.00 23800.00 24500.00 24400.00 0 156300.00 156300.00
02/07/2004 24200.00 24200.00 25200.00 24700.00 0 414500.00 414500.00
05/07/2004 24900.00 24500.00 25100.00 24700.00 0 123200.00 123200.00
06/07/2004 24700.00 24200.00 24800.00 24200.00 0 213100.00 213100.00
07/07/2004 24500.00 24300.00 24800.00 24300.00 0 159700.00 159700.00
08/07/2004 24300.00 23700.00 24400.00 23700.00 0 208600.00 208600.00
09/07/2004 23700.00 23700.00 23700.00 23700.00 0 0.00 0.00
12/07/2004 24200.00 23700.00 24700.00 24600.00 0 328000.00 328000.00
13/07/2004 24500.00 24300.00 24800.00 24500.00 0 273300.00 273300.00
14/07/2004 24400.00 24300.00 25400.00 24600.00 0 680300.00 680300.00
15/07/2004 25000.00 24800.00 25300.00 25100.00 0 312300.00 312300.00
16/07/2004 25600.00 25500.00 26800.00 26500.00 0 645000.00 645000.00
19/07/2004 26600.00 26200.00 27300.00 27000.00 0 353900.00 353900.00
20/07/2004 27400.00 26800.00 27800.00 27200.00 0 458100.00 458100.00
21/07/2004 27700.00 27200.00 27800.00 27200.00 0 377500.00 377500.00
22/07/2004 27600.00 26800.00 28500.00 28500.00 0 346100.00 346100.00
23/07/2004 28400.00 28200.00 29400.00 28300.00 0 344300.00 344300.00
26/07/2004 28800.00 27200.00 29300.00 27900.00 0 273600.00 273600.00
27/07/2004 28000.00 27500.00 28600.00 28000.00 0 285700.00 285700.00
28/07/2004 28100.00 27800.00 29400.00 29400.00 0 188300.00 188300.00
29/07/2004 29400.00 29200.00 30500.00 30200.00 0 373900.00 373900.00
30/07/2004 30500.00 29800.00 30700.00 30000.00 0 330300.00 330300.00
02/08/2004 30000.00 29700.00 30500.00 30400.00 0 292600.00 292600.00
03/08/2004 30600.00 30100.00 30900.00 30300.00 0 578000.00 578000.00
04/08/2004 30500.00 29300.00 30500.00 29400.00 0 566300.00 566300.00
05/08/2004 29700.00 28000.00 29700.00 28500.00 0 353700.00 353700.00
06/08/2004 29000.00 28100.00 29300.00 29300.00 0 251100.00 251100.00
09/08/2004 29400.00 28500.00 29700.00 28600.00 0 235800.00 235800.00
10/08/2004 28900.00 28400.00 29100.00 29000.00 0 243500.00 243500.00
11/08/2004 28900.00 28200.00 28900.00 28600.00 0 232300.00 232300.00
12/08/2004 28800.00 28700.00 29200.00 28800.00 0 275100.00 275100.00
13/08/2004 29000.00 28500.00 29000.00 28700.00 0 154600.00 154600.00
16/08/2004 28900.00 28700.00 29100.00 28800.00 0 189400.00 189400.00
17/08/2004 29000.00 29000.00 29800.00 29700.00 0 296100.00 296100.00
18/08/2004 29900.00 29600.00 31400.00 31200.00 0 820800.00 820800.00
19/08/2004 31600.00 31200.00 32200.00 31600.00 0 267100.00 267100.00
20/08/2004 31800.00 31800.00 34000.00 33200.00 0 600100.00 600100.00
23/08/2004 33700.00 33300.00 34500.00 33600.00 0 466800.00 466800.00
24/08/2004 34500.00 34100.00 35000.00 34800.00 0 328800.00 328800.00
25/08/2004 35200.00 35100.00 36200.00 36100.00 0 500200.00 500200.00
26/08/2004 35800.00 34400.00 35900.00 35000.00 0 327800.00 327800.00
27/08/2004 35100.00 34000.00 35800.00 34100.00 0 289500.00 289500.00
30/08/2004 34400.00 33600.00 35100.00 35100.00 0 358700.00 358700.00
31/08/2004 35300.00 33900.00 35600.00 33900.00 0 473200.00 473200.00
01/09/2004 34100.00 33500.00 34600.00 34000.00 0 253300.00 253300.00
02/09/2004 33800.00 33600.00 34900.00 34200.00 0 396600.00 396600.00
03/09/2004 34500.00 33400.00 34900.00 33600.00 0 267200.00 267200.00
06/09/2004 33700.00 33700.00 33900.00 33900.00 0 61400.00 61400.00
07/09/2004 33900.00 33900.00 33900.00 33900.00 0 0.00 0.00
08/09/2004 34100.00 33400.00 34600.00 33500.00 0 318000.00 318000.00
09/09/2004 33700.00 32400.00 33800.00 32600.00 0 574400.00 574400.00
10/09/2004 32700.00 31600.00 32900.00 32000.00 0 801900.00 801900.00
13/09/2004 32200.00 31600.00 32300.00 31700.00 0 186600.00 186600.00
14/09/2004 31800.00 31400.00 33600.00 33000.00 0 232900.00 232900.00
15/09/2004 33100.00 32800.00 33800.00 33300.00 0 200500.00 200500.00
16/09/2004 33400.00 32600.00 33800.00 33000.00 0 365200.00 365200.00
17/09/2004 33200.00 32700.00 33300.00 32900.00 0 194400.00 194400.00
20/09/2004 33500.00 32800.00 33600.00 32900.00 0 249400.00 249400.00
21/09/2004 33100.00 32300.00 33200.00 32500.00 0 257100.00 257100.00
22/09/2004 32800.00 31700.00 32800.00 31800.00 0 278400.00 278400.00
23/09/2004 31900.00 31500.00 32300.00 31600.00 0 270300.00 270300.00
24/09/2004 31700.00 30500.00 32100.00 31300.00 0 250800.00 250800.00
27/09/2004 31300.00 30900.00 31600.00 31300.00 0 210300.00 210300.00
28/09/2004 31300.00 30600.00 32900.00 32900.00 0 283800.00 283800.00
29/09/2004 33000.00 32400.00 33100.00 33000.00 0 317700.00 317700.00
30/09/2004 33100.00 33000.00 33600.00 33300.00 0 316000.00 316000.00
01/10/2004 33500.00 33500.00 34300.00 34200.00 0 520900.00 520900.00
04/10/2004 34300.00 34300.00 34900.00 34900.00 0 290000.00 290000.00
05/10/2004 34900.00 33600.00 34900.00 33800.00 0 294600.00 294600.00
06/10/2004 34000.00 32900.00 34000.00 33100.00 0 259700.00 259700.00
07/10/2004 33000.00 32700.00 33600.00 33100.00 0 139300.00 139300.00
08/10/2004 33400.00 32500.00 33600.00 32500.00 0 174600.00 174600.00
11/10/2004 32600.00 32600.00 33300.00 32800.00 0 91900.00 91900.00
12/10/2004 32800.00 32800.00 32800.00 32800.00 0 0.00 0.00
13/10/2004 33000.00 31900.00 33000.00 32300.00 0 350400.00 350400.00
14/10/2004 32400.00 31600.00 32400.00 31700.00 0 216400.00 216400.00
15/10/2004 32000.00 31900.00 32500.00 32200.00 0 127000.00 127000.00
18/10/2004 32400.00 31500.00 32500.00 31600.00 0 166800.00 166800.00
19/10/2004 31800.00 31000.00 32100.00 31000.00 0 248900.00 248900.00
20/10/2004 30900.00 30400.00 32200.00 30700.00 0 516100.00 516100.00
21/10/2004 30500.00 30100.00 31200.00 30800.00 0 267100.00 267100.00
22/10/2004 31100.00 29800.00 31500.00 29800.00 0 239700.00 239700.00
25/10/2004 29900.00 28600.00 29900.00 28900.00 0 501600.00 501600.00
26/10/2004 29100.00 29000.00 30500.00 30500.00 0 256500.00 256500.00
27/10/2004 31000.00 30800.00 31400.00 31000.00 0 353500.00 353500.00
28/10/2004 30700.00 30200.00 32100.00 31100.00 0 294600.00 294600.00
29/10/2004 31500.00 31500.00 32100.00 31800.00 0 243900.00 243900.00
01/11/2004 32000.00 31900.00 33300.00 33300.00 0 181000.00 181000.00
02/11/2004 33300.00 33300.00 33300.00 33300.00 0 0.00 0.00
03/11/2004 33700.00 33400.00 34000.00 33500.00 0 447300.00 447300.00
04/11/2004 33600.00 33000.00 33600.00 33200.00 0 278800.00 278800.00
05/11/2004 33400.00 32000.00 33500.00 32000.00 0 386000.00 386000.00
08/11/2004 32200.00 31200.00 32300.00 32100.00 0 154600.00 154600.00
09/11/2004 32200.00 31900.00 32800.00 32300.00 0 158300.00 158300.00
10/11/2004 32500.00 32200.00 33000.00 32500.00 0 135200.00 135200.00
11/11/2004 32400.00 32200.00 32900.00 32800.00 0 102800.00 102800.00
12/11/2004 33000.00 32700.00 33100.00 33000.00 0 349800.00 349800.00
15/11/2004 33000.00 33000.00 33000.00 33000.00 0 0.00 0.00
16/11/2004 32.63 32.00 33.00 32.60 0 134400.00 134400.00
17/11/2004 32.65 32.60 34.09 33.67 0 209400.00 209400.00
18/11/2004 33.80 32.66 33.95 33.01 0 151500.00 151500.00
19/11/2004 33.05 32.16 33.20 32.56 0 302100.00 302100.00
22/11/2004 32.50 32.20 33.70 33.59 0 132400.00 132400.00
23/11/2004 33.60 33.41 33.74 33.48 0 224600.00 224600.00
24/11/2004 33.48 33.48 34.10 33.76 0 202400.00 202400.00
25/11/2004 33.85 33.85 34.28 34.23 0 209100.00 209100.00
26/11/2004 34.25 33.95 35.19 35.14 0 248700.00 248700.00
29/11/2004 35.22 34.70 35.55 34.82 0 206000.00 206000.00
30/11/2004 34.73 34.73 35.90 35.69 0 236600.00 236600.00
01/12/2004 35.70 35.61 36.80 35.83 0 446800.00 446800.00
02/12/2004 35.83 35.20 36.20 35.57 0 261900.00 261900.00
03/12/2004 35.51 35.46 36.50 36.25 0 128400.00 128400.00
06/12/2004 35.60 35.60 36.76 36.45 0 113700.00 113700.00
07/12/2004 36.50 35.70 36.75 35.88 0 251200.00 251200.00
08/12/2004 35.60 35.50 36.69 36.60 0 245800.00 245800.00
09/12/2004 36.61 36.61 37.70 37.00 0 315600.00 315600.00
10/12/2004 37.20 37.01 37.80 37.80 0 172600.00 172600.00
13/12/2004 37.90 37.01 38.24 38.20 0 180100.00 180100.00
14/12/2004 38.45 38.11 39.46 38.75 0 249100.00 249100.00
15/12/2004 38.75 38.75 40.10 39.00 0 719800.00 719800.00
16/12/2004 39.00 39.00 39.68 39.47 0 439500.00 439500.00
17/12/2004 39.30 39.05 39.89 39.60 0 188100.00 188100.00
20/12/2004 39.85 39.20 39.98 39.40 0 193000.00 193000.00
21/12/2004 39.39 39.20 39.65 39.58 0 130900.00 130900.00
22/12/2004 39.58 39.22 39.90 39.22 0 142200.00 142200.00
23/12/2004 39.10 38.02 39.10 38.39 0 426000.00 426000.00
24/12/2004 38.39 38.39 38.39 38.39 0 0.00 0.00
27/12/2004 38.50 37.81 39.34 38.30 0 142200.00 142200.00
28/12/2004 37.91 37.20 37.95 37.20 0 181600.00 181600.00
29/12/2004 37.40 37.40 37.70 37.55 0 181800.00 181800.00
30/12/2004 37.55 37.55 38.79 38.79 0 132700.00 132700.00
31/12/2004 38.79 38.79 38.79 38.79 0 0.00 0.00
03/01/2005 38.79 36.53 39.18 37.65 0 248000.00 248000.00
04/01/2005 37.70 36.57 38.30 36.75 0 184200.00 184200.00
05/01/2005 36.60 36.15 37.49 36.52 0 174300.00 174300.00
06/01/2005 36.60 35.90 36.60 35.95 0 209100.00 209100.00
07/01/2005 36.67 36.00 37.40 36.22 0 160300.00 160300.00
10/01/2005 36.23 35.70 36.50 35.80 0 292900.00 292900.00
11/01/2005 35.80 35.80 36.65 36.21 0 144600.00 144600.00
12/01/2005 36.80 36.20 37.20 37.20 0 137500.00 137500.00
13/01/2005 37.25 37.25 38.80 38.30 0 190800.00 190800.00
14/01/2005 38.00 37.70 38.77 38.70 0 138200.00 138200.00
17/01/2005 38.70 38.13 38.80 38.15 0 121800.00 121800.00
18/01/2005 37.90 36.05 37.95 37.00 0 257700.00 257700.00
19/01/2005 37.10 37.02 37.80 37.35 0 114200.00 114200.00
20/01/2005 36.90 35.70 37.10 36.30 0 271800.00 271800.00
21/01/2005 36.34 35.05 36.70 35.60 0 179200.00 179200.00
24/01/2005 35.42 35.42 36.24 36.00 0 163500.00 163500.00
25/01/2005 36.00 36.00 36.00 36.00 0 0.00 0.00
26/01/2005 36.76 36.20 37.00 36.70 0 150400.00 150400.00
27/01/2005 36.01 35.60 36.60 35.81 0 417500.00 417500.00
28/01/2005 35.81 35.20 37.20 37.00 0 414000.00 414000.00
31/01/2005 37.20 36.51 37.60 36.85 0 117800.00 117800.00
01/02/2005 37.39 36.20 37.39 36.25 0 241600.00 241600.00
02/02/2005 36.11 36.00 36.47 36.05 0 512500.00 512500.00
03/02/2005 36.05 36.00 36.46 36.30 0 110500.00 110500.00
04/02/2005 36.40 36.40 38.55 38.38 0 172700.00 172700.00
07/02/2005 38.38 38.38 38.38 38.38 0 0.00 0.00
08/02/2005 38.38 38.38 38.38 38.38 0 0.00 0.00
09/02/2005 38.37 37.26 38.73 38.51 0 74000.00 74000.00
10/02/2005 38.51 38.00 39.10 39.10 0 147300.00 147300.00
11/02/2005 39.09 38.25 40.00 39.63 0 218900.00 218900.00
14/02/2005 39.55 38.41 40.50 40.24 0 234900.00 234900.00
15/02/2005 39.50 39.50 41.20 41.15 0 281800.00 281800.00
16/02/2005 41.20 40.91 42.25 41.16 0 604600.00 604600.00
17/02/2005 42.00 42.00 43.00 42.80 0 185100.00 185100.00
18/02/2005 42.81 42.06 43.80 42.06 0 186200.00 186200.00
21/02/2005 43.15 42.45 43.90 43.00 0 151300.00 151300.00
22/02/2005 42.52 41.20 44.50 42.40 0 391700.00 391700.00
23/02/2005 43.10 42.70 43.55 43.18 0 309600.00 309600.00
24/02/2005 44.00 43.90 44.70 44.40 0 282400.00 282400.00
25/02/2005 44.40 44.00 45.40 44.42 0 398000.00 398000.00
28/02/2005 44.55 43.50 44.80 44.00 0 101000.00 101000.00
01/03/2005 43.99 43.20 44.00 43.35 0 146000.00 146000.00
02/03/2005 43.48 42.82 44.40 44.00 0 135400.00 135400.00
03/03/2005 44.40 43.90 45.00 44.41 0 103500.00 103500.00
04/03/2005 44.40 44.40 46.00 45.41 0 196800.00 196800.00
07/03/2005 45.45 45.11 46.99 45.88 0 166700.00 166700.00
08/03/2005 45.91 45.00 45.91 45.79 0 282200.00 282200.00
09/03/2005 45.40 44.95 46.21 45.42 0 173800.00 173800.00
10/03/2005 45.42 44.80 46.50 46.20 0 385900.00 385900.00
11/03/2005 46.50 45.65 46.95 45.90 0 169000.00 169000.00
14/03/2005 45.90 45.05 45.95 45.50 0 170600.00 170600.00
15/03/2005 46.30 44.71 46.98 45.00 0 245700.00 245700.00
16/03/2005 45.00 44.25 45.65 45.45 0 137100.00 137100.00
17/03/2005 44.80 44.30 45.90 45.30 0 148200.00 148200.00
18/03/2005 45.10 44.80 45.44 44.85 0 134400.00 134400.00
21/03/2005 44.85 44.60 45.48 44.75 0 82300.00 82300.00
22/03/2005 45.58 43.51 45.60 43.71 0 229500.00 229500.00
23/03/2005 43.51 43.51 44.05 43.70 0 230300.00 230300.00
24/03/2005 44.25 43.61 44.50 43.75 0 219900.00 219900.00
25/03/2005 43.75 43.75 43.75 43.75 0 0.00 0.00
28/03/2005 43.70 42.52 43.70 42.60 0 122200.00 122200.00
29/03/2005 42.37 41.52 43.00 41.56 0 188300.00 188300.00
30/03/2005 41.50 41.10 42.80 42.00 0 165000.00 165000.00
31/03/2005 42.60 41.50 42.60 42.28 0 207200.00 207200.00
01/04/2005 42.99 41.75 43.70 41.80 0 161500.00 161500.00
04/04/2005 41.51 40.65 41.70 41.10 0 87400.00 87400.00
05/04/2005 42.00 40.11 42.01 40.30 0 102800.00 102800.00
06/04/2005 40.50 38.60 41.00 39.27 0 117800.00 117800.00
07/04/2005 40.20 39.00 42.27 41.89 0 156600.00 156600.00
08/04/2005 41.90 41.00 43.00 41.80 0 183600.00 183600.00
11/04/2005 42.47 41.50 42.47 42.15 0 98100.00 98100.00
12/04/2005 42.10 41.50 43.19 42.80 0 160500.00 160500.00
13/04/2005 43.19 42.20 43.45 42.50 0 439600.00 439600.00
14/04/2005 42.99 38.99 42.99 38.99 0 144900.00 144900.00
15/04/2005 38.70 36.64 39.60 37.50 0 346300.00 346300.00
18/04/2005 37.70 36.50 38.70 38.30 0 124600.00 124600.00
19/04/2005 38.70 38.70 39.84 39.20 0 75600.00 75600.00
20/04/2005 38.10 37.72 39.50 38.10 0 75900.00 75900.00
21/04/2005 38.10 38.10 38.10 38.10 0 0.00 0.00
22/04/2005 39.00 38.02 39.20 38.22 0 106400.00 106400.00
25/04/2005 38.50 38.06 38.95 38.61 0 99000.00 99000.00
26/04/2005 38.94 38.36 39.85 39.11 0 129300.00 129300.00
27/04/2005 37.30 36.11 37.50 37.00 0 74200.00 74200.00
28/04/2005 37.00 34.80 37.00 34.80 0 193600.00 193600.00
29/04/2005 35.51 34.10 35.89 35.89 0 267000.00 267000.00
02/05/2005 36.00 34.82 36.00 35.00 0 165600.00 165600.00
03/05/2005 34.80 34.50 35.34 34.88 0 95300.00 95300.00
04/05/2005 35.34 35.34 36.08 35.66 0 184900.00 184900.00
05/05/2005 36.00 34.92 36.00 35.15 0 315800.00 315800.00
06/05/2005 35.10 34.80 35.60 34.80 0 123100.00 123100.00
09/05/2005 35.00 34.40 35.00 34.60 0 79500.00 79500.00
10/05/2005 35.00 32.70 35.70 33.10 0 207200.00 207200.00
11/05/2005 33.49 31.95 33.50 32.00 0 232600.00 232600.00
12/05/2005 32.55 30.50 32.60 30.50 0 233800.00 233800.00
13/05/2005 30.80 29.90 31.27 30.02 0 373800.00 373800.00
16/05/2005 30.20 29.40 31.15 30.50 0 146900.00 146900.00
17/05/2005 30.50 29.80 31.90 31.30 0 174000.00 174000.00
18/05/2005 31.50 31.31 33.30 32.18 0 178300.00 178300.00
19/05/2005 32.00 30.95 32.50 31.50 0 243900.00 243900.00
20/05/2005 31.50 30.60 31.50 30.60 0 78900.00 78900.00
23/05/2005 30.60 29.70 30.80 30.11 0 112800.00 112800.00
24/05/2005 30.00 29.41 30.48 30.01 0 359700.00 359700.00
25/05/2005 30.30 29.76 30.45 29.76 0 232700.00 232700.00
26/05/2005 29.76 29.76 29.76 29.76 0 0.00 0.00
27/05/2005 30.45 30.45 30.99 30.90 0 158200.00 158200.00
30/05/2005 30.85 30.85 31.84 31.25 0 126300.00 126300.00
31/05/2005 31.30 30.50 32.40 31.69 0 293600.00 293600.00
01/06/2005 31.11 31.11 32.90 32.42 0 395700.00 395700.00
02/06/2005 32.74 32.60 34.15 33.90 0 300900.00 300900.00
03/06/2005 34.00 32.87 34.85 34.00 0 276500.00 276500.00
06/06/2005 33.20 32.12 33.30 32.75 0 261800.00 261800.00
07/06/2005 32.75 31.26 32.75 31.41 0 269300.00 269300.00
08/06/2005 31.71 30.00 32.17 30.00 0 191700.00 191700.00
09/06/2005 29.90 28.70 29.90 29.01 0 224800.00 224800.00
10/06/2005 29.89 29.51 30.21 29.86 0 92500.00 92500.00
13/06/2005 30.44 29.26 30.75 29.26 0 120100.00 120100.00
14/06/2005 29.98 28.52 31.47 30.80 0 361500.00 361500.00
15/06/2005 30.49 29.80 30.98 30.50 0 354200.00 354200.00
16/06/2005 31.40 31.01 31.75 31.29 0 113200.00 113200.00
17/06/2005 31.60 31.59 32.40 31.95 0 227500.00 227500.00
20/06/2005 31.89 31.33 32.43 31.90 0 88700.00 88700.00
21/06/2005 32.44 31.22 32.44 31.72 0 143800.00 143800.00
22/06/2005 31.70 30.41 31.89 30.41 0 140300.00 140300.00
23/06/2005 30.80 29.16 30.98 29.16 0 213600.00 213600.00
24/06/2005 29.30 28.70 30.10 30.00 0 96000.00 96000.00
27/06/2005 30.20 29.25 30.20 29.75 0 86700.00 86700.00
28/06/2005 30.00 29.05 30.00 29.05 0 149800.00 149800.00
29/06/2005 29.50 29.00 29.59 29.06 0 95600.00 95600.00
30/06/2005 29.10 28.90 29.20 28.90 0 86900.00 86900.00
01/07/2005 29.00 28.70 29.40 28.90 0 129900.00 129900.00
04/07/2005 28.70 28.50 29.00 28.77 0 44600.00 44600.00
05/07/2005 28.51 27.72 28.83 27.72 0 202900.00 202900.00
06/07/2005 27.50 26.55 27.72 26.60 0 242900.00 242900.00
07/07/2005 26.50 25.56 27.00 26.74 0 128300.00 128300.00
08/07/2005 26.60 25.69 26.71 26.04 0 217000.00 217000.00
11/07/2005 26.01 26.01 28.43 27.80 0 179200.00 179200.00
12/07/2005 28.30 27.85 29.00 28.80 0 140200.00 140200.00
13/07/2005 28.99 28.99 30.25 30.10 0 198000.00 198000.00
14/07/2005 30.25 29.72 30.90 30.39 0 132200.00 132200.00
15/07/2005 29.99 29.01 29.99 29.01 0 82500.00 82500.00
18/07/2005 29.00 28.02 29.39 29.35 0 33700.00 33700.00
19/07/2005 28.17 27.80 28.80 28.33 0 151500.00 151500.00
20/07/2005 27.96 27.76 29.28 28.50 0 258300.00 258300.00
21/07/2005 28.90 27.25 29.00 27.68 0 268900.00 268900.00
22/07/2005 27.80 26.50 28.30 26.50 0 372200.00 372200.00
25/07/2005 26.10 24.21 26.10 24.55 0 370200.00 370200.00
26/07/2005 24.60 23.71 25.58 24.89 0 307100.00 307100.00
27/07/2005 25.55 24.12 26.15 26.02 0 231000.00 231000.00
28/07/2005 26.51 26.37 27.67 27.50 0 421800.00 421800.00
29/07/2005 27.49 27.12 28.10 27.20 0 321300.00 321300.00
01/08/2005 27.57 26.80 27.90 27.50 0 132400.00 132400.00
02/08/2005 27.59 27.50 28.30 28.11 0 230500.00 230500.00
03/08/2005 28.19 28.12 29.04 28.54 0 268100.00 268100.00
04/08/2005 28.30 27.88 28.89 28.69 0 210200.00 210200.00
05/08/2005 28.50 28.30 29.10 28.60 0 204100.00 204100.00
08/08/2005 28.85 28.25 28.91 28.26 0 146100.00 146100.00
09/08/2005 28.41 28.20 29.99 29.99 0 223100.00 223100.00
10/08/2005 30.30 29.50 31.29 30.00 0 613700.00 613700.00
11/08/2005 30.00 28.50 30.90 28.60 0 381500.00 381500.00
12/08/2005 27.85 27.30 29.30 28.80 0 239100.00 239100.00
15/08/2005 29.35 28.76 30.00 30.00 0 221600.00 221600.00
16/08/2005 29.97 29.44 30.80 29.49 0 160700.00 160700.00
17/08/2005 29.70 29.60 30.78 30.46 0 405700.00 405700.00
18/08/2005 30.20 29.60 30.30 29.60 0 132900.00 132900.00
19/08/2005 29.90 28.21 30.02 28.55 0 349400.00 349400.00
22/08/2005 29.79 29.25 30.10 30.10 0 266800.00 266800.00
23/08/2005 30.09 29.40 30.17 29.40 0 233700.00 233700.00
24/08/2005 29.25 28.58 29.97 29.80 0 158900.00 158900.00
25/08/2005 30.00 29.51 31.30 31.15 0 434400.00 434400.00
26/08/2005 31.30 30.51 31.96 31.15 0 222200.00 222200.00
29/08/2005 31.40 30.54 31.80 31.50 0 150500.00 150500.00
30/08/2005 31.64 31.55 32.30 32.22 0 291100.00 291100.00
31/08/2005 32.41 32.30 32.83 32.59 0 376200.00 376200.00
01/09/2005 32.69 31.60 32.69 32.50 0 159400.00 159400.00
02/09/2005 32.30 32.30 33.40 33.30 0 271200.00 271200.00
05/09/2005 33.30 33.25 33.64 33.64 0 178500.00 178500.00
06/09/2005 33.60 33.00 33.70 33.60 0 139600.00 139600.00
07/09/2005 33.60 33.60 33.60 33.60 0 0.00 0.00
08/09/2005 33.49 32.74 33.64 33.40 0 116300.00 116300.00
09/09/2005 33.75 33.35 33.75 33.72 0 83600.00 83600.00
12/09/2005 33.71 33.00 33.71 33.20 0 100000.00 100000.00
13/09/2005 33.16 32.80 33.20 33.00 0 120300.00 120300.00
14/09/2005 33.00 32.60 33.20 32.94 0 96600.00 96600.00
15/09/2005 33.00 32.81 33.50 33.44 0 164000.00 164000.00
16/09/2005 32.81 32.81 33.58 33.33 0 217400.00 217400.00
19/09/2005 33.00 32.70 34.00 33.40 0 124300.00 124300.00
20/09/2005 33.49 33.01 33.99 33.10 0 164300.00 164300.00
21/09/2005 33.10 32.90 33.78 33.60 0 169900.00 169900.00
22/09/2005 33.69 33.01 33.90 33.69 0 127100.00 127100.00
23/09/2005 33.70 33.70 34.78 34.40 0 337700.00 337700.00
26/09/2005 34.95 33.30 34.95 33.88 0 168800.00 168800.00
27/09/2005 33.47 32.80 33.90 33.38 0 98500.00 98500.00
28/09/2005 33.38 32.78 33.84 32.83 0 172800.00 172800.00
29/09/2005 33.14 31.65 33.14 31.90 0 233100.00 233100.00
30/09/2005 33.20 33.10 35.50 35.50 0 695100.00 695100.00
03/10/2005 37.00 36.70 38.29 36.85 0 711400.00 711400.00
04/10/2005 37.00 36.25 37.38 36.45 0 426500.00 426500.00
05/10/2005 37.31 35.20 37.70 35.50 0 556600.00 556600.00
06/10/2005 35.60 35.12 36.99 35.95 0 241300.00 241300.00
07/10/2005 37.50 33.81 37.70 34.20 0 499500.00 499500.00
10/10/2005 34.55 33.65 34.80 33.70 0 237700.00 237700.00
11/10/2005 33.70 33.30 34.30 33.30 0 152200.00 152200.00
12/10/2005 33.30 33.30 33.30 33.30 0 0.00 0.00
13/10/2005 32.50 32.00 32.99 32.25 0 192300.00 192300.00
14/10/2005 32.46 30.80 32.46 31.55 0 172700.00 172700.00
17/10/2005 31.50 31.30 32.15 31.33 0 221800.00 221800.00
18/10/2005 31.65 29.40 31.70 29.60 0 204000.00 204000.00
19/10/2005 29.60 29.21 30.60 30.20 0 266500.00 266500.00
20/10/2005 30.63 29.30 31.48 29.56 0 423100.00 423100.00
21/10/2005 29.61 29.40 30.25 30.10 0 261200.00 261200.00
24/10/2005 30.10 29.50 30.60 30.29 0 142200.00 142200.00
25/10/2005 30.25 29.98 30.97 30.79 0 108100.00 108100.00
26/10/2005 30.10 29.95 30.70 30.69 0 130300.00 130300.00
27/10/2005 29.52 29.52 31.00 29.52 0 138800.00 138800.00
28/10/2005 30.20 30.02 30.92 30.50 0 153800.00 153800.00
31/10/2005 30.60 30.60 31.29 31.29 0 154100.00 154100.00
01/11/2005 30.50 30.30 30.75 30.60 0 110300.00 110300.00
02/11/2005 30.60 30.60 30.60 30.60 0 0.00 0.00
03/11/2005 30.70 30.40 30.90 30.49 0 104600.00 104600.00
04/11/2005 30.40 29.86 30.46 30.14 0 70100.00 70100.00
07/11/2005 30.42 29.98 31.00 30.72 0 149700.00 149700.00
08/11/2005 31.29 30.45 31.47 30.89 0 181900.00 181900.00
09/11/2005 31.00 30.19 31.10 30.45 0 97400.00 97400.00
10/11/2005 30.44 30.00 30.80 30.55 0 70500.00 70500.00
11/11/2005 30.50 29.95 30.50 30.30 0 54700.00 54700.00
14/11/2005 30.00 29.52 30.00 29.70 0 36800.00 36800.00
15/11/2005 29.70 29.70 29.70 29.70 0 0.00 0.00
16/11/2005 29.81 29.60 30.20 29.90 0 66300.00 66300.00
17/11/2005 29.98 29.85 30.29 30.18 0 113600.00 113600.00
18/11/2005 30.02 29.31 30.10 29.80 0 108700.00 108700.00
21/11/2005 29.80 29.29 29.99 29.74 0 64800.00 64800.00
22/11/2005 29.84 29.00 30.23 30.20 0 170800.00 170800.00
23/11/2005 30.25 29.63 30.50 29.88 0 110200.00 110200.00
24/11/2005 29.80 29.75 30.20 30.00 0 132700.00 132700.00
25/11/2005 29.99 29.80 29.99 29.99 0 53500.00 53500.00
28/11/2005 29.99 29.40 30.20 29.90 0 128000.00 128000.00
29/11/2005 29.80 29.53 29.85 29.61 0 83500.00 83500.00
30/11/2005 29.61 29.35 29.90 29.41 0 200800.00 200800.00
01/12/2005 29.59 29.40 29.92 29.92 0 121400.00 121400.00
02/12/2005 29.92 29.68 29.97 29.69 0 109200.00 109200.00
05/12/2005 29.58 29.36 30.15 29.58 0 143300.00 143300.00
06/12/2005 29.81 29.65 29.94 29.81 0 150000.00 150000.00
07/12/2005 29.55 29.02 30.05 29.55 0 166600.00 166600.00
08/12/2005 29.34 29.04 29.70 29.34 0 171400.00 171400.00
09/12/2005 29.49 29.20 29.60 29.49 0 64600.00 64600.00
12/12/2005 28.70 28.50 29.68 28.70 0 135800.00 135800.00
13/12/2005 28.94 28.20 29.14 28.94 0 235200.00 235200.00
14/12/2005 28.78 28.78 29.35 28.78 0 310700.00 310700.00
15/12/2005 28.50 28.41 29.30 28.50 0 173000.00 173000.00
16/12/2005 28.60 28.46 28.90 28.60 0 72400.00 72400.00
19/12/2005 27.75 27.35 28.88 27.75 0 163500.00 163500.00
20/12/2005 27.84 27.20 28.00 27.84 0 63800.00 63800.00
21/12/2005 27.97 27.90 28.10 27.97 0 265400.00 265400.00
22/12/2005 28.00 27.85 28.10 28.00 0 182300.00 182300.00
23/12/2005 28.01 27.88 28.20 28.01 0 73800.00 73800.00
26/12/2005 28.68 27.85 28.70 28.68 0 100500.00 100500.00
27/12/2005 28.81 28.70 29.20 28.81 0 312500.00 312500.00
28/12/2005 28.48 28.45 29.20 28.48 0 94700.00 94700.00
29/12/2005 29.19 28.40 29.19 29.19 0 161400.00 161400.00
30/12/2005 29.19 29.19 29.19 29.19 0 0.00 0.00
02/01/2006 28.65 28.10 28.65 28.65 0 73400.00 73400.00
03/01/2006 29.30 28.47 29.30 29.30 0 175100.00 175100.00
04/01/2006 29.21 28.95 29.40 29.21 0 249600.00 249600.00
05/01/2006 29.39 29.01 29.49 29.39 0 169600.00 169600.00
06/01/2006 32.20 32.00 33.20 32.20 0 525400.00 525400.00
09/01/2006 32.55 32.25 33.09 32.88 0 284900.00 284900.00
10/01/2006 32.30 32.30 32.75 32.30 0 291400.00 291400.00
11/01/2006 32.36 32.30 32.80 32.55 0 166000.00 166000.00
12/01/2006 32.36 32.35 32.67 32.40 0 160400.00 160400.00
13/01/2006 32.31 32.31 32.73 32.66 0 118700.00 118700.00
16/01/2006 32.50 32.50 32.90 32.83 0 85500.00 85500.00
17/01/2006 32.50 32.30 32.60 32.50 0 174200.00 174200.00
18/01/2006 32.25 31.80 32.55 32.34 0 158100.00 158100.00
19/01/2006 32.70 32.50 32.90 32.90 0 79900.00 79900.00
20/01/2006 32.72 32.25 32.80 32.49 0 166000.00 166000.00
23/01/2006 32.30 32.25 32.54 32.45 0 82600.00 82600.00
24/01/2006 32.50 32.22 32.60 32.30 0 606000.00 606000.00
25/01/2006 32.30 32.30 32.30 32.30 0 0.00 0.00
26/01/2006 32.47 32.10 32.47 32.16 0 471600.00 471600.00
27/01/2006 33.15 32.75 33.70 33.15 0 769200.00 769200.00
30/01/2006 33.15 32.31 33.15 32.90 0 179100.00 179100.00
31/01/2006 32.99 32.30 33.00 32.60 0 107600.00 107600.00
01/02/2006 32.58 32.45 32.80 32.70 0 186600.00 186600.00
02/02/2006 32.69 32.50 32.69 32.50 0 100300.00 100300.00
03/02/2006 32.50 32.50 33.00 32.90 0 86800.00 86800.00
06/02/2006 32.90 32.51 33.15 32.55 0 99500.00 99500.00
07/02/2006 32.80 32.50 32.86 32.85 0 97000.00 97000.00
08/02/2006 32.80 32.61 32.94 32.81 0 106300.00 106300.00
09/02/2006 32.93 32.61 33.00 32.80 0 100000.00 100000.00
10/02/2006 33.00 32.77 33.20 32.90 0 187800.00 187800.00
13/02/2006 32.89 32.61 33.07 32.66 0 102000.00 102000.00
14/02/2006 32.76 32.50 32.88 32.50 0 421200.00 421200.00
15/02/2006 32.47 32.13 32.94 32.80 0 310900.00 310900.00
16/02/2006 32.60 32.50 32.97 32.90 0 161900.00 161900.00
17/02/2006 32.90 32.51 33.00 32.77 0 69100.00 69100.00
20/02/2006 32.51 32.51 32.92 32.56 0 29500.00 29500.00
21/02/2006 32.80 32.50 32.80 32.51 0 66600.00 66600.00
22/02/2006 32.55 32.55 32.75 32.74 0 67600.00 67600.00
23/02/2006 32.70 32.55 32.70 32.55 0 49600.00 49600.00
24/02/2006 32.65 32.55 33.00 32.90 0 66700.00 66700.00
27/02/2006 32.90 32.90 32.90 32.90 0 0.00 0.00
28/02/2006 32.90 32.90 32.90 32.90 0 0.00 0.00
01/03/2006 33.85 32.76 34.30 33.80 0 143100.00 143100.00
02/03/2006 33.90 33.70 34.00 33.95 0 189800.00 189800.00
03/03/2006 33.80 33.71 34.15 33.99 0 268600.00 268600.00
06/03/2006 34.14 33.50 34.14 33.51 0 137200.00 137200.00
07/03/2006 33.48 33.29 33.90 33.80 0 248000.00 248000.00
08/03/2006 33.49 33.27 33.90 33.70 0 478100.00 478100.00
09/03/2006 33.80 33.16 33.80 33.40 0 173500.00 173500.00
10/03/2006 33.35 33.11 33.90 33.75 0 138500.00 138500.00
13/03/2006 33.92 33.31 33.92 33.70 0 102000.00 102000.00
14/03/2006 33.40 33.36 34.00 33.89 0 93200.00 93200.00
15/03/2006 33.99 33.66 34.27 34.20 0 251600.00 251600.00
16/03/2006 34.20 34.00 34.50 34.20 0 156300.00 156300.00
17/03/2006 34.10 33.90 34.25 33.92 0 38600.00 38600.00
20/03/2006 34.50 33.50 34.50 34.50 0 51200.00 51200.00
21/03/2006 33.54 33.03 33.54 33.26 0 114700.00 114700.00
22/03/2006 33.34 33.20 33.58 33.49 0 592700.00 592700.00
23/03/2006 33.50 33.01 33.50 33.45 0 108000.00 108000.00
24/03/2006 33.45 33.21 33.64 33.59 0 51600.00 51600.00
27/03/2006 33.72 33.25 34.00 33.70 0 122600.00 122600.00
28/03/2006 33.70 33.30 34.20 33.66 0 227800.00 227800.00
29/03/2006 33.66 33.30 34.30 34.30 0 203800.00 203800.00
30/03/2006 35.00 34.40 35.00 34.85 0 284500.00 284500.00
31/03/2006 34.99 34.72 34.99 34.99 0 188900.00 188900.00
03/04/2006 34.61 34.60 34.99 34.98 0 92100.00 92100.00
04/04/2006 34.98 34.76 35.00 34.76 0 49500.00 49500.00
05/04/2006 35.00 34.72 35.18 35.18 0 178700.00 178700.00
06/04/2006 35.18 34.85 35.19 35.15 0 63900.00 63900.00
07/04/2006 35.15 34.91 35.19 35.19 0 54300.00 54300.00
10/04/2006 35.00 34.91 35.20 35.01 0 115900.00 115900.00
11/04/2006 35.09 34.95 35.53 35.20 0 318400.00 318400.00
12/04/2006 35.10 34.60 35.30 35.30 0 114600.00 114600.00
13/04/2006 35.15 34.65 35.30 35.25 0 52600.00 52600.00
14/04/2006 35.25 35.25 35.25 35.25 0 0.00 0.00
17/04/2006 35.35 34.91 35.68 35.50 0 133100.00 133100.00
18/04/2006 35.89 35.62 36.00 35.83 0 225800.00 225800.00
19/04/2006 35.71 35.71 36.19 36.19 0 119700.00 119700.00
20/04/2006 36.00 35.90 36.34 36.19 0 83700.00 83700.00
21/04/2006 36.19 36.19 36.19 36.19 0 0.00 0.00
24/04/2006 35.91 35.91 36.34 36.32 0 176200.00 176200.00
25/04/2006 36.06 36.01 36.60 36.23 0 188100.00 188100.00
26/04/2006 36.01 36.00 37.20 37.00 0 202600.00 202600.00
27/04/2006 36.33 35.90 36.49 36.30 0 373500.00 373500.00
28/04/2006 36.30 35.20 38.00 38.00 0 440200.00 440200.00
01/05/2006 38.00 38.00 38.00 38.00 0 0.00 0.00
02/05/2006 37.31 37.16 38.25 38.00 0 80900.00 80900.00
03/05/2006 37.26 37.25 37.48 37.29 0 196000.00 196000.00
04/05/2006 37.29 37.06 37.95 37.40 0 66500.00 66500.00
05/05/2006 37.01 37.00 37.95 37.62 0 97900.00 97900.00
08/05/2006 37.51 37.51 38.20 38.10 0 53500.00 53500.00
09/05/2006 38.10 37.67 38.50 38.06 0 65500.00 65500.00
10/05/2006 37.91 37.90 38.70 38.35 0 44000.00 44000.00
11/05/2006 38.35 37.95 38.35 37.95 0 49900.00 49900.00
12/05/2006 37.91 37.60 38.39 37.85 0 72200.00 72200.00
15/05/2006 37.50 37.30 38.50 38.14 0 61500.00 61500.00
16/05/2006 37.99 37.62 38.40 38.30 0 40800.00 40800.00
17/05/2006 38.19 36.50 38.19 36.55 0 623900.00 623900.00
18/05/2006 37.28 36.55 37.82 37.01 0 101500.00 101500.00
19/05/2006 37.30 37.30 38.75 38.69 0 231000.00 231000.00
22/05/2006 37.00 37.00 38.70 38.50 0 119900.00 119900.00
23/05/2006 38.85 37.01 38.85 37.01 0 91400.00 91400.00
24/05/2006 36.51 36.10 37.30 36.21 0 86100.00 86100.00
25/05/2006 36.43 36.10 38.49 38.28 0 50900.00 50900.00
26/05/2006 38.20 38.01 38.59 38.01 0 138300.00 138300.00
29/05/2006 38.90 37.21 38.90 38.00 0 32100.00 32100.00
30/05/2006 38.00 36.23 38.00 36.40 0 93200.00 93200.00
31/05/2006 37.21 36.25 37.50 37.28 0 106000.00 106000.00
01/06/2006 38.00 37.17 38.30 38.20 0 114000.00 114000.00
02/06/2006 38.50 37.60 38.79 38.40 0 178000.00 178000.00
05/06/2006 37.81 36.60 38.20 36.60 0 50500.00 50500.00
06/06/2006 36.40 36.07 37.40 37.30 0 47700.00 47700.00
07/06/2006 36.78 36.56 38.19 36.80 0 61700.00 61700.00
08/06/2006 36.50 36.50 38.00 37.99 0 158300.00 158300.00
09/06/2006 38.10 37.20 38.19 37.56 0 45600.00 45600.00
12/06/2006 38.19 36.51 38.19 36.51 0 57100.00 57100.00
13/06/2006 37.45 36.41 37.98 37.18 0 71700.00 71700.00
14/06/2006 37.17 36.16 37.98 37.30 0 184100.00 184100.00
15/06/2006 37.30 37.30 37.30 37.30 0 0.00 0.00
16/06/2006 37.08 36.61 37.50 37.50 0 48100.00 48100.00
19/06/2006 37.49 36.61 37.64 37.60 0 54000.00 54000.00
20/06/2006 37.82 37.21 37.83 37.50 0 31000.00 31000.00
21/06/2006 37.01 36.82 37.55 37.50 0 32700.00 32700.00
22/06/2006 37.25 36.51 37.75 37.60 0 56100.00 56100.00
23/06/2006 37.44 36.05 37.69 37.69 0 47400.00 47400.00
26/06/2006 37.99 37.03 37.99 37.81 0 15900.00 15900.00
27/06/2006 37.94 37.54 38.20 37.54 0 26400.00 26400.00
28/06/2006 38.09 37.90 38.70 38.00 0 45800.00 45800.00
29/06/2006 38.39 37.99 38.49 38.47 0 49600.00 49600.00
30/06/2006 38.49 36.67 38.69 36.67 0 74900.00 74900.00
03/07/2006 38.00 37.81 38.74 38.65 0 43300.00 43300.00
04/07/2006 38.65 38.10 39.00 38.75 0 86600.00 86600.00
05/07/2006 38.50 37.01 38.60 37.53 0 50500.00 50500.00
06/07/2006 37.66 37.45 38.49 37.60 0 67200.00 67200.00
07/07/2006 37.50 37.03 38.19 37.10 0 40100.00 40100.00
10/07/2006 37.16 37.10 37.50 37.10 0 34900.00 34900.00
11/07/2006 37.08 37.05 37.99 37.65 0 60400.00 60400.00
12/07/2006 37.98 37.30 37.99 37.32 0 433300.00 433300.00
13/07/2006 37.00 36.71 37.10 36.75 0 26300.00 26300.00
14/07/2006 36.75 36.50 37.49 37.00 0 28000.00 28000.00
17/07/2006 36.31 36.31 37.20 37.15 0 19500.00 19500.00
18/07/2006 36.99 36.64 37.34 37.01 0 25400.00 25400.00
19/07/2006 37.25 37.00 37.67 37.15 0 80900.00 80900.00
20/07/2006 37.67 36.70 37.99 36.70 0 33100.00 33100.00
21/07/2006 37.40 36.90 37.50 37.15 0 68700.00 68700.00
24/07/2006 37.60 37.30 38.49 37.89 0 56500.00 56500.00
25/07/2006 38.00 37.46 38.13 37.75 0 60600.00 60600.00
26/07/2006 37.84 37.40 38.00 37.55 0 29900.00 29900.00
27/07/2006 37.86 37.59 37.94 37.60 0 29500.00 29500.00
28/07/2006 37.87 37.49 38.80 38.55 0 81700.00 81700.00
31/07/2006 38.30 38.30 38.78 38.60 0 39500.00 39500.00
01/08/2006 38.30 37.75 38.75 38.00 0 133400.00 133400.00
02/08/2006 38.00 38.00 39.64 39.43 0 107600.00 107600.00
03/08/2006 39.01 38.80 40.99 39.80 0 65800.00 65800.00
04/08/2006 40.94 39.61 40.99 40.20 0 33900.00 33900.00
07/08/2006 40.30 39.91 41.20 40.25 0 26200.00 26200.00
08/08/2006 40.03 40.03 40.99 40.25 0 33800.00 33800.00
09/08/2006 40.50 39.70 41.49 39.85 0 54400.00 54400.00
10/08/2006 39.01 38.81 40.95 40.50 0 81500.00 81500.00
11/08/2006 40.00 40.00 41.11 41.11 0 34600.00 34600.00
14/08/2006 41.18 40.19 41.39 40.41 0 61200.00 61200.00
15/08/2006 41.24 40.51 41.44 41.43 0 103100.00 103100.00
16/08/2006 41.50 41.26 42.25 42.00 0 339200.00 339200.00
17/08/2006 42.29 41.37 42.29 41.42 0 46500.00 46500.00
18/08/2006 41.37 40.96 41.69 41.05 0 43500.00 43500.00
21/08/2006 40.31 40.31 41.23 41.01 0 91100.00 91100.00
22/08/2006 40.80 39.60 41.01 39.85 0 105900.00 105900.00
23/08/2006 39.61 39.01 40.05 39.15 0 94100.00 94100.00
24/08/2006 39.20 38.00 40.79 39.40 0 32900.00 32900.00
25/08/2006 39.40 38.39 39.99 39.25 0 37300.00 37300.00
28/08/2006 39.11 39.00 40.49 39.60 0 50300.00 50300.00
29/08/2006 39.60 39.51 40.16 40.00 0 63000.00 63000.00
30/08/2006 40.29 39.50 40.59 39.51 0 47500.00 47500.00
31/08/2006 39.53 38.91 40.11 39.63 0 264800.00 264800.00
01/09/2006 40.00 39.59 40.20 40.00 0 82700.00 82700.00
04/09/2006 40.20 39.75 40.20 40.04 0 68200.00 68200.00
05/09/2006 39.77 39.73 40.35 39.85 0 29100.00 29100.00
06/09/2006 39.80 38.81 39.98 39.31 0 67100.00 67100.00
07/09/2006 39.31 39.31 39.31 39.31 0 0.00 0.00
08/09/2006 39.10 38.96 39.49 39.06 0 55400.00 55400.00
11/09/2006 38.68 38.40 39.45 38.51 0 73500.00 73500.00
12/09/2006 38.41 38.41 39.08 38.86 0 63800.00 63800.00
13/09/2006 39.00 38.61 39.00 38.81 0 39200.00 39200.00
14/09/2006 38.69 38.41 39.47 38.72 0 29400.00 29400.00
15/09/2006 38.72 38.50 39.00 38.50 0 20600.00 20600.00
18/09/2006 38.99 38.43 39.48 38.60 0 10500.00 10500.00
19/09/2006 38.70 38.21 39.22 38.35 0 25400.00 25400.00
20/09/2006 38.39 37.49 38.71 37.50 0 48100.00 48100.00
21/09/2006 37.45 37.00 37.50 37.01 0 66500.00 66500.00
22/09/2006 36.70 36.70 38.00 38.00 0 27800.00 27800.00
25/09/2006 37.32 36.90 38.32 37.37 0 26600.00 26600.00
26/09/2006 37.78 37.52 38.29 37.70 0 20000.00 20000.00
27/09/2006 37.57 36.99 38.08 38.08 0 26800.00 26800.00
28/09/2006 38.09 37.81 39.77 39.58 0 28300.00 28300.00
29/09/2006 38.71 38.71 40.16 40.01 0 45300.00 45300.00
02/10/2006 40.45 40.00 41.33 41.00 0 47000.00 47000.00
03/10/2006 41.01 39.53 41.79 40.25 0 36000.00 36000.00
04/10/2006 40.89 39.07 43.69 42.38 0 98700.00 98700.00
05/10/2006 42.99 41.61 43.65 43.65 0 67600.00 67600.00
06/10/2006 43.03 42.21 43.87 43.30 0 35800.00 35800.00
09/10/2006 42.75 42.13 43.51 42.75 0 200.00 200.00
10/10/2006 43.14 42.90 43.49 43.00 0 45500.00 45500.00
11/10/2006 42.90 42.02 42.99 42.68 0 10400.00 10400.00
12/10/2006 42.68 42.68 42.68 42.68 0 0.00 0.00
13/10/2006 42.99 42.55 43.00 42.80 0 19300.00 19300.00
16/10/2006 42.99 42.11 43.20 43.18 0 262600.00 262600.00
17/10/2006 43.00 42.66 43.27 43.10 0 86100.00 86100.00
18/10/2006 43.21 42.03 43.80 42.90 0 119600.00 119600.00
19/10/2006 42.90 42.10 42.90 42.60 0 204300.00 204300.00
20/10/2006 42.57 42.26 42.97 42.50 0 42000.00 42000.00
23/10/2006 42.07 42.07 43.25 43.25 0 52900.00 52900.00
24/10/2006 42.71 42.71 43.39 43.05 0 23800.00 23800.00
25/10/2006 42.61 42.51 43.48 43.40 0 44000.00 44000.00
26/10/2006 43.40 43.00 43.45 43.00 0 20500.00 20500.00
27/10/2006 43.00 42.75 43.48 42.75 0 19200.00 19200.00
30/10/2006 43.14 42.51 43.48 42.90 0 17500.00 17500.00
31/10/2006 43.29 42.10 43.31 43.00 0 27000.00 27000.00
01/11/2006 43.00 42.60 43.70 42.96 0 77900.00 77900.00
02/11/2006 42.96 42.96 42.96 42.96 0 0.00 0.00
03/11/2006 43.00 42.75 43.39 42.85 0 18900.00 18900.00
06/11/2006 43.30 43.30 43.96 43.96 0 49500.00 49500.00
07/11/2006 43.95 43.95 45.20 45.04 0 71400.00 71400.00
08/11/2006 45.01 44.50 45.60 45.50 0 44300.00 44300.00
09/11/2006 45.55 44.60 45.80 44.80 0 62600.00 62600.00
10/11/2006 44.80 44.00 45.06 44.66 0 47000.00 47000.00
13/11/2006 44.01 44.01 44.99 44.75 0 45400.00 45400.00
14/11/2006 44.81 44.80 45.49 45.35 0 55600.00 55600.00
15/11/2006 45.35 45.35 45.35 45.35 0 0.00 0.00
16/11/2006 45.49 45.35 46.78 45.60 0 57300.00 57300.00
17/11/2006 45.51 45.51 46.50 46.01 0 44900.00 44900.00
20/11/2006 46.01 46.01 46.01 46.01 0 0.00 0.00
21/11/2006 46.00 46.00 47.45 47.45 0 37300.00 37300.00
22/11/2006 47.49 47.49 48.50 48.50 0 51800.00 51800.00
23/11/2006 48.70 48.69 49.20 49.20 0 34300.00 34300.00
24/11/2006 49.40 48.26 49.67 49.67 0 51200.00 51200.00
27/11/2006 49.01 49.01 49.93 49.10 0 62200.00 62200.00
28/11/2006 49.06 48.61 49.50 49.50 0 44400.00 44400.00
29/11/2006 49.49 49.20 49.90 49.90 0 42100.00 42100.00
30/11/2006 49.65 49.50 50.00 49.99 0 104900.00 104900.00
01/12/2006 50.01 49.51 50.01 49.61 0 132400.00 132400.00
04/12/2006 50.00 49.66 51.30 51.30 0 54300.00 54300.00
05/12/2006 51.50 51.25 52.45 52.20 0 155200.00 155200.00
06/12/2006 52.20 52.20 53.15 52.56 0 90100.00 90100.00
07/12/2006 53.01 51.90 53.38 52.65 0 89100.00 89100.00
08/12/2006 51.48 50.00 51.50 50.70 0 79300.00 79300.00
11/12/2006 50.85 50.53 51.36 50.89 0 29800.00 29800.00
12/12/2006 50.50 50.30 51.16 51.15 0 62800.00 62800.00
13/12/2006 51.99 50.02 51.99 51.70 0 183600.00 183600.00
14/12/2006 51.27 51.03 51.45 51.15 0 55300.00 55300.00
15/12/2006 51.89 51.16 51.90 51.90 0 47600.00 47600.00
18/12/2006 51.90 51.90 52.60 52.49 0 16000.00 16000.00
19/12/2006 51.34 51.34 54.00 54.00 0 61800.00 61800.00
20/12/2006 54.03 53.55 54.25 53.65 0 51800.00 51800.00
21/12/2006 53.65 53.35 53.98 53.38 0 39000.00 39000.00
22/12/2006 53.97 53.20 53.97 53.20 0 18100.00 18100.00
25/12/2006 53.20 53.20 53.20 53.20 0 0.00 0.00
26/12/2006 53.20 53.20 53.96 53.75 0 18500.00 18500.00
27/12/2006 54.24 53.80 54.75 54.74 0 43300.00 43300.00
28/12/2006 53.11 53.11 54.75 54.59 0 122500.00 122500.00
29/12/2006 54.59 54.59 54.59 54.59 0 0.00 0.00
01/01/2007 54.59 54.59 54.59 54.59 0 0.00 0.00
02/01/2007 54.60 54.59 54.95 54.80 0 105200.00 105200.00
03/01/2007 54.60 52.03 54.70 53.10 0 44400.00 44400.00
04/01/2007 52.51 52.20 53.30 53.30 0 31900.00 31900.00
05/01/2007 53.00 51.85 53.00 51.85 0 73300.00 73300.00
08/01/2007 51.96 51.45 51.96 51.65 0 36500.00 36500.00
09/01/2007 51.43 51.15 52.40 51.34 0 47200.00 47200.00
10/01/2007 51.31 51.10 52.30 52.30 0 24600.00 24600.00
11/01/2007 51.36 51.36 52.99 52.98 0 15000.00 15000.00
12/01/2007 53.00 52.99 53.99 53.99 0 71200.00 71200.00
15/01/2007 54.15 53.22 54.25 53.50 0 12200.00 12200.00
16/01/2007 53.01 53.00 54.09 53.36 0 14100.00 14100.00
17/01/2007 53.20 53.10 54.41 53.47 0 69700.00 69700.00
18/01/2007 53.48 53.30 54.30 53.30 0 20600.00 20600.00
19/01/2007 53.30 53.23 54.22 53.41 0 5300.00 5300.00
22/01/2007 53.51 53.50 54.50 54.01 0 11000.00 11000.00
23/01/2007 54.00 53.81 54.75 54.75 0 17300.00 17300.00
24/01/2007 55.00 54.21 57.49 57.00 0 48900.00 48900.00
25/01/2007 57.00 57.00 57.00 57.00 0 0.00 0.00
26/01/2007 57.47 56.20 57.50 57.49 0 86300.00 86300.00
29/01/2007 57.00 56.21 57.15 56.50 0 33100.00 33100.00
30/01/2007 57.00 56.21 57.00 56.71 0 14300.00 14300.00
31/01/2007 56.50 56.11 57.50 57.16 0 30600.00 30600.00
01/02/2007 57.50 57.50 58.00 57.60 0 125300.00 125300.00
02/02/2007 57.70 56.50 57.79 57.50 0 59600.00 59600.00
05/02/2007 57.50 56.91 57.50 57.01 0 19100.00 19100.00
06/02/2007 57.00 57.00 59.00 58.00 0 45700.00 45700.00
07/02/2007 58.50 56.73 58.50 57.75 0 47700.00 47700.00
08/02/2007 57.80 57.02 58.39 58.30 0 30900.00 30900.00
09/02/2007 57.51 57.30 58.50 57.30 0 41100.00 41100.00
12/02/2007 57.30 57.10 58.00 57.33 0 17600.00 17600.00
13/02/2007 57.19 57.19 58.89 58.50 0 22500.00 22500.00
14/02/2007 58.60 58.38 60.00 59.36 0 199000.00 199000.00
15/02/2007 59.95 59.03 60.25 60.25 0 52100.00 52100.00
16/02/2007 60.25 60.25 61.45 61.21 0 55300.00 55300.00
19/02/2007 61.21 61.21 61.21 61.21 0 0.00 0.00
20/02/2007 61.21 61.21 61.21 61.21 0 0.00 0.00
21/02/2007 63.01 63.00 64.61 64.50 0 76300.00 76300.00
22/02/2007 65.00 63.70 65.50 64.45 0 52000.00 52000.00
23/02/2007 64.20 63.85 64.80 64.59 0 25900.00 25900.00
26/02/2007 64.50 64.31 65.43 65.39 0 25100.00 25100.00
27/02/2007 65.00 62.10 65.00 63.10 0 78700.00 78700.00
28/02/2007 63.50 62.50 64.50 64.00 0 79200.00 79200.00
01/03/2007 63.00 62.06 63.81 62.61 0 84000.00 84000.00
02/03/2007 61.90 61.25 62.20 61.50 0 76900.00 76900.00
05/03/2007 61.15 60.13 62.98 61.20 0 38900.00 38900.00
06/03/2007 61.51 61.51 64.50 64.50 0 38700.00 38700.00
07/03/2007 64.00 64.00 64.81 64.80 0 133300.00 133300.00
08/03/2007 65.00 65.00 65.80 65.80 0 46300.00 46300.00
09/03/2007 65.90 65.80 67.00 66.15 0 40500.00 40500.00
12/03/2007 66.00 65.80 68.40 67.80 0 71800.00 71800.00
13/03/2007 66.81 66.76 68.30 67.59 0 95300.00 95300.00
14/03/2007 67.05 65.51 68.00 67.30 0 54900.00 54900.00
15/03/2007 67.30 65.01 68.00 67.00 0 64200.00 64200.00
16/03/2007 65.81 65.81 68.49 68.49 0 59800.00 59800.00
19/03/2007 68.50 68.50 69.70 69.30 0 45600.00 45600.00
20/03/2007 69.50 69.50 70.74 70.71 0 34000.00 34000.00
21/03/2007 71.00 70.41 71.45 71.15 0 57400.00 57400.00
22/03/2007 71.40 70.01 72.32 72.32 0 48400.00 48400.00
23/03/2007 72.00 71.50 72.30 71.50 0 9500.00 9500.00
26/03/2007 72.00 72.00 72.60 72.50 0 38900.00 38900.00
27/03/2007 72.51 72.00 72.80 72.40 0 15500.00 15500.00
28/03/2007 72.41 71.80 72.65 72.30 0 53400.00 53400.00
29/03/2007 71.95 71.50 72.49 72.30 0 40900.00 40900.00
30/03/2007 72.64 71.51 73.00 72.64 0 86500.00 86500.00
02/04/2007 72.63 72.00 72.80 72.49 0 30400.00 30400.00
03/04/2007 72.51 72.40 73.10 73.05 0 106200.00 106200.00
04/04/2007 73.00 72.75 73.60 73.05 0 46700.00 46700.00
05/04/2007 73.00 73.00 73.99 73.00 0 16600.00 16600.00
06/04/2007 73.00 73.00 73.00 73.00 0 0.00 0.00
09/04/2007 73.50 73.00 74.70 73.00 0 27100.00 27100.00
10/04/2007 72.98 72.46 72.99 72.51 0 36500.00 36500.00
11/04/2007 72.51 72.26 72.90 72.56 0 40900.00 40900.00
12/04/2007 72.33 72.28 72.70 72.40 0 32500.00 32500.00
13/04/2007 72.40 72.15 73.00 73.00 0 38800.00 38800.00
16/04/2007 73.79 73.01 74.00 73.49 0 29200.00 29200.00
17/04/2007 73.50 72.80 73.89 72.81 0 56200.00 56200.00
18/04/2007 73.24 72.83 74.39 73.00 0 98800.00 98800.00
19/04/2007 72.52 72.50 73.39 73.00 0 33700.00 33700.00
20/04/2007 73.97 71.90 73.98 72.97 0 113900.00 113900.00
23/04/2007 72.97 72.30 73.12 72.75 0 18800.00 18800.00
24/04/2007 73.20 72.11 74.80 73.75 0 39800.00 39800.00
25/04/2007 74.41 73.30 74.41 73.52 0 76000.00 76000.00
26/04/2007 73.30 71.30 73.45 71.40 0 44400.00 44400.00
27/04/2007 71.00 68.76 73.29 73.09 0 59100.00 59100.00
30/04/2007 73.09 72.20 73.10 72.81 0 83200.00 83200.00
01/05/2007 72.81 72.81 72.81 72.81 0 0.00 0.00
02/05/2007 71.70 71.70 72.75 72.06 0 108200.00 108200.00
03/05/2007 72.50 72.17 73.00 72.31 0 62700.00 62700.00
04/05/2007 72.50 71.40 72.94 71.50 0 73800.00 73800.00
07/05/2007 71.61 71.20 71.90 71.60 0 89300.00 89300.00
08/05/2007 71.80 70.90 71.80 71.22 0 53100.00 53100.00
09/05/2007 71.20 67.75 71.50 71.50 0 58400.00 58400.00
10/05/2007 71.49 69.81 71.50 69.81 0 67300.00 67300.00
11/05/2007 69.91 69.86 70.99 70.15 0 74900.00 74900.00
14/05/2007 70.15 69.35 70.20 70.00 0 100400.00 100400.00
15/05/2007 70.19 69.60 70.40 69.67 0 113400.00 113400.00
16/05/2007 70.50 70.50 71.97 71.45 0 114500.00 114500.00
17/05/2007 71.60 71.45 71.90 71.50 0 166600.00 166600.00
18/05/2007 71.27 70.43 71.31 70.65 0 61500.00 61500.00
21/05/2007 71.69 69.25 71.69 69.80 0 77500.00 77500.00
22/05/2007 69.88 69.20 69.97 69.66 0 24700.00 24700.00
23/05/2007 70.00 68.03 70.00 68.40 0 140100.00 140100.00
24/05/2007 68.98 66.10 69.00 67.00 0 105000.00 105000.00
25/05/2007 67.99 66.50 68.25 67.43 0 36400.00 36400.00
28/05/2007 68.89 68.10 70.00 70.00 0 45200.00 45200.00
29/05/2007 70.49 68.80 70.49 69.00 0 51400.00 51400.00
30/05/2007 68.69 67.56 70.05 69.95 0 32700.00 32700.00
31/05/2007 70.49 70.00 71.00 70.90 0 119000.00 119000.00
01/06/2007 71.00 70.71 71.85 71.49 0 53300.00 53300.00
04/06/2007 71.01 70.10 71.01 70.10 0 56200.00 56200.00
05/06/2007 70.07 69.00 70.80 69.04 0 63800.00 63800.00
06/06/2007 69.02 67.60 69.50 68.93 0 49700.00 49700.00
07/06/2007 68.93 68.93 68.93 68.93 0 0.00 0.00
08/06/2007 67.51 67.51 68.70 68.45 0 39700.00 39700.00
11/06/2007 69.00 68.02 69.46 69.31 0 43800.00 43800.00
12/06/2007 68.06 68.06 69.17 68.40 0 50700.00 50700.00
13/06/2007 68.70 68.68 69.94 69.69 0 92800.00 92800.00
14/06/2007 69.70 68.95 70.54 69.20 0 37300.00 37300.00
15/06/2007 69.30 69.30 70.36 70.07 0 25900.00 25900.00
18/06/2007 70.13 69.71 70.39 69.75 0 24200.00 24200.00
19/06/2007 69.88 68.63 69.89 69.89 0 20900.00 20900.00
20/06/2007 69.89 68.05 69.89 68.55 0 67400.00 67400.00
21/06/2007 68.85 68.56 69.69 69.64 0 18900.00 18900.00
22/06/2007 69.12 68.20 69.89 68.20 0 40700.00 40700.00
25/06/2007 68.75 67.25 68.75 67.99 0 34900.00 34900.00
26/06/2007 68.19 67.64 68.19 67.89 0 31800.00 31800.00
27/06/2007 67.60 67.51 68.81 68.50 0 32200.00 32200.00
28/06/2007 68.53 68.40 69.98 69.38 0 27000.00 27000.00
29/06/2007 69.75 68.26 69.94 68.26 0 79400.00 79400.00
02/07/2007 68.50 68.37 69.39 69.30 0 116900.00 116900.00
03/07/2007 69.65 69.34 69.90 69.52 0 34100.00 34100.00
04/07/2007 69.70 69.70 70.25 70.16 0 35700.00 35700.00
05/07/2007 70.00 69.41 70.55 70.55 0 30400.00 30400.00
06/07/2007 70.86 70.86 70.86 70.86 0 30700.00 30700.00
09/07/2007 70.86 70.86 70.86 70.86 0 0.00 0.00
10/07/2007 70.86 70.08 72.20 72.20 0 98300.00 98300.00
11/07/2007 72.20 71.56 72.60 72.05 0 69300.00 69300.00
12/07/2007 72.30 71.10 73.00 71.30 0 100200.00 100200.00
13/07/2007 71.70 71.00 71.99 71.40 0 93700.00 93700.00
16/07/2007 71.40 71.40 72.50 72.38 0 26300.00 26300.00
17/07/2007 72.38 72.02 73.77 73.28 0 71500.00 71500.00
18/07/2007 73.10 73.08 74.80 74.31 0 135400.00 135400.00
19/07/2007 74.87 74.02 75.00 74.45 0 35500.00 35500.00
20/07/2007 74.00 72.71 74.75 74.01 0 74200.00 74200.00
23/07/2007 74.23 73.71 75.20 75.05 0 72700.00 72700.00
24/07/2007 75.00 73.00 75.10 73.10 0 73000.00 73000.00
25/07/2007 74.32 70.29 74.32 73.51 0 66700.00 66700.00
26/07/2007 71.33 70.55 72.44 70.81 0 62700.00 62700.00
27/07/2007 69.01 69.01 70.97 69.60 0 37700.00 37700.00
30/07/2007 69.59 69.59 72.56 72.56 0 25900.00 25900.00
31/07/2007 72.69 71.06 73.50 72.01 0 84500.00 84500.00
01/08/2007 73.41 72.50 74.32 73.40 0 67500.00 67500.00
02/08/2007 73.90 73.01 73.90 73.10 0 46400.00 46400.00
03/08/2007 73.00 72.20 73.99 72.21 0 60500.00 60500.00
06/08/2007 72.26 71.21 73.70 73.06 0 35300.00 35300.00
07/08/2007 73.77 72.26 73.92 72.70 0 22800.00 22800.00
08/08/2007 73.89 73.40 74.50 74.00 0 63100.00 63100.00
09/08/2007 72.03 72.03 73.77 72.60 0 21400.00 21400.00
10/08/2007 70.44 70.02 72.80 72.07 0 24500.00 24500.00
13/08/2007 72.18 70.21 72.18 71.00 0 45800.00 45800.00
14/08/2007 71.50 70.51 71.58 71.00 0 62200.00 62200.00
15/08/2007 70.10 70.00 72.15 70.15 0 134600.00 134600.00
16/08/2007 69.08 67.70 69.08 67.75 0 90000.00 90000.00
17/08/2007 69.51 68.00 69.99 68.50 0 25400.00 25400.00
20/08/2007 69.01 69.01 70.49 70.05 0 25500.00 25500.00
21/08/2007 70.00 69.70 72.00 71.50 0 52200.00 52200.00
22/08/2007 71.60 71.17 72.67 72.49 0 23300.00 23300.00
23/08/2007 72.61 72.00 72.99 72.94 0 9300.00 9300.00
24/08/2007 72.31 72.06 74.89 73.35 0 31600.00 31600.00
27/08/2007 73.40 73.20 74.10 74.00 0 26200.00 26200.00
28/08/2007 73.01 73.00 74.09 73.20 0 24400.00 24400.00
29/08/2007 73.89 73.01 74.20 74.20 0 30800.00 30800.00
30/08/2007 74.19 74.00 74.99 74.01 0 20300.00 20300.00
31/08/2007 74.97 74.30 75.20 75.00 0 112900.00 112900.00
03/09/2007 75.00 74.50 75.47 74.65 0 22800.00 22800.00
04/09/2007 74.50 74.50 75.60 75.50 0 90600.00 90600.00
05/09/2007 75.00 74.02 75.44 75.43 0 15300.00 15300.00
06/09/2007 75.40 75.20 76.25 76.25 0 41200.00 41200.00
07/09/2007 76.25 76.25 76.25 76.25 0 0.00 0.00
10/09/2007 75.69 74.40 75.69 74.40 0 51800.00 51800.00
11/09/2007 74.60 74.60 76.73 75.60 0 9200.00 9200.00
12/09/2007 75.53 74.50 75.99 74.65 0 63300.00 63300.00
13/09/2007 75.50 75.50 76.10 75.90 0 27800.00 27800.00
14/09/2007 75.45 75.45 76.20 76.20 0 25700.00 25700.00
17/09/2007 76.24 75.11 76.24 75.50 0 14800.00 14800.00
18/09/2007 75.95 75.75 76.49 76.10 0 52800.00 52800.00
19/09/2007 76.12 76.12 76.75 76.70 0 31600.00 31600.00
20/09/2007 76.35 76.13 77.00 76.13 0 21800.00 21800.00
21/09/2007 76.98 76.30 76.98 76.58 0 11200.00 11200.00
24/09/2007 76.78 75.90 77.00 76.01 0 53400.00 53400.00
25/09/2007 76.01 75.95 77.13 77.00 0 13500.00 13500.00
26/09/2007 77.20 77.00 78.10 78.10 0 82000.00 82000.00
27/09/2007 78.10 78.10 79.50 79.50 0 65600.00 65600.00
28/09/2007 79.50 78.31 79.80 79.80 0 53800.00 53800.00
01/10/2007 79.80 79.60 80.50 80.50 0 27500.00 27500.00
02/10/2007 80.50 79.65 80.80 80.80 0 18600.00 18600.00
03/10/2007 80.80 79.65 80.98 80.75 0 42300.00 42300.00
04/10/2007 80.80 80.22 81.50 81.40 0 26100.00 26100.00
05/10/2007 81.50 81.00 82.40 82.40 0 52000.00 52000.00
08/10/2007 81.01 81.01 83.10 82.80 0 35300.00 35300.00
09/10/2007 82.98 81.21 83.23 82.99 0 68200.00 68200.00
10/10/2007 81.05 81.05 82.80 82.50 0 10600.00 10600.00
11/10/2007 83.20 82.20 83.50 82.75 0 51600.00 51600.00
12/10/2007 82.75 82.75 82.75 82.75 0 0.00 0.00
15/10/2007 82.86 82.66 83.50 83.50 0 41800.00 41800.00
16/10/2007 83.00 82.10 83.69 83.26 0 47400.00 47400.00
17/10/2007 83.90 82.52 84.50 83.67 0 60700.00 60700.00
18/10/2007 84.01 83.06 84.75 84.70 0 41500.00 41500.00
19/10/2007 84.98 82.02 85.49 83.85 0 42200.00 42200.00
22/10/2007 83.96 83.01 84.60 84.00 0 47300.00 47300.00
23/10/2007 84.06 84.06 85.30 85.30 0 24400.00 24400.00
24/10/2007 86.00 84.60 86.00 85.99 0 17700.00 17700.00
25/10/2007 86.00 85.90 86.50 85.95 0 13200.00 13200.00
26/10/2007 86.72 85.90 87.00 87.00 0 20300.00 20300.00
29/10/2007 87.50 86.01 87.50 86.15 0 22500.00 22500.00
30/10/2007 86.99 86.00 87.50 87.23 0 15100.00 15100.00
31/10/2007 87.14 86.90 87.50 87.44 0 55800.00 55800.00
01/11/2007 87.01 86.96 87.35 87.30 0 49500.00 49500.00
02/11/2007 87.30 87.30 87.30 87.30 0 0.00 0.00
05/11/2007 86.54 86.54 87.97 87.00 0 41000.00 41000.00
06/11/2007 87.44 87.20 87.70 87.70 0 41100.00 41100.00
07/11/2007 87.20 84.51 87.39 85.24 0 19500.00 19500.00
08/11/2007 85.27 85.27 88.00 85.60 0 36600.00 36600.00
09/11/2007 86.21 82.30 87.83 85.85 0 48300.00 48300.00
12/11/2007 85.00 83.00 86.20 83.00 0 44900.00 44900.00
13/11/2007 83.02 83.02 84.50 84.00 0 24300.00 24300.00
14/11/2007 86.01 85.00 86.99 85.75 0 53100.00 53100.00
15/11/2007 85.75 85.75 85.75 85.75 0 0.00 0.00
16/11/2007 85.72 85.07 86.99 86.70 0 21000.00 21000.00
19/11/2007 86.01 82.70 86.01 83.00 0 20500.00 20500.00
20/11/2007 83.00 83.00 83.00 83.00 0 0.00 0.00
21/11/2007 82.36 79.40 82.36 81.94 0 34300.00 34300.00
22/11/2007 82.36 80.50 83.48 81.99 0 22300.00 22300.00
23/11/2007 80.66 80.66 83.50 83.38 0 22900.00 22900.00
26/11/2007 82.53 77.06 82.57 77.06 0 63600.00 63600.00
27/11/2007 76.99 76.50 80.20 78.26 0 21500.00 21500.00
28/11/2007 78.90 78.33 84.69 82.90 0 34600.00 34600.00
29/11/2007 82.85 82.20 84.90 83.51 0 42100.00 42100.00
30/11/2007 85.21 85.00 87.70 85.83 0 29300.00 29300.00
03/12/2007 85.80 85.80 90.49 89.14 0 34300.00 34300.00
04/12/2007 88.80 88.80 97.90 97.49 0 406100.00 406100.00
05/12/2007 97.10 96.20 97.30 96.31 0 31900.00 31900.00
06/12/2007 97.00 96.25 97.00 96.99 0 21000.00 21000.00
07/12/2007 96.98 96.20 96.99 96.92 0 43400.00 43400.00
10/12/2007 96.50 96.21 96.98 96.75 0 30200.00 30200.00
11/12/2007 96.75 96.21 97.00 96.66 0 37300.00 37300.00
12/12/2007 97.32 96.60 97.99 96.60 0 104300.00 104300.00
13/12/2007 95.01 95.01 97.00 96.00 0 68700.00 68700.00
14/12/2007 96.20 95.80 96.50 96.00 0 15700.00 15700.00
17/12/2007 95.61 95.51 96.99 95.60 0 26400.00 26400.00
18/12/2007 96.00 94.51 97.00 96.44 0 39100.00 39100.00
19/12/2007 96.00 94.61 96.48 96.48 0 25000.00 25000.00
20/12/2007 95.40 95.05 96.99 95.51 0 70000.00 70000.00
21/12/2007 95.56 95.56 97.20 97.20 0 37500.00 37500.00
24/12/2007 97.20 97.20 97.20 97.20 0 0.00 0.00
25/12/2007 97.20 97.20 97.20 97.20 0 0.00 0.00
26/12/2007 96.00 95.50 98.00 98.00 0 29200.00 29200.00
27/12/2007 98.00 96.00 98.00 96.97 0 22900.00 22900.00
28/12/2007 96.97 96.00 99.00 98.50 0 75700.00 75700.00
31/12/2007 98.50 98.50 98.50 98.50 0 0.00 0.00
01/01/2008 98.50 98.50 98.50 98.50 0 0.00 0.00
02/01/2008 96.67 95.80 96.69 96.60 0 20900.00 20900.00
03/01/2008 96.01 94.11 96.60 95.10 0 28200.00 28200.00
04/01/2008 94.01 94.01 95.58 95.50 0 66800.00 66800.00
07/01/2008 96.20 94.05 96.20 94.30 0 20900.00 20900.00
08/01/2008 94.46 94.33 96.00 95.90 0 20000.00 20000.00
09/01/2008 95.99 94.65 96.20 95.89 0 29300.00 29300.00
10/01/2008 94.94 94.65 95.98 95.48 0 18100.00 18100.00
11/01/2008 95.49 94.65 95.50 94.80 0 134300.00 134300.00
14/01/2008 96.00 94.71 96.00 96.00 0 73600.00 73600.00
15/01/2008 95.99 94.21 95.99 95.03 0 73500.00 73500.00
16/01/2008 94.75 94.52 95.98 94.53 0 66500.00 66500.00
17/01/2008 95.29 93.97 95.29 94.99 0 79400.00 79400.00
18/01/2008 94.65 94.01 95.30 95.30 0 83300.00 83300.00
21/01/2008 94.60 93.10 95.00 94.99 0 200100.00 200100.00
22/01/2008 95.85 93.81 95.85 94.00 0 252800.00 252800.00
23/01/2008 94.00 92.32 94.01 93.90 0 119700.00 119700.00
24/01/2008 93.93 93.93 94.97 94.50 0 19000.00 19000.00
25/01/2008 94.50 94.50 94.50 94.50 0 0.00 0.00
28/01/2008 94.50 94.50 95.48 95.47 0 25000.00 25000.00
29/01/2008 95.41 94.88 95.49 95.10 0 15800.00 15800.00
30/01/2008 95.00 94.82 95.94 95.80 0 22200.00 22200.00
31/01/2008 95.06 95.05 95.40 95.20 0 120300.00 120300.00
01/02/2008 95.50 95.42 96.25 96.25 0 28400.00 28400.00
04/02/2008 96.25 96.25 96.25 96.25 0 0.00 0.00
05/02/2008 96.25 96.25 96.25 96.25 0 0.00 0.00
06/02/2008 95.50 95.50 96.00 95.51 0 21800.00 21800.00
07/02/2008 96.14 95.41 96.14 95.57 0 24800.00 24800.00
08/02/2008 95.61 95.60 95.99 95.80 0 45800.00 45800.00
11/02/2008 96.00 95.71 96.58 96.40 0 87600.00 87600.00
12/02/2008 96.50 95.75 97.24 95.75 0 18500.00 18500.00
13/02/2008 96.92 96.06 97.18 97.04 0 145900.00 145900.00
14/02/2008 96.99 96.20 97.00 96.30 0 56600.00 56600.00
15/02/2008 96.20 96.10 96.50 96.20 0 3300.00 3300.00
18/02/2008 96.50 96.10 96.79 96.20 0 27200.00 27200.00
19/02/2008 96.64 96.00 96.64 96.05 0 23200.00 23200.00
20/02/2008 96.06 96.00 96.29 96.20 0 129000.00 129000.00
21/02/2008 96.20 96.09 96.35 96.15 0 16600.00 16600.00
22/02/2008 96.25 96.11 96.40 96.39 0 15200.00 15200.00
25/02/2008 96.11 96.05 96.35 96.16 0 17200.00 17200.00
26/02/2008 96.05 96.00 97.48 97.40 0 21800.00 21800.00
27/02/2008 97.47 97.30 97.75 97.59 0 19600.00 19600.00
28/02/2008 97.01 96.38 97.60 96.50 0 6600.00 6600.00
29/02/2008 96.26 95.17 97.05 96.26 0 27000.00 27000.00
03/03/2008 96.99 96.37 97.49 97.39 0 17800.00 17800.00
04/03/2008 97.25 97.25 97.74 97.74 0 33200.00 33200.00
05/03/2008 97.98 97.45 98.10 97.45 0 21500.00 21500.00
06/03/2008 97.75 97.51 97.98 97.75 0 7100.00 7100.00
07/03/2008 97.74 97.60 98.17 97.69 0 52000.00 52000.00
10/03/2008 97.70 97.70 97.80 97.70 0 9500.00 9500.00
11/03/2008 98.00 97.71 98.50 98.15 0 30400.00 30400.00
12/03/2008 97.76 97.75 98.19 98.08 0 13900.00 13900.00
13/03/2008 97.50 97.50 98.10 98.10 0 25000.00 25000.00
14/03/2008 98.08 97.75 98.14 98.00 0 83700.00 83700.00
17/03/2008 98.00 98.00 98.00 98.00 0 0.00 0.00
18/03/2008 94.50 93.13 96.00 93.34 0 44200.00 44200.00
19/03/2008 94.49 93.40 94.50 93.85 0 32300.00 32300.00
20/03/2008 93.85 93.50 93.85 93.60 0 96700.00 96700.00
21/03/2008 93.60 93.60 93.60 93.60 0 0.00 0.00
24/03/2008 93.61 93.61 94.09 93.97 0 6100.00 6100.00
25/03/2008 94.00 93.71 94.00 93.99 0 8700.00 8700.00
26/03/2008 93.99 93.70 93.99 93.70 0 15700.00 15700.00
27/03/2008 94.00 93.70 94.00 93.75 0 24500.00 24500.00
28/03/2008 92.00 91.60 94.48 94.20 0 37200.00 37200.00
31/03/2008 93.61 93.61 94.99 94.40 0 89200.00 89200.00
01/04/2008 94.40 94.00 94.40 94.30 0 38700.00 38700.00
02/04/2008 94.49 94.06 94.49 94.30 0 50500.00 50500.00
03/04/2008 94.68 93.80 97.80 94.30 0 39900.00 39900.00
04/04/2008 94.70 92.66 94.71 94.70 0 15600.00 15600.00
07/04/2008 95.00 90.00 95.00 94.70 0 79100.00 79100.00
08/04/2008 94.70 94.70 95.00 94.70 0 127800.00 127800.00
09/04/2008 94.71 94.70 95.00 94.70 0 9000.00 9000.00
10/04/2008 94.70 93.86 105.03 105.02 0 459500.00 459500.00
11/04/2008 103.00 101.00 103.00 102.00 0 2500.00 2500.00
14/04/2008 94.70 94.70 95.50 94.98 0 24900.00 24900.00
15/04/2008 95.98 94.72 95.98 94.72 0 3900.00 3900.00
16/04/2008 95.99 94.80 96.00 94.80 0 3500.00 3500.00
17/04/2008 94.01 94.01 94.72 94.72 0 89500.00 89500.00
18/04/2008 94.72 94.72 94.72 94.72 0 22000.00 22000.00
22/04/2008 94.05 93.50 95.72 94.72 0 9000.00 9000.00
23/04/2008 94.72 94.72 94.90 94.72 0 3100.00 3100.00
24/04/2008 94.73 94.73 94.73 94.73 0 16700.00 16700.00
25/04/2008 94.73 94.73 94.99 94.73 0 0.00 0.00
