24/03/2005 72.50 69.02 72.90 72.50 0 6177000.00 6177000.00
25/03/2005 72.50 72.50 72.50 72.50 0 0.00 0.00
28/03/2005 72.21 72.21 72.60 72.50 0 4824000.00 4824000.00
29/03/2005 72.49 72.49 72.60 72.50 0 2381000.00 2381000.00
30/03/2005 72.40 72.40 75.00 74.00 0 2289000.00 2289000.00
31/03/2005 74.00 72.50 74.39 73.50 0 337000.00 337000.00
01/04/2005 72.00 72.00 75.00 74.40 0 1584000.00 1584000.00
04/04/2005 72.51 72.51 74.85 74.85 0 585000.00 585000.00
05/04/2005 73.01 72.50 75.00 72.70 0 1367000.00 1367000.00
06/04/2005 74.49 72.50 74.49 72.51 0 436000.00 436000.00
07/04/2005 73.00 73.00 73.90 73.90 0 302000.00 302000.00
08/04/2005 73.90 73.50 73.91 73.90 0 290000.00 290000.00
11/04/2005 73.50 73.25 74.51 74.00 0 3198000.00 3198000.00
12/04/2005 73.95 72.99 73.95 73.00 0 465000.00 465000.00
13/04/2005 73.00 72.80 73.00 73.00 0 393000.00 393000.00
14/04/2005 73.00 72.50 73.00 72.50 0 2478000.00 2478000.00
15/04/2005 71.60 71.50 72.49 72.49 0 210000.00 210000.00
18/04/2005 72.50 71.50 72.50 72.50 0 238000.00 238000.00
19/04/2005 72.49 72.49 72.52 72.50 0 265000.00 265000.00
20/04/2005 72.50 72.49 73.00 72.60 0 164000.00 164000.00
21/04/2005 72.60 72.60 72.60 72.60 0 0.00 0.00
22/04/2005 71.50 71.50 73.29 73.00 0 70000.00 70000.00
25/04/2005 72.99 71.00 73.40 71.10 0 372000.00 372000.00
26/04/2005 71.00 71.00 72.50 72.50 0 449000.00 449000.00
27/04/2005 72.50 72.10 73.40 73.00 0 187000.00 187000.00
28/04/2005 73.00 73.00 74.00 73.00 0 896000.00 896000.00
29/04/2005 73.00 73.00 73.35 73.01 0 475000.00 475000.00
02/05/2005 73.50 73.20 73.50 73.50 0 656000.00 656000.00
03/05/2005 73.49 72.80 73.50 73.00 0 875000.00 875000.00
04/05/2005 73.49 72.50 73.49 73.00 0 548000.00 548000.00
05/05/2005 73.30 73.00 73.30 73.00 0 130000.00 130000.00
06/05/2005 73.00 71.46 73.00 71.46 0 518000.00 518000.00
09/05/2005 71.50 70.50 71.50 71.00 0 826000.00 826000.00
10/05/2005 70.99 69.49 70.99 69.50 0 1324000.00 1324000.00
11/05/2005 69.05 68.50 70.00 69.00 0 573000.00 573000.00
12/05/2005 68.50 67.00 68.50 67.00 0 1147000.00 1147000.00
13/05/2005 67.00 65.00 67.00 65.00 0 740000.00 740000.00
16/05/2005 65.00 65.00 66.29 66.29 0 252000.00 252000.00
17/05/2005 66.30 66.30 69.00 68.01 0 323000.00 323000.00
18/05/2005 69.10 69.00 71.00 69.40 0 1078000.00 1078000.00
19/05/2005 68.40 66.00 68.98 67.60 0 487000.00 487000.00
20/05/2005 67.60 67.10 70.00 69.00 0 606000.00 606000.00
23/05/2005 70.00 67.31 71.50 67.50 0 315000.00 315000.00
24/05/2005 67.50 66.70 70.00 69.00 0 547000.00 547000.00
25/05/2005 70.00 65.00 70.00 66.63 0 875000.00 875000.00
26/05/2005 66.63 66.63 66.63 66.63 0 0.00 0.00
27/05/2005 67.50 65.80 68.50 67.35 0 816000.00 816000.00
30/05/2005 67.30 67.30 68.50 68.03 0 172000.00 172000.00
31/05/2005 68.85 67.00 70.00 69.90 0 572000.00 572000.00
01/06/2005 69.80 68.60 72.50 72.50 0 6667000.00 6667000.00
02/06/2005 72.50 69.00 73.00 71.00 0 624000.00 624000.00
03/06/2005 72.20 69.02 72.20 69.02 0 260000.00 260000.00
06/06/2005 67.00 67.00 71.00 70.30 0 535000.00 535000.00
07/06/2005 69.00 69.00 72.01 70.90 0 117000.00 117000.00
08/06/2005 71.00 69.00 71.40 70.00 0 232000.00 232000.00
09/06/2005 69.00 68.25 69.00 68.49 0 217000.00 217000.00
10/06/2005 68.90 68.90 71.50 70.50 0 266000.00 266000.00
13/06/2005 70.51 68.80 71.40 69.00 0 467000.00 467000.00
14/06/2005 69.01 68.07 69.01 68.07 0 351000.00 351000.00
15/06/2005 68.50 68.50 71.00 69.61 0 205000.00 205000.00
16/06/2005 70.30 67.61 70.50 70.47 0 1981000.00 1981000.00
17/06/2005 70.98 69.96 71.30 71.28 0 611000.00 611000.00
20/06/2005 70.50 69.50 70.50 70.00 0 1309000.00 1309000.00
21/06/2005 70.50 68.10 70.50 68.10 0 764000.00 764000.00
22/06/2005 66.99 66.99 69.00 68.95 0 310000.00 310000.00
23/06/2005 69.70 68.00 69.70 68.99 0 75000.00 75000.00
24/06/2005 69.97 68.90 70.00 69.94 0 875000.00 875000.00
27/06/2005 68.80 68.80 71.00 70.10 0 424000.00 424000.00
28/06/2005 70.10 70.00 70.50 70.19 0 399000.00 399000.00
29/06/2005 70.50 70.00 70.50 70.00 0 415000.00 415000.00
30/06/2005 70.00 69.49 70.25 69.49 0 556000.00 556000.00
01/07/2005 70.00 69.50 70.65 70.65 0 447000.00 447000.00
04/07/2005 70.50 69.89 70.50 69.89 0 35000.00 35000.00
05/07/2005 68.31 68.31 69.30 68.95 0 69000.00 69000.00
06/07/2005 68.60 68.50 70.00 69.85 0 152000.00 152000.00
07/07/2005 69.00 69.00 71.00 70.90 0 240000.00 240000.00
08/07/2005 71.00 70.00 71.80 70.00 0 404000.00 404000.00
11/07/2005 70.50 68.75 70.50 68.75 0 78000.00 78000.00
12/07/2005 68.50 67.50 69.05 67.54 0 797000.00 797000.00
13/07/2005 67.50 67.50 68.60 68.50 0 1350000.00 1350000.00
14/07/2005 68.50 67.49 70.00 68.45 0 555000.00 555000.00
15/07/2005 67.50 66.40 68.10 66.40 0 437000.00 437000.00
18/07/2005 65.00 65.00 67.00 66.52 0 233000.00 233000.00
19/07/2005 66.00 65.97 67.10 66.90 0 2089000.00 2089000.00
20/07/2005 67.00 67.00 69.90 68.50 0 384000.00 384000.00
21/07/2005 70.00 69.00 70.00 69.40 0 335000.00 335000.00
22/07/2005 69.10 66.30 70.01 69.79 0 2984000.00 2984000.00
25/07/2005 68.70 68.70 70.00 69.98 0 1605000.00 1605000.00
26/07/2005 69.40 69.40 73.32 72.95 0 1013000.00 1013000.00
27/07/2005 73.00 73.00 75.00 74.85 0 799000.00 799000.00
28/07/2005 74.98 74.98 80.97 80.97 0 1212000.00 1212000.00
29/07/2005 80.99 80.00 86.00 82.50 0 1300000.00 1300000.00
01/08/2005 83.49 77.00 83.51 78.99 0 368000.00 368000.00
02/08/2005 80.00 78.00 81.00 78.00 0 229000.00 229000.00
03/08/2005 77.00 74.11 77.00 75.99 0 854000.00 854000.00
04/08/2005 75.85 75.84 79.00 77.09 0 1008000.00 1008000.00
05/08/2005 78.00 77.90 81.00 81.00 0 2662000.00 2662000.00
08/08/2005 81.03 80.50 84.00 81.00 0 352000.00 352000.00
09/08/2005 82.00 78.15 82.49 79.50 0 458000.00 458000.00
10/08/2005 79.00 77.50 79.00 77.52 0 154000.00 154000.00
11/08/2005 77.00 77.00 79.40 78.00 0 442000.00 442000.00
12/08/2005 76.00 76.00 78.00 77.00 0 700000.00 700000.00
15/08/2005 78.50 76.10 79.20 79.20 0 842000.00 842000.00
16/08/2005 80.00 78.66 80.00 80.00 0 687000.00 687000.00
17/08/2005 81.00 78.55 81.00 80.00 0 495000.00 495000.00
18/08/2005 79.00 79.00 79.90 79.90 0 8000.00 8000.00
19/08/2005 80.00 78.50 80.00 79.50 0 398000.00 398000.00
22/08/2005 80.00 79.20 80.00 80.00 0 84000.00 84000.00
23/08/2005 79.50 79.30 80.00 79.30 0 93000.00 93000.00
24/08/2005 79.50 79.50 79.99 79.90 0 92000.00 92000.00
25/08/2005 79.90 79.75 79.90 79.90 0 155000.00 155000.00
26/08/2005 79.98 76.02 79.98 76.02 0 723000.00 723000.00
29/08/2005 76.50 76.50 78.50 78.50 0 112000.00 112000.00
30/08/2005 78.80 78.50 79.50 79.50 0 66000.00 66000.00
31/08/2005 79.00 78.51 79.90 79.90 0 458000.00 458000.00
01/09/2005 79.90 79.00 79.90 79.00 0 44000.00 44000.00
02/09/2005 79.90 78.00 80.00 79.87 0 1018000.00 1018000.00
05/09/2005 80.50 78.50 80.50 79.47 0 160000.00 160000.00
06/09/2005 78.51 78.00 79.48 78.80 0 149000.00 149000.00
07/09/2005 78.80 78.80 78.80 78.80 0 0.00 0.00
08/09/2005 79.99 79.96 81.30 80.00 0 1448000.00 1448000.00
09/09/2005 81.00 81.00 83.90 83.00 0 284000.00 284000.00
12/09/2005 83.78 83.00 85.00 83.78 0 186000.00 186000.00
13/09/2005 84.98 82.15 85.00 83.99 0 520000.00 520000.00
14/09/2005 84.40 84.20 86.00 85.00 0 457000.00 457000.00
15/09/2005 84.00 84.00 85.68 84.50 0 246000.00 246000.00
16/09/2005 85.80 85.50 90.00 89.99 0 657000.00 657000.00
19/09/2005 92.50 88.00 95.00 95.00 0 889000.00 889000.00
20/09/2005 95.00 93.00 95.00 94.90 0 791000.00 791000.00
21/09/2005 94.90 94.50 94.99 94.87 0 4361000.00 4361000.00
22/09/2005 94.95 90.90 94.95 92.00 0 479000.00 479000.00
23/09/2005 92.00 89.00 92.00 89.46 0 165000.00 165000.00
26/09/2005 90.50 84.00 90.50 85.89 0 1124000.00 1124000.00
27/09/2005 85.89 85.50 87.69 86.50 0 3001000.00 3001000.00
28/09/2005 86.50 86.50 89.99 87.00 0 841000.00 841000.00
29/09/2005 88.00 86.68 88.00 87.00 0 1714000.00 1714000.00
30/09/2005 89.99 87.15 90.50 88.50 0 1346000.00 1346000.00
03/10/2005 88.00 88.00 89.00 88.00 0 7484000.00 7484000.00
04/10/2005 88.64 87.05 88.65 88.00 0 1175000.00 1175000.00
05/10/2005 86.00 86.00 87.01 87.00 0 231000.00 231000.00
06/10/2005 87.00 83.00 87.00 84.00 0 1455000.00 1455000.00
07/10/2005 85.00 83.00 87.00 84.90 0 1427000.00 1427000.00
10/10/2005 85.49 83.00 85.49 84.89 0 138000.00 138000.00
11/10/2005 85.00 85.00 86.20 86.00 0 526000.00 526000.00
12/10/2005 86.00 86.00 86.00 86.00 0 0.00 0.00
13/10/2005 86.00 85.30 86.00 85.50 0 659000.00 659000.00
14/10/2005 85.50 84.90 85.50 84.90 0 77000.00 77000.00
17/10/2005 84.50 84.20 85.00 84.80 0 624000.00 624000.00
18/10/2005 84.90 83.20 84.90 84.40 0 1308000.00 1308000.00
19/10/2005 83.50 83.00 84.00 83.50 0 547000.00 547000.00
20/10/2005 83.50 79.95 83.50 81.99 0 550000.00 550000.00
21/10/2005 82.00 81.50 83.00 83.00 0 717000.00 717000.00
24/10/2005 83.50 80.50 83.50 81.96 0 156000.00 156000.00
25/10/2005 81.80 78.50 82.00 78.50 0 417000.00 417000.00
26/10/2005 80.00 78.80 81.00 80.00 0 567000.00 567000.00
27/10/2005 81.00 79.41 81.40 79.41 0 2685000.00 2685000.00
28/10/2005 81.00 80.00 84.99 83.01 0 2143000.00 2143000.00
31/10/2005 84.50 84.50 88.00 86.99 0 1110000.00 1110000.00
01/11/2005 87.50 87.01 89.50 88.80 0 1121000.00 1121000.00
02/11/2005 88.80 88.80 88.80 88.80 0 0.00 0.00
03/11/2005 90.00 89.00 94.00 94.00 0 2914000.00 2914000.00
04/11/2005 94.02 89.15 94.02 90.00 0 709000.00 709000.00
07/11/2005 89.99 85.10 90.00 86.70 0 772000.00 772000.00
08/11/2005 87.50 86.21 87.50 87.00 0 874000.00 874000.00
09/11/2005 87.99 86.50 89.40 89.01 0 1450000.00 1450000.00
10/11/2005 89.00 89.00 92.00 91.00 0 1033000.00 1033000.00
11/11/2005 91.00 91.00 92.50 92.00 0 1210000.00 1210000.00
14/11/2005 92.50 91.00 92.50 91.00 0 228000.00 228000.00
15/11/2005 91.00 91.00 91.00 91.00 0 0.00 0.00
16/11/2005 91.90 91.89 92.00 92.00 0 486000.00 486000.00
17/11/2005 92.00 91.99 96.00 96.00 0 1455000.00 1455000.00
18/11/2005 95.00 95.00 96.00 95.00 0 287000.00 287000.00
21/11/2005 96.00 93.01 96.00 94.70 0 320000.00 320000.00
22/11/2005 93.00 91.00 95.00 94.00 0 831000.00 831000.00
23/11/2005 95.50 92.60 95.50 92.60 0 289000.00 289000.00
24/11/2005 93.50 89.50 93.50 89.50 0 309000.00 309000.00
25/11/2005 90.00 89.99 95.50 92.52 0 783000.00 783000.00
28/11/2005 94.00 92.60 94.00 92.65 0 639000.00 639000.00
29/11/2005 93.50 92.12 93.50 92.50 0 820000.00 820000.00
30/11/2005 91.00 90.01 93.00 92.70 0 774000.00 774000.00
01/12/2005 94.00 92.50 94.00 93.40 0 1101000.00 1101000.00
02/12/2005 93.45 91.97 94.00 91.97 0 369000.00 369000.00
05/12/2005 90.55 90.20 92.50 90.55 0 639000.00 639000.00
06/12/2005 90.90 89.50 91.00 90.90 0 26930000.00 26930000.00
07/12/2005 92.50 90.98 93.95 92.50 0 2575000.00 2575000.00
08/12/2005 92.35 92.00 95.00 92.35 0 2060000.00 2060000.00
09/12/2005 96.90 93.10 97.00 96.90 0 2569000.00 2569000.00
12/12/2005 96.80 95.50 98.50 96.80 0 1414000.00 1414000.00
13/12/2005 101.00 96.80 101.00 101.00 0 2496000.00 2496000.00
14/12/2005 98.90 98.00 102.99 98.90 0 1570000.00 1570000.00
15/12/2005 97.00 96.98 98.90 97.00 0 774000.00 774000.00
16/12/2005 99.10 97.00 99.30 99.10 0 848000.00 848000.00
19/12/2005 99.50 99.10 100.00 99.80 0 1422000.00 1422000.00
20/12/2005 99.80 99.00 100.50 99.80 0 881000.00 881000.00
21/12/2005 99.00 98.89 100.00 99.00 0 1896000.00 1896000.00
22/12/2005 100.00 97.99 100.00 97.99 0 86000.00 86000.00
23/12/2005 97.99 95.50 98.00 97.00 0 189000.00 189000.00
26/12/2005 98.20 97.00 98.20 97.50 0 77000.00 77000.00
27/12/2005 98.50 97.50 98.50 98.50 0 558000.00 558000.00
28/12/2005 98.50 98.00 99.40 99.40 0 565000.00 565000.00
29/12/2005 99.75 99.01 100.95 99.75 0 2429000.00 2429000.00
30/12/2005 99.75 99.75 99.75 99.75 0 0.00 0.00
02/01/2006 100.05 99.01 101.98 100.05 0 529000.00 529000.00
03/01/2006 103.00 98.50 104.00 103.00 0 1538000.00 1538000.00
04/01/2006 104.00 102.00 104.00 104.00 0 518000.00 518000.00
05/01/2006 104.40 104.40 109.95 108.00 0 1588000.00 1588000.00
06/01/2006 113.00 105.00 114.00 113.00 0 4710000.00 4710000.00
09/01/2006 111.59 110.50 115.00 111.00 0 1581000.00 1581000.00
10/01/2006 108.50 108.00 111.99 108.50 0 680000.00 680000.00
11/01/2006 110.00 110.00 113.95 111.80 0 977000.00 977000.00
12/01/2006 114.00 112.00 114.00 113.90 0 1285000.00 1285000.00
13/01/2006 113.90 113.00 116.00 115.50 0 1120000.00 1120000.00
16/01/2006 115.00 111.11 115.00 114.75 0 586000.00 586000.00
17/01/2006 114.50 113.50 115.00 113.50 0 1410000.00 1410000.00
18/01/2006 111.09 106.00 112.99 112.99 0 1054000.00 1054000.00
19/01/2006 113.50 113.50 119.00 116.00 0 640000.00 640000.00
20/01/2006 116.00 116.00 121.03 119.01 0 1042000.00 1042000.00
23/01/2006 120.00 118.21 121.00 120.70 0 1055000.00 1055000.00
24/01/2006 121.00 121.00 125.43 123.00 0 862000.00 862000.00
25/01/2006 123.00 123.00 123.00 123.00 0 0.00 0.00
26/01/2006 122.99 120.00 127.00 126.00 0 2463000.00 2463000.00
27/01/2006 127.00 124.00 127.50 125.10 0 820000.00 820000.00
30/01/2006 124.00 121.75 124.50 121.75 0 305000.00 305000.00
31/01/2006 122.00 118.20 122.00 119.89 0 751000.00 751000.00
01/02/2006 122.00 118.00 122.50 118.25 0 2679000.00 2679000.00
02/02/2006 119.50 115.50 120.00 117.99 0 2742000.00 2742000.00
03/02/2006 119.00 114.10 119.00 115.79 0 2661000.00 2661000.00
06/02/2006 116.90 113.00 116.90 115.00 0 1679000.00 1679000.00
07/02/2006 115.00 113.60 115.00 113.60 0 1387000.00 1387000.00
08/02/2006 114.00 113.60 116.50 115.99 0 1431000.00 1431000.00
09/02/2006 117.00 115.99 118.00 117.00 0 845000.00 845000.00
10/02/2006 119.00 118.80 124.00 123.50 0 1074000.00 1074000.00
13/02/2006 127.10 123.00 130.99 127.10 0 1003000.00 1003000.00
14/02/2006 128.90 128.90 134.00 133.90 0 2712000.00 2712000.00
15/02/2006 132.00 127.50 132.00 127.50 0 1580000.00 1580000.00
16/02/2006 129.50 126.00 129.50 126.60 0 607000.00 607000.00
17/02/2006 126.00 120.00 126.00 120.00 0 1370000.00 1370000.00
20/02/2006 121.50 119.00 122.70 122.00 0 707000.00 707000.00
21/02/2006 121.01 121.01 123.49 121.99 0 904000.00 904000.00
22/02/2006 122.01 120.00 127.00 120.00 0 1233000.00 1233000.00
23/02/2006 117.99 114.20 120.00 117.00 0 2923000.00 2923000.00
24/02/2006 119.00 116.00 119.90 116.50 0 1982000.00 1982000.00
27/02/2006 116.50 116.50 116.50 116.50 0 0.00 0.00
28/02/2006 116.50 116.50 116.50 116.50 0 0.00 0.00
01/03/2006 116.50 116.50 125.00 123.20 0 1467000.00 1467000.00
02/03/2006 124.00 123.50 126.50 125.00 0 585000.00 585000.00
03/03/2006 125.00 123.00 137.00 134.00 0 2729000.00 2729000.00
06/03/2006 135.50 128.50 140.00 130.98 0 859000.00 859000.00
07/03/2006 129.00 124.00 129.00 126.70 0 852000.00 852000.00
08/03/2006 124.30 119.00 129.58 128.00 0 1212000.00 1212000.00
09/03/2006 130.00 121.00 131.10 124.00 0 453000.00 453000.00
10/03/2006 125.00 120.10 127.50 123.50 0 1429000.00 1429000.00
13/03/2006 124.00 122.01 125.90 124.00 0 970000.00 970000.00
14/03/2006 123.00 122.50 125.90 123.90 0 778000.00 778000.00
15/03/2006 123.90 123.56 125.98 124.49 0 411000.00 411000.00
16/03/2006 126.00 124.49 133.00 133.00 0 1587000.00 1587000.00
17/03/2006 132.00 128.02 134.00 129.00 0 2139000.00 2139000.00
20/03/2006 130.00 129.79 133.50 132.00 0 1026000.00 1026000.00
21/03/2006 132.00 129.50 133.50 132.50 0 508000.00 508000.00
22/03/2006 131.00 131.00 139.44 137.01 0 1117000.00 1117000.00
23/03/2006 145.00 139.50 145.00 141.50 0 4668000.00 4668000.00
24/03/2006 141.50 138.55 142.40 139.90 0 1776000.00 1776000.00
27/03/2006 137.12 137.00 139.00 138.98 0 441000.00 441000.00
28/03/2006 137.00 137.00 140.00 137.00 0 623000.00 623000.00
29/03/2006 137.00 132.00 137.00 135.50 0 1555000.00 1555000.00
30/03/2006 137.00 136.50 140.02 136.50 0 1169000.00 1169000.00
31/03/2006 137.00 133.00 139.80 134.00 0 2139000.00 2139000.00
03/04/2006 135.00 132.10 136.00 134.00 0 1657000.00 1657000.00
04/04/2006 135.00 130.00 135.00 131.89 0 2665000.00 2665000.00
05/04/2006 131.00 129.99 133.00 132.00 0 2033000.00 2033000.00
06/04/2006 132.00 130.99 133.20 132.50 0 1395000.00 1395000.00
07/04/2006 132.50 131.01 132.50 132.00 0 1743000.00 1743000.00
10/04/2006 132.99 131.00 135.00 132.99 0 718000.00 718000.00
11/04/2006 133.00 132.00 133.90 132.61 0 851000.00 851000.00
12/04/2006 132.60 130.05 133.80 131.48 0 461000.00 461000.00
13/04/2006 131.00 131.00 135.01 133.00 0 702000.00 702000.00
14/04/2006 133.00 133.00 133.00 133.00 0 0.00 0.00
17/04/2006 133.00 132.00 134.00 132.95 0 180000.00 180000.00
18/04/2006 132.95 132.00 134.50 133.00 0 1173000.00 1173000.00
19/04/2006 132.50 130.50 132.50 131.25 0 471000.00 471000.00
20/04/2006 130.50 128.91 133.80 131.00 0 2071000.00 2071000.00
21/04/2006 131.00 131.00 131.00 131.00 0 0.00 0.00
24/04/2006 130.50 128.49 130.50 130.00 0 1343000.00 1343000.00
25/04/2006 129.01 128.00 131.00 129.05 0 1873000.00 1873000.00
26/04/2006 129.00 129.00 135.00 135.00 0 5006000.00 5006000.00
27/04/2006 134.00 133.00 136.99 134.00 0 1751000.00 1751000.00
28/04/2006 134.48 131.50 134.48 132.01 0 1072000.00 1072000.00
01/05/2006 132.01 132.01 132.01 132.01 0 0.00 0.00
02/05/2006 131.50 131.50 134.00 133.50 0 3472000.00 3472000.00
03/05/2006 133.50 133.50 143.90 142.50 0 3136000.00 3136000.00
04/05/2006 145.00 142.50 153.00 150.00 0 5663000.00 5663000.00
05/05/2006 152.00 150.70 156.01 155.50 0 3201000.00 3201000.00
08/05/2006 157.00 152.51 162.00 155.00 0 1141000.00 1141000.00
09/05/2006 156.00 152.52 158.00 153.50 0 1543000.00 1543000.00
10/05/2006 154.90 153.61 163.00 159.98 0 3363000.00 3363000.00
11/05/2006 165.10 161.00 167.00 165.10 0 2500000.00 2500000.00
12/05/2006 163.00 154.25 163.00 157.50 0 2878000.00 2878000.00
15/05/2006 152.80 148.00 154.00 150.00 0 2626000.00 2626000.00
16/05/2006 154.42 148.81 158.00 153.00 0 1968000.00 1968000.00
17/05/2006 151.97 148.00 152.50 151.00 0 1832000.00 1832000.00
18/05/2006 154.00 148.10 154.00 151.50 0 605000.00 605000.00
19/05/2006 151.50 148.20 155.00 150.50 0 3863000.00 3863000.00
22/05/2006 146.10 139.00 146.10 145.99 0 8116000.00 8116000.00
23/05/2006 146.00 139.99 147.39 144.85 0 4162000.00 4162000.00
24/05/2006 141.01 130.01 141.50 138.85 0 4445000.00 4445000.00
25/05/2006 140.50 138.00 145.40 144.10 0 2170000.00 2170000.00
26/05/2006 147.00 143.11 149.39 147.00 0 2839000.00 2839000.00
29/05/2006 150.00 147.49 152.00 149.99 0 1085000.00 1085000.00
30/05/2006 149.50 142.15 149.99 148.00 0 2533000.00 2533000.00
31/05/2006 146.50 143.00 153.00 147.50 0 10948000.00 10948000.00
01/06/2006 147.00 147.00 155.00 152.00 0 4125000.00 4125000.00
02/06/2006 153.01 153.01 157.01 156.00 0 1201000.00 1201000.00
05/06/2006 155.10 149.01 155.56 151.50 0 940000.00 940000.00
06/06/2006 150.00 146.61 153.41 149.99 0 1014000.00 1014000.00
07/06/2006 147.60 146.98 151.00 147.10 0 644000.00 644000.00
08/06/2006 145.00 136.40 145.00 138.00 0 1619000.00 1619000.00
09/06/2006 140.00 140.00 145.00 145.00 0 707000.00 707000.00
12/06/2006 145.00 135.60 145.00 137.80 0 1000000.00 1000000.00
13/06/2006 140.00 134.10 140.00 139.00 0 811000.00 811000.00
14/06/2006 139.00 128.01 140.11 134.00 0 1418000.00 1418000.00
15/06/2006 134.00 134.00 134.00 134.00 0 0.00 0.00
16/06/2006 137.00 133.30 139.00 136.00 0 819000.00 819000.00
19/06/2006 138.00 128.10 138.00 129.01 0 1330000.00 1330000.00
20/06/2006 130.50 127.90 135.00 135.00 0 1833000.00 1833000.00
21/06/2006 133.50 133.00 143.00 141.00 0 3318000.00 3318000.00
22/06/2006 142.50 137.00 142.50 140.00 0 1509000.00 1509000.00
23/06/2006 139.00 138.00 146.29 141.00 0 909000.00 909000.00
26/06/2006 140.90 140.00 143.00 141.70 0 936000.00 936000.00
27/06/2006 142.88 139.51 142.88 139.99 0 851000.00 851000.00
28/06/2006 141.00 135.00 141.00 140.00 0 1908000.00 1908000.00
29/06/2006 140.99 136.00 144.75 144.75 0 2631000.00 2631000.00
30/06/2006 145.50 144.00 147.25 146.90 0 820000.00 820000.00
03/07/2006 151.25 148.52 152.49 152.49 0 447000.00 447000.00
04/07/2006 152.39 148.10 152.50 152.50 0 509000.00 509000.00
05/07/2006 150.40 142.10 150.50 146.00 0 1409000.00 1409000.00
06/07/2006 147.99 146.00 152.00 149.09 0 1189000.00 1189000.00
07/07/2006 149.99 144.01 149.99 146.00 0 533000.00 533000.00
10/07/2006 145.50 144.00 147.50 146.49 0 1318000.00 1318000.00
11/07/2006 144.01 142.20 145.99 143.97 0 1617000.00 1617000.00
12/07/2006 143.80 139.70 145.00 142.50 0 803000.00 803000.00
13/07/2006 137.20 135.71 141.99 139.86 0 810000.00 810000.00
14/07/2006 140.00 135.20 143.00 139.30 0 548000.00 548000.00
17/07/2006 138.00 135.51 140.00 138.00 0 527000.00 527000.00
18/07/2006 138.50 134.62 138.50 136.00 0 1138000.00 1138000.00
19/07/2006 136.05 134.21 143.89 139.50 0 997000.00 997000.00
20/07/2006 140.50 136.00 140.50 139.00 0 882000.00 882000.00
21/07/2006 140.00 137.50 140.00 139.00 0 726000.00 726000.00
24/07/2006 140.00 140.00 145.00 145.00 0 875000.00 875000.00
25/07/2006 145.80 143.00 146.69 145.00 0 969000.00 969000.00
26/07/2006 145.00 143.80 147.00 147.00 0 2290000.00 2290000.00
27/07/2006 147.37 147.37 151.90 149.99 0 3068000.00 3068000.00
28/07/2006 151.99 147.80 151.99 147.80 0 735000.00 735000.00
31/07/2006 147.80 146.00 148.01 147.80 0 1124000.00 1124000.00
01/08/2006 145.30 145.00 149.69 148.30 0 892000.00 892000.00
02/08/2006 148.99 147.10 150.40 147.51 0 1315000.00 1315000.00
03/08/2006 148.49 146.00 149.70 148.10 0 3065000.00 3065000.00
04/08/2006 149.95 145.00 150.00 146.50 0 863000.00 863000.00
07/08/2006 145.00 145.00 147.50 146.50 0 469000.00 469000.00
08/08/2006 146.50 145.99 150.90 147.99 0 1334000.00 1334000.00
09/08/2006 149.50 147.00 150.00 147.00 0 663000.00 663000.00
10/08/2006 147.00 147.00 160.00 158.00 0 3558000.00 3558000.00
11/08/2006 158.90 154.50 167.00 162.25 0 2270000.00 2270000.00
14/08/2006 159.50 159.15 165.00 159.49 0 1088000.00 1088000.00
15/08/2006 161.00 160.00 169.69 168.10 0 2576000.00 2576000.00
16/08/2006 169.51 169.50 180.40 178.10 0 6231000.00 6231000.00
17/08/2006 178.50 171.80 182.90 176.00 0 1615000.00 1615000.00
18/08/2006 174.00 173.00 177.10 177.10 0 1550000.00 1550000.00
21/08/2006 176.00 174.40 180.00 174.40 0 3651000.00 3651000.00
22/08/2006 175.99 168.64 175.99 168.64 0 4910000.00 4910000.00
23/08/2006 167.00 165.00 170.00 166.00 0 1847000.00 1847000.00
24/08/2006 167.50 162.30 167.50 165.50 0 2821000.00 2821000.00
25/08/2006 164.99 164.50 171.50 171.50 0 3086000.00 3086000.00
28/08/2006 169.50 169.50 179.00 179.00 0 1893000.00 1893000.00
29/08/2006 179.48 178.00 181.99 179.00 0 2746000.00 2746000.00
30/08/2006 179.03 171.50 183.85 181.50 0 2893000.00 2893000.00
31/08/2006 180.20 179.99 189.70 179.99 0 7319000.00 7319000.00
01/09/2006 180.00 173.66 181.50 174.10 0 9026000.00 9026000.00
04/09/2006 175.00 173.79 181.01 180.50 0 1618000.00 1618000.00
05/09/2006 179.49 173.00 179.90 173.90 0 2230000.00 2230000.00
06/09/2006 17.20 17.20 17.87 17.40 0 1568800.00 1568800.00
08/09/2006 17.40 17.40 18.00 17.65 0 662700.00 662700.00
11/09/2006 17.85 16.80 17.85 17.40 0 870200.00 870200.00
12/09/2006 17.80 17.07 17.94 17.75 0 1154100.00 1154100.00
13/09/2006 17.70 17.65 17.93 17.88 0 1769500.00 1769500.00
14/09/2006 17.51 17.19 17.99 17.55 0 1664600.00 1664600.00
15/09/2006 17.55 17.50 17.80 17.75 0 717200.00 717200.00
18/09/2006 17.75 17.56 18.10 18.10 0 569800.00 569800.00
19/09/2006 18.07 17.31 18.08 17.60 0 1631100.00 1631100.00
20/09/2006 17.70 16.51 17.80 16.86 0 2177700.00 2177700.00
21/09/2006 16.30 15.80 17.08 16.20 0 3637100.00 3637100.00
22/09/2006 16.30 15.58 16.33 16.20 0 3930900.00 3930900.00
25/09/2006 16.20 16.10 16.40 16.20 0 1009100.00 1009100.00
26/09/2006 16.44 16.35 16.98 16.75 0 3272000.00 3272000.00
27/09/2006 17.00 16.50 17.18 17.00 0 792200.00 792200.00
28/09/2006 16.90 16.69 17.18 17.00 0 717100.00 717100.00
29/09/2006 16.81 16.45 17.00 16.90 0 1093400.00 1093400.00
02/10/2006 17.19 17.07 17.63 17.50 0 1314900.00 1314900.00
03/10/2006 17.48 17.10 17.51 17.30 0 1930600.00 1930600.00
04/10/2006 17.40 16.82 17.59 17.30 0 3586000.00 3586000.00
05/10/2006 17.45 17.20 17.64 17.23 0 3002300.00 3002300.00
06/10/2006 17.18 16.67 17.18 17.15 0 1321700.00 1321700.00
09/10/2006 16.95 16.95 17.15 17.15 0 10100.00 10100.00
11/10/2006 17.40 16.75 17.40 16.80 0 1251400.00 1251400.00
13/10/2006 17.20 16.81 17.28 17.04 0 2825500.00 2825500.00
16/10/2006 17.05 16.50 17.51 17.50 0 2856200.00 2856200.00
17/10/2006 17.15 17.05 17.49 17.35 0 1030100.00 1030100.00
18/10/2006 17.39 17.10 17.61 17.49 0 2017700.00 2017700.00
19/10/2006 17.50 17.17 17.80 17.66 0 921000.00 921000.00
20/10/2006 17.50 17.25 17.75 17.46 0 693000.00 693000.00
23/10/2006 17.22 17.17 17.68 17.48 0 577400.00 577400.00
24/10/2006 17.48 17.30 17.75 17.54 0 1347600.00 1347600.00
25/10/2006 17.50 17.35 18.35 18.35 0 1483000.00 1483000.00
26/10/2006 18.37 18.25 18.95 18.65 0 2938300.00 2938300.00
27/10/2006 18.72 17.90 18.72 18.55 0 1541100.00 1541100.00
30/10/2006 18.40 17.90 18.40 18.30 0 1058500.00 1058500.00
31/10/2006 18.30 18.08 18.83 18.70 0 1807400.00 1807400.00
01/11/2006 18.93 18.75 19.41 18.93 0 3479500.00 3479500.00
03/11/2006 19.05 18.73 19.50 19.40 0 1429600.00 1429600.00
06/11/2006 19.42 19.02 20.20 19.98 0 4708700.00 4708700.00
07/11/2006 19.70 19.55 19.96 19.59 0 3404500.00 3404500.00
08/11/2006 19.52 19.11 19.75 19.60 0 1613500.00 1613500.00
09/11/2006 19.89 19.55 20.65 20.00 0 2707100.00 2707100.00
10/11/2006 20.00 19.27 20.20 19.75 0 984400.00 984400.00
13/11/2006 19.89 19.30 20.35 20.30 0 1791000.00 1791000.00
14/11/2006 20.74 20.30 21.00 20.55 0 4046300.00 4046300.00
16/11/2006 20.79 19.60 20.79 20.25 0 2674400.00 2674400.00
17/11/2006 20.21 19.69 20.21 20.00 0 1290600.00 1290600.00
21/11/2006 20.00 19.60 20.20 19.65 0 1975200.00 1975200.00
22/11/2006 19.98 19.40 19.98 19.50 0 3125800.00 3125800.00
23/11/2006 19.85 19.81 20.03 19.89 0 1465700.00 1465700.00
24/11/2006 19.95 19.41 19.95 19.67 0 799700.00 799700.00
27/11/2006 19.67 18.91 19.71 19.25 0 1571100.00 1571100.00
28/11/2006 19.10 18.82 19.35 18.95 0 1205700.00 1205700.00
29/11/2006 19.29 19.07 19.58 19.10 0 1875400.00 1875400.00
30/11/2006 19.21 18.80 19.40 19.15 0 1211500.00 1211500.00
01/12/2006 19.40 18.51 19.45 18.95 0 1383600.00 1383600.00
04/12/2006 18.95 18.70 19.59 19.55 0 1430000.00 1430000.00
05/12/2006 19.66 19.60 19.95 19.70 0 1709400.00 1709400.00
06/12/2006 19.90 19.47 19.97 19.75 0 1343900.00 1343900.00
07/12/2006 19.94 19.59 20.00 19.85 0 1182900.00 1182900.00
08/12/2006 19.60 19.40 19.87 19.65 0 1147500.00 1147500.00
11/12/2006 19.80 19.55 19.90 19.80 0 862300.00 862300.00
12/12/2006 19.80 19.65 20.21 20.00 0 3341900.00 3341900.00
13/12/2006 20.01 19.80 20.15 20.00 0 2028300.00 2028300.00
14/12/2006 20.09 20.00 20.22 20.10 0 2735500.00 2735500.00
15/12/2006 20.40 20.11 20.70 20.50 0 2071200.00 2071200.00
18/12/2006 20.50 20.35 20.59 20.43 0 1430000.00 1430000.00
19/12/2006 20.29 20.15 20.79 20.79 0 1661500.00 1661500.00
20/12/2006 20.80 20.21 20.98 20.49 0 1324800.00 1324800.00
21/12/2006 20.33 20.33 20.71 20.68 0 2443600.00 2443600.00
22/12/2006 20.69 20.12 20.78 20.60 0 533900.00 533900.00
26/12/2006 20.80 20.75 21.40 21.00 0 849500.00 849500.00
27/12/2006 21.18 21.18 22.00 21.75 0 2816900.00 2816900.00
28/12/2006 21.79 21.57 22.49 22.17 0 1901100.00 1901100.00
02/01/2007 22.29 22.15 22.55 22.40 0 1128400.00 1128400.00
03/01/2007 22.35 22.10 22.98 22.55 0 1814000.00 1814000.00
04/01/2007 22.40 21.52 22.50 22.01 0 2119600.00 2119600.00
05/01/2007 21.95 20.84 23.00 21.95 0 3007100.00 3007100.00
08/01/2007 21.70 21.45 22.00 21.97 0 1735300.00 1735300.00
09/01/2007 21.97 20.70 22.30 21.70 0 2271500.00 2271500.00
10/01/2007 20.86 20.61 21.48 21.10 0 2219600.00 2219600.00
11/01/2007 21.02 21.00 21.97 21.75 0 2842300.00 2842300.00
12/01/2007 21.75 21.50 22.07 21.95 0 1002100.00 1002100.00
15/01/2007 22.00 21.82 22.49 21.99 0 626100.00 626100.00
16/01/2007 22.09 21.55 22.16 21.85 0 547200.00 547200.00
17/01/2007 21.90 21.77 22.40 21.99 0 1621600.00 1621600.00
18/01/2007 22.09 21.62 22.66 21.90 0 1695900.00 1695900.00
19/01/2007 21.75 21.75 22.68 22.55 0 2108000.00 2108000.00
22/01/2007 22.58 22.25 22.90 22.77 0 2051500.00 2051500.00
23/01/2007 22.60 22.41 23.74 23.40 0 2451900.00 2451900.00
24/01/2007 23.50 23.35 24.25 23.80 0 3300300.00 3300300.00
26/01/2007 23.80 22.79 23.85 23.10 0 2751300.00 2751300.00
29/01/2007 23.40 22.40 23.40 22.90 0 1368400.00 1368400.00
30/01/2007 23.00 22.76 23.40 23.00 0 1939500.00 1939500.00
31/01/2007 23.39 22.55 23.45 23.00 0 2208600.00 2208600.00
01/02/2007 23.30 23.05 23.94 23.25 0 1645900.00 1645900.00
02/02/2007 23.59 22.64 23.69 23.10 0 2295100.00 2295100.00
05/02/2007 23.10 22.91 23.80 23.00 0 1516800.00 1516800.00
06/02/2007 23.27 22.82 23.40 23.00 0 1291600.00 1291600.00
07/02/2007 23.20 22.90 23.67 23.40 0 2171000.00 2171000.00
08/02/2007 23.01 23.00 24.00 24.00 0 3848500.00 3848500.00
09/02/2007 24.10 24.10 25.35 24.60 0 3343600.00 3343600.00
12/02/2007 24.60 24.26 24.90 24.40 0 1780900.00 1780900.00
13/02/2007 24.62 24.20 24.90 24.87 0 2330700.00 2330700.00
14/02/2007 24.90 24.50 25.30 25.19 0 2824200.00 2824200.00
15/02/2007 25.81 24.80 26.07 25.85 0 1138200.00 1138200.00
16/02/2007 25.80 25.01 25.91 25.90 0 1678100.00 1678100.00
21/02/2007 25.89 25.00 27.04 27.00 0 2875600.00 2875600.00
22/02/2007 26.88 26.62 28.00 27.30 0 2548300.00 2548300.00
23/02/2007 27.30 26.04 27.30 26.35 0 3752500.00 3752500.00
26/02/2007 26.73 26.01 26.87 26.34 0 2646000.00 2646000.00
27/02/2007 24.37 23.50 25.62 24.40 0 5170000.00 5170000.00
28/02/2007 25.50 24.10 25.50 24.35 0 4691800.00 4691800.00
01/03/2007 23.35 23.20 25.14 25.00 0 4073800.00 4073800.00
02/03/2007 24.85 23.50 25.00 23.50 0 4013300.00 4013300.00
05/03/2007 23.00 22.49 23.48 22.60 0 2216100.00 2216100.00
06/03/2007 23.64 23.35 24.42 24.15 0 1890400.00 1890400.00
07/03/2007 24.00 23.51 24.00 23.51 0 1527800.00 1527800.00
08/03/2007 24.21 24.00 24.49 24.05 0 1864400.00 1864400.00
09/03/2007 24.45 24.38 25.64 25.30 0 5235100.00 5235100.00
12/03/2007 25.49 24.52 25.58 25.10 0 2300100.00 2300100.00
13/03/2007 24.95 23.80 25.10 24.24 0 2022100.00 2022100.00
14/03/2007 23.80 23.20 24.66 24.20 0 2427700.00 2427700.00
15/03/2007 24.20 23.95 24.70 23.95 0 1730300.00 1730300.00
16/03/2007 24.30 23.36 24.30 23.36 0 1056900.00 1056900.00
19/03/2007 23.88 23.60 24.05 23.70 0 1357800.00 1357800.00
20/03/2007 23.90 23.85 24.06 23.99 0 1365100.00 1365100.00
21/03/2007 24.29 23.92 25.10 24.94 0 4231200.00 4231200.00
22/03/2007 25.25 25.03 25.50 25.25 0 3390800.00 3390800.00
23/03/2007 25.24 24.75 25.81 25.39 0 2096900.00 2096900.00
26/03/2007 25.45 24.84 25.68 25.00 0 1217200.00 1217200.00
27/03/2007 25.05 24.31 25.05 24.31 0 1285200.00 1285200.00
28/03/2007 24.32 23.71 24.32 23.94 0 1148000.00 1148000.00
29/03/2007 24.17 23.95 24.45 24.30 0 1425800.00 1425800.00
30/03/2007 24.35 24.11 25.00 24.98 0 1735100.00 1735100.00
02/04/2007 25.01 24.51 25.05 24.90 0 859800.00 859800.00
03/04/2007 25.15 24.99 25.40 25.25 0 1429500.00 1429500.00
04/04/2007 25.34 25.10 25.60 25.50 0 1313900.00 1313900.00
05/04/2007 25.45 25.25 25.66 25.54 0 934200.00 934200.00
09/04/2007 25.70 25.65 25.99 25.78 0 1084000.00 1084000.00
10/04/2007 25.75 25.56 25.87 25.69 0 1572900.00 1572900.00
11/04/2007 25.55 24.68 25.80 25.40 0 1032700.00 1032700.00
12/04/2007 25.13 24.75 25.29 25.16 0 1025200.00 1025200.00
13/04/2007 25.26 24.88 25.43 25.10 0 1198800.00 1198800.00
16/04/2007 25.30 25.11 25.54 25.29 0 1434000.00 1434000.00
17/04/2007 25.31 25.00 25.54 25.24 0 1793400.00 1793400.00
18/04/2007 25.20 24.81 25.44 24.85 0 2399600.00 2399600.00
19/04/2007 24.70 24.24 24.70 24.55 0 3087200.00 3087200.00
20/04/2007 24.89 24.89 26.29 25.76 0 5471000.00 5471000.00
23/04/2007 25.76 25.52 26.19 25.87 0 2345700.00 2345700.00
24/04/2007 25.98 25.30 26.00 25.76 0 1550700.00 1550700.00
26/04/2007 25.95 25.20 25.95 25.35 0 1199100.00 1199100.00
27/04/2007 24.95 24.36 24.95 24.61 0 3980200.00 3980200.00
30/04/2007 24.87 23.72 24.92 23.72 0 2996100.00 2996100.00
02/05/2007 24.09 24.08 24.77 24.55 0 3131700.00 3131700.00
03/05/2007 25.00 24.21 25.00 24.40 0 1875400.00 1875400.00
04/05/2007 24.72 24.50 24.79 24.70 0 1838500.00 1838500.00
07/05/2007 24.75 24.37 25.35 25.20 0 1508200.00 1508200.00
08/05/2007 24.97 24.72 25.20 25.10 0 1188400.00 1188400.00
09/05/2007 25.11 24.81 25.44 25.35 0 2258200.00 2258200.00
10/05/2007 25.28 24.30 25.28 24.50 0 2229800.00 2229800.00
11/05/2007 24.80 24.40 25.15 25.00 0 2608800.00 2608800.00
14/05/2007 25.00 24.65 25.10 25.00 0 1155300.00 1155300.00
15/05/2007 24.82 24.60 25.55 25.20 0 2242700.00 2242700.00
16/05/2007 25.40 24.90 25.64 25.64 0 2316700.00 2316700.00
17/05/2007 25.49 25.30 25.72 25.41 0 1274700.00 1274700.00
18/05/2007 25.48 24.99 25.65 25.11 0 1517700.00 1517700.00
21/05/2007 25.22 24.81 25.34 25.02 0 1323400.00 1323400.00
22/05/2007 25.00 24.70 25.21 25.02 0 1833500.00 1833500.00
23/05/2007 25.15 24.70 25.38 24.73 0 1732400.00 1732400.00
24/05/2007 24.80 24.01 24.85 24.16 0 1367200.00 1367200.00
25/05/2007 24.37 24.37 24.94 24.85 0 749700.00 749700.00
28/05/2007 24.90 24.67 25.05 24.81 0 420900.00 420900.00
29/05/2007 24.98 24.30 25.24 24.60 0 1846900.00 1846900.00
30/05/2007 24.27 24.01 24.83 24.80 0 1635100.00 1635100.00
31/05/2007 24.90 24.26 24.95 24.78 0 1235600.00 1235600.00
01/06/2007 24.52 24.52 24.88 24.65 0 1998000.00 1998000.00
04/06/2007 24.43 24.30 24.58 24.50 0 1878900.00 1878900.00
05/06/2007 24.54 24.11 24.95 24.85 0 1436800.00 1436800.00
06/06/2007 24.43 23.91 24.69 24.23 0 1984900.00 1984900.00
08/06/2007 23.40 23.26 24.27 24.00 0 3380000.00 3380000.00
11/06/2007 24.20 23.76 24.35 24.09 0 1528900.00 1528900.00
12/06/2007 24.00 23.36 24.00 23.60 0 2029400.00 2029400.00
13/06/2007 23.78 23.34 24.60 24.25 0 3042900.00 3042900.00
14/06/2007 24.35 24.21 24.75 24.50 0 3122400.00 3122400.00
15/06/2007 24.65 24.60 25.50 25.33 0 3461000.00 3461000.00
18/06/2007 25.40 25.22 25.74 25.62 0 2367500.00 2367500.00
19/06/2007 25.58 25.32 25.74 25.43 0 1410300.00 1410300.00
20/06/2007 25.58 24.81 25.58 25.30 0 2891900.00 2891900.00
21/06/2007 25.30 24.83 25.65 25.19 0 1908200.00 1908200.00
22/06/2007 25.35 24.75 25.35 24.98 0 1072900.00 1072900.00
25/06/2007 24.99 24.50 25.04 24.93 0 1688700.00 1688700.00
26/06/2007 24.98 24.71 25.17 24.71 0 9592400.00 9592400.00
27/06/2007 24.50 24.31 25.00 25.00 0 1940300.00 1940300.00
28/06/2007 25.09 25.00 25.95 25.82 0 4775100.00 4775100.00
29/06/2007 25.99 25.75 26.50 26.40 0 3037300.00 3037300.00
02/07/2007 26.40 26.35 27.71 26.85 0 2956100.00 2956100.00
03/07/2007 27.05 26.40 27.27 27.02 0 1573400.00 1573400.00
04/07/2007 27.00 26.47 27.46 27.00 0 1615400.00 1615400.00
05/07/2007 26.99 26.61 27.20 27.11 0 1713400.00 1713400.00
06/07/2007 27.55 27.55 27.70 27.55 0 1644500.00 1644500.00
10/07/2007 27.65 26.82 28.00 27.05 0 3111500.00 3111500.00
11/07/2007 27.05 26.35 27.30 26.90 0 2421600.00 2421600.00
12/07/2007 26.63 26.55 27.38 27.10 0 1823100.00 1823100.00
13/07/2007 26.79 26.56 27.10 26.90 0 1330700.00 1330700.00
16/07/2007 26.74 26.61 26.90 26.74 0 1673100.00 1673100.00
17/07/2007 26.70 26.68 27.60 27.60 0 1555200.00 1555200.00
18/07/2007 27.20 27.00 28.00 28.00 0 1335000.00 1335000.00
19/07/2007 28.06 28.06 29.12 28.80 0 2679300.00 2679300.00
20/07/2007 29.05 27.49 29.05 28.70 0 1579200.00 1579200.00
23/07/2007 28.50 28.30 29.00 28.56 0 1210500.00 1210500.00
24/07/2007 28.54 27.50 28.56 27.70 0 1729100.00 1729100.00
25/07/2007 27.85 26.66 28.11 27.67 0 1730600.00 1730600.00
26/07/2007 26.33 26.05 27.00 26.69 0 2280900.00 2280900.00
27/07/2007 27.00 25.40 27.00 25.40 0 1927100.00 1927100.00
30/07/2007 25.95 25.40 26.00 25.51 0 2613300.00 2613300.00
31/07/2007 25.88 25.20 26.16 25.60 0 8404400.00 8404400.00
01/08/2007 25.35 25.10 26.05 26.00 0 1432900.00 1432900.00
02/08/2007 26.20 25.20 26.40 25.22 0 1581200.00 1581200.00
03/08/2007 25.40 23.10 25.60 24.40 0 1682100.00 1682100.00
06/08/2007 24.50 23.10 24.85 24.50 0 1955400.00 1955400.00
07/08/2007 24.79 24.43 26.10 25.85 0 1398300.00 1398300.00
08/08/2007 26.20 26.12 27.40 27.05 0 1562400.00 1562400.00
09/08/2007 25.80 25.59 26.65 25.69 0 2637000.00 2637000.00
10/08/2007 25.01 24.30 25.10 24.88 0 2148300.00 2148300.00
13/08/2007 25.32 23.99 25.40 23.99 0 1812700.00 1812700.00
14/08/2007 24.25 23.22 24.52 23.85 0 2224000.00 2224000.00
15/08/2007 23.40 22.51 24.59 22.90 0 3636700.00 3636700.00
16/08/2007 21.80 20.51 22.99 22.99 0 4837500.00 4837500.00
17/08/2007 23.80 21.70 23.80 22.80 0 6922600.00 6922600.00
20/08/2007 23.49 22.80 23.49 23.30 0 2701300.00 2701300.00
21/08/2007 23.30 22.78 23.90 22.80 0 1910200.00 1910200.00
22/08/2007 23.15 22.50 23.27 22.77 0 5065700.00 5065700.00
23/08/2007 23.05 21.80 23.14 22.50 0 4359800.00 4359800.00
24/08/2007 22.25 22.12 23.60 23.60 0 4311300.00 4311300.00
27/08/2007 23.71 23.15 23.89 23.60 0 1682800.00 1682800.00
28/08/2007 23.37 22.40 23.55 22.85 0 2453200.00 2453200.00
29/08/2007 22.98 22.40 23.10 22.81 0 3051200.00 3051200.00
30/08/2007 22.64 21.95 23.05 22.40 0 3775300.00 3775300.00
31/08/2007 22.84 22.16 23.11 22.70 0 4873000.00 4873000.00
03/09/2007 23.00 22.56 23.11 22.80 0 1148300.00 1148300.00
04/09/2007 22.90 22.60 23.14 23.00 0 2223300.00 2223300.00
05/09/2007 22.59 22.35 22.90 22.70 0 1437900.00 1437900.00
06/09/2007 22.70 21.99 22.95 22.39 0 2939800.00 2939800.00
10/09/2007 21.80 21.05 21.90 21.35 0 3669300.00 3669300.00
11/09/2007 21.65 21.50 22.60 22.60 0 2313600.00 2313600.00
12/09/2007 22.85 22.20 23.00 23.00 0 2557500.00 2557500.00
13/09/2007 22.96 22.91 23.85 23.64 0 2670900.00 2670900.00
14/09/2007 22.99 22.66 23.97 22.90 0 2330000.00 2330000.00
17/09/2007 22.83 22.60 23.15 22.82 0 1646100.00 1646100.00
18/09/2007 23.02 22.92 24.89 24.00 0 4569900.00 4569900.00
19/09/2007 24.37 24.37 25.30 24.95 0 5233900.00 5233900.00
20/09/2007 25.11 24.81 25.55 25.00 0 3316000.00 3316000.00
21/09/2007 25.06 25.06 25.70 25.70 0 3358300.00 3358300.00
24/09/2007 25.65 24.98 25.90 25.60 0 2054100.00 2054100.00
25/09/2007 25.20 25.05 25.50 25.20 0 2836000.00 2836000.00
26/09/2007 25.60 25.36 25.85 25.50 0 2650600.00 2650600.00
27/09/2007 25.64 25.21 26.19 26.19 0 3349500.00 3349500.00
28/09/2007 25.99 25.30 26.17 26.10 0 2399200.00 2399200.00
01/10/2007 25.31 25.31 26.85 26.51 0 2337700.00 2337700.00
02/10/2007 26.55 25.10 26.55 26.00 0 2554900.00 2554900.00
03/10/2007 25.77 24.92 25.77 25.15 0 1976600.00 1976600.00
04/10/2007 25.39 25.05 26.25 26.25 0 2118600.00 2118600.00
05/10/2007 26.46 26.23 26.99 26.99 0 2672800.00 2672800.00
08/10/2007 26.90 26.51 26.94 26.52 0 1578200.00 1578200.00
09/10/2007 26.89 26.16 27.35 27.35 0 2367900.00 2367900.00
10/10/2007 27.30 26.60 27.30 26.60 0 3581500.00 3581500.00
11/10/2007 26.99 25.32 27.00 25.66 0 1436500.00 1436500.00
15/10/2007 25.91 25.18 26.19 25.79 0 2448500.00 2448500.00
16/10/2007 25.40 25.21 26.19 26.03 0 1792100.00 1792100.00
17/10/2007 26.00 25.91 26.98 26.85 0 3001700.00 3001700.00
18/10/2007 26.57 26.06 28.03 27.10 0 2087300.00 2087300.00
19/10/2007 27.10 26.50 27.18 26.80 0 1896100.00 1896100.00
22/10/2007 26.38 26.01 27.30 27.30 0 1684000.00 1684000.00
23/10/2007 27.50 26.75 27.89 27.45 0 2077900.00 2077900.00
24/10/2007 27.06 26.70 28.00 27.85 0 1858400.00 1858400.00
25/10/2007 27.91 26.93 27.91 27.21 0 2597500.00 2597500.00
26/10/2007 27.50 27.10 28.30 27.59 0 2402200.00 2402200.00
29/10/2007 27.99 27.35 28.39 27.78 0 2327800.00 2327800.00
30/10/2007 27.55 26.70 27.78 26.80 0 2626800.00 2626800.00
31/10/2007 27.09 26.75 27.85 27.50 0 1780100.00 1780100.00
01/11/2007 26.85 26.21 27.05 26.40 0 2567900.00 2567900.00
05/11/2007 26.13 25.26 26.13 25.80 0 2983700.00 2983700.00
06/11/2007 26.15 25.65 26.19 25.65 0 2015000.00 2015000.00
07/11/2007 25.80 24.21 25.85 24.80 0 5383700.00 5383700.00
08/11/2007 25.20 23.10 25.20 23.38 0 5299500.00 5299500.00
09/11/2007 23.45 22.01 24.25 23.90 0 6157200.00 6157200.00
12/11/2007 23.31 22.71 24.10 22.90 0 2202500.00 2202500.00
13/11/2007 23.20 22.40 23.70 23.46 0 3436200.00 3436200.00
14/11/2007 23.61 23.31 24.59 24.50 0 3046500.00 3046500.00
16/11/2007 24.23 23.65 24.67 23.89 0 2758500.00 2758500.00
19/11/2007 23.80 22.20 24.00 22.20 0 3224300.00 3224300.00
21/11/2007 21.80 20.90 22.49 22.49 0 3144500.00 3144500.00
22/11/2007 22.38 21.84 22.99 22.94 0 1620700.00 1620700.00
23/11/2007 23.00 21.84 23.00 21.90 0 2062000.00 2062000.00
26/11/2007 22.00 21.05 22.00 21.60 0 2313100.00 2313100.00
27/11/2007 21.11 20.58 21.87 21.50 0 3941400.00 3941400.00
28/11/2007 21.90 21.55 22.20 21.70 0 4446300.00 4446300.00
29/11/2007 21.79 21.55 22.79 22.70 0 3593200.00 3593200.00
30/11/2007 23.06 23.03 23.95 23.46 0 2974200.00 2974200.00
03/12/2007 23.61 22.70 23.78 22.93 0 1306800.00 1306800.00
04/12/2007 22.75 22.40 23.68 23.50 0 1820700.00 1820700.00
05/12/2007 23.65 23.65 24.38 24.00 0 2935300.00 2935300.00
06/12/2007 24.12 23.70 24.27 24.09 0 2476900.00 2476900.00
07/12/2007 24.10 23.10 24.10 23.70 0 2392900.00 2392900.00
10/12/2007 23.80 23.02 23.83 23.25 0 2432700.00 2432700.00
11/12/2007 23.31 22.60 23.48 22.80 0 2244300.00 2244300.00
12/12/2007 22.90 22.06 23.62 22.30 0 2757600.00 2757600.00
13/12/2007 22.01 21.11 22.01 21.40 0 4052700.00 4052700.00
14/12/2007 21.55 20.76 21.55 21.20 0 2851900.00 2851900.00
17/12/2007 20.90 19.71 21.13 20.20 0 2784500.00 2784500.00
18/12/2007 20.55 20.30 21.81 21.70 0 3372400.00 3372400.00
19/12/2007 21.64 21.01 22.50 22.30 0 3126500.00 3126500.00
20/12/2007 22.50 21.45 22.62 21.49 0 2048600.00 2048600.00
21/12/2007 21.75 21.50 22.30 21.75 0 1326000.00 1326000.00
26/12/2007 22.00 21.56 22.00 21.68 0 1018400.00 1018400.00
27/12/2007 21.89 21.50 22.20 22.20 0 1376400.00 1376400.00
28/12/2007 22.20 21.80 23.50 23.04 0 3011100.00 3011100.00
02/01/2008 22.89 22.70 23.70 23.29 0 2245700.00 2245700.00
03/01/2008 23.15 22.46 23.21 22.95 0 1986000.00 1986000.00
04/01/2008 23.00 21.39 23.29 22.60 0 2609200.00 2609200.00
07/01/2008 22.61 21.67 22.75 22.50 0 2789000.00 2789000.00
08/01/2008 22.90 22.22 23.40 22.90 0 2493700.00 2493700.00
09/01/2008 22.70 21.80 22.99 22.58 0 2805600.00 2805600.00
10/01/2008 22.30 22.00 22.50 22.20 0 2063500.00 2063500.00
11/01/2008 21.86 21.44 22.01 21.70 0 1773200.00 1773200.00
14/01/2008 21.69 21.00 22.10 21.15 0 1692800.00 1692800.00
15/01/2008 20.43 20.30 21.15 20.30 0 2018200.00 2018200.00
16/01/2008 20.00 19.12 20.35 19.40 0 2906300.00 2906300.00
17/01/2008 19.73 18.64 20.14 19.19 0 2795700.00 2795700.00
18/01/2008 19.35 19.07 20.07 19.85 0 2109100.00 2109100.00
21/01/2008 18.49 18.14 19.47 19.29 0 2405900.00 2405900.00
22/01/2008 19.20 18.67 20.51 19.80 0 3532500.00 3532500.00
23/01/2008 19.40 17.92 19.40 18.50 0 4955700.00 4955700.00
24/01/2008 19.20 18.32 19.25 18.89 0 5610400.00 5610400.00
28/01/2008 18.50 18.15 18.97 18.90 0 3854700.00 3854700.00
29/01/2008 19.31 18.99 19.54 19.49 0 3866500.00 3866500.00
30/01/2008 19.15 18.75 19.40 19.10 0 2604800.00 2604800.00
31/01/2008 18.63 18.25 19.15 19.00 0 2941000.00 2941000.00
01/02/2008 19.30 18.98 19.75 19.45 0 1845800.00 1845800.00
06/02/2008 18.92 18.92 19.68 19.45 0 2862700.00 2862700.00
07/02/2008 19.24 18.90 19.55 19.30 0 3003900.00 3003900.00
08/02/2008 19.50 19.12 19.59 19.50 0 1746400.00 1746400.00
11/02/2008 19.73 19.33 19.94 19.74 0 2623400.00 2623400.00
12/02/2008 19.88 19.88 21.47 20.75 0 6330600.00 6330600.00
13/02/2008 20.86 20.18 21.90 21.50 0 4484000.00 4484000.00
14/02/2008 21.60 20.34 21.95 20.41 0 3477800.00 3477800.00
15/02/2008 20.24 19.81 20.75 20.40 0 1086000.00 1086000.00
18/02/2008 20.71 20.71 21.11 20.95 0 1063100.00 1063100.00
19/02/2008 21.22 20.69 21.35 20.69 0 1652600.00 1652600.00
20/02/2008 20.26 20.14 21.50 21.40 0 1822900.00 1822900.00
21/02/2008 21.70 21.67 22.35 22.10 0 2341500.00 2341500.00
22/02/2008 22.10 21.70 22.45 22.45 0 1887300.00 1887300.00
25/02/2008 22.30 21.50 22.40 21.69 0 1760500.00 1760500.00
26/02/2008 21.69 21.01 21.69 21.06 0 2845500.00 2845500.00
27/02/2008 20.88 20.35 21.20 20.45 0 1962700.00 1962700.00
28/02/2008 20.66 19.84 20.80 19.84 0 2458300.00 2458300.00
29/02/2008 19.59 18.80 19.59 19.00 0 5345500.00 5345500.00
03/03/2008 19.08 18.94 19.69 19.50 0 5091300.00 5091300.00
04/03/2008 19.59 18.98 19.63 19.15 0 4851900.00 4851900.00
05/03/2008 19.40 18.80 19.48 19.00 0 3635500.00 3635500.00
06/03/2008 18.94 18.12 18.98 18.36 0 3709700.00 3709700.00
07/03/2008 18.15 17.55 18.23 17.85 0 6074100.00 6074100.00
10/03/2008 17.95 16.87 18.00 17.00 0 3915900.00 3915900.00
11/03/2008 17.50 16.21 17.50 17.40 0 7644000.00 7644000.00
12/03/2008 17.59 17.54 18.29 18.29 0 10424400.00 10424400.00
13/03/2008 17.80 17.61 18.70 18.70 0 4640700.00 4640700.00
14/03/2008 18.77 17.55 19.10 18.88 0 5239900.00 5239900.00
18/03/2008 19.11 18.80 19.90 19.85 0 4948500.00 4948500.00
19/03/2008 19.74 18.81 19.96 19.00 0 1833900.00 1833900.00
20/03/2008 18.75 17.95 18.77 18.17 0 2374900.00 2374900.00
25/03/2008 18.69 18.12 18.90 18.16 0 3121000.00 3121000.00
26/03/2008 18.50 18.05 18.50 18.21 0 1614400.00 1614400.00
27/03/2008 18.18 18.03 18.45 18.24 0 3058600.00 3058600.00
28/03/2008 18.20 17.60 18.35 18.20 0 1532600.00 1532600.00
31/03/2008 18.15 17.50 18.19 17.69 0 3684300.00 3684300.00
01/04/2008 18.10 17.85 18.35 18.25 0 5686100.00 5686100.00
02/04/2008 18.40 18.20 18.65 18.49 0 7257600.00 7257600.00
03/04/2008 18.30 18.25 18.90 18.59 0 2235300.00 2235300.00
04/04/2008 18.70 18.35 18.94 18.90 0 1711800.00 1711800.00
07/04/2008 18.95 18.70 19.72 19.60 0 3214100.00 3214100.00
08/04/2008 19.28 19.20 20.06 19.80 0 3365700.00 3365700.00
09/04/2008 19.70 19.40 19.99 19.90 0 5291200.00 5291200.00
10/04/2008 19.84 19.60 20.37 19.60 0 2029200.00 2029200.00
11/04/2008 19.47 18.86 19.60 18.90 0 1765700.00 1765700.00
14/04/2008 18.85 18.30 18.88 18.60 0 1558500.00 1558500.00
15/04/2008 18.83 18.34 19.14 18.65 0 1235100.00 1235100.00
16/04/2008 19.00 18.33 19.30 19.11 0 5331500.00 5331500.00
17/04/2008 18.76 18.50 19.15 18.55 0 2192800.00 2192800.00
18/04/2008 18.77 18.50 18.83 18.78 0 1389100.00 1389100.00
22/04/2008 18.70 18.51 19.18 19.07 0 3753100.00 3753100.00
23/04/2008 18.72 18.72 19.70 19.60 0 3603800.00 3603800.00
24/04/2008 19.59 19.40 20.22 20.15 0 2669500.00 2669500.00
25/04/2008 20.48 19.60 20.55 20.42 0 3022200.00 3022200.00
28/04/2008 20.40 20.00 20.42 20.37 0 3312200.00 3312200.00
29/04/2008 20.00 19.95 20.43 20.17 0 1519700.00 1519700.00
30/04/2008 20.20 20.05 22.10 21.70 0 4300300.00 4300300.00
02/05/2008 22.40 22.30 24.17 22.76 0 6947800.00 6947800.00
05/05/2008 22.90 22.48 23.39 23.19 0 3695200.00 3695200.00
06/05/2008 23.23 22.26 23.32 22.74 0 2265500.00 2265500.00
07/05/2008 22.80 21.85 22.95 22.59 0 2149400.00 2149400.00
08/05/2008 22.40 22.24 23.59 23.40 0 3774600.00 3774600.00
09/05/2008 23.00 22.80 23.37 23.05 0 3208200.00 3208200.00
12/05/2008 23.10 22.80 23.50 23.50 0 2024800.00 2024800.00
13/05/2008 24.00 23.59 24.15 24.05 0 4489400.00 4489400.00
14/05/2008 23.90 23.85 24.38 23.90 0 2875800.00 2875800.00
15/05/2008 23.86 23.30 24.10 23.90 0 1896700.00 1896700.00
16/05/2008 23.90 23.20 24.07 23.41 0 2091800.00 2091800.00
19/05/2008 23.34 22.86 23.60 23.50 0 2203400.00 2203400.00
20/05/2008 23.30 22.90 23.37 23.08 0 1536600.00 1536600.00
21/05/2008 23.12 22.50 23.30 23.00 0 1378600.00 1378600.00
23/05/2008 22.40 22.13 22.98 22.98 0 1316500.00 1316500.00
26/05/2008 22.72 22.21 22.85 22.33 0 1220000.00 1220000.00
27/05/2008 22.29 21.91 22.65 22.64 0 2587500.00 2587500.00
28/05/2008 22.75 22.40 23.75 23.40 0 3310900.00 3310900.00
29/05/2008 23.41 23.29 24.38 23.70 0 3603400.00 3603400.00
30/05/2008 24.01 23.06 24.23 24.23 0 2085200.00 2085200.00
02/06/2008 23.97 22.84 24.00 22.90 0 3016500.00 3016500.00
03/06/2008 22.90 22.38 23.12 22.50 0 4543900.00 4543900.00
04/06/2008 22.55 22.05 23.02 23.02 0 1537400.00 1537400.00
05/06/2008 23.33 22.86 24.32 24.28 0 2295800.00 2295800.00
06/06/2008 24.15 22.61 24.15 23.38 0 1320500.00 1320500.00
10/06/2008 22.29 21.78 22.40 22.00 0 1777300.00 1777300.00
11/06/2008 22.01 20.96 22.18 21.01 0 2216900.00 2216900.00
12/06/2008 21.20 20.90 22.68 22.59 0 2934000.00 2934000.00
13/06/2008 22.65 22.25 23.34 23.30 0 2107800.00 2107800.00
16/06/2008 23.30 22.73 23.77 23.00 0 3670700.00 3670700.00
17/06/2008 23.19 23.00 23.58 23.00 0 2091100.00 2091100.00
18/06/2008 22.85 22.15 23.28 23.00 0 3257400.00 3257400.00
19/06/2008 23.10 22.07 23.36 22.47 0 3471700.00 3471700.00
20/06/2008 22.67 21.29 22.89 21.62 0 1325000.00 1325000.00
23/06/2008 21.80 20.88 22.38 20.88 0 2132800.00 2132800.00
24/06/2008 20.69 20.15 21.19 20.39 0 2474300.00 2474300.00
25/06/2008 20.52 20.34 21.20 21.20 0 1148500.00 1148500.00
26/06/2008 20.75 20.15 20.75 20.50 0 2865900.00 2865900.00
27/06/2008 20.40 19.95 20.73 20.46 0 2523800.00 2523800.00
30/06/2008 20.47 20.20 20.69 20.63 0 933400.00 933400.00
01/07/2008 20.25 19.79 20.91 20.30 0 2901700.00 2901700.00
02/07/2008 20.51 18.95 20.99 19.23 0 2315000.00 2315000.00
03/07/2008 19.21 18.27 19.50 18.27 0 1985900.00 1985900.00
04/07/2008 17.91 17.91 18.59 18.55 0 1176300.00 1176300.00
07/07/2008 18.68 18.66 19.55 19.44 0 3178400.00 3178400.00
08/07/2008 19.34 19.23 20.98 20.98 0 3365900.00 3365900.00
10/07/2008 20.46 20.46 21.35 20.70 0 3326800.00 3326800.00
11/07/2008 20.55 20.08 20.82 20.60 0 1878300.00 1878300.00
14/07/2008 20.88 20.60 21.17 21.10 0 1619300.00 1619300.00
15/07/2008 20.87 20.23 21.87 21.65 0 3237700.00 3237700.00
16/07/2008 21.65 21.32 22.00 22.00 0 3384900.00 3384900.00
17/07/2008 21.98 20.35 21.99 20.90 0 3206400.00 3206400.00
18/07/2008 20.80 20.21 21.53 20.80 0 1204400.00 1204400.00
21/07/2008 21.10 20.20 21.19 20.45 0 2345100.00 2345100.00
22/07/2008 20.21 19.86 20.58 20.20 0 1685900.00 1685900.00
23/07/2008 20.15 20.01 20.65 20.40 0 1749800.00 1749800.00
24/07/2008 20.27 19.78 20.75 19.90 0 2530800.00 2530800.00
25/07/2008 20.49 19.50 20.68 19.93 0 1971300.00 1971300.00
28/07/2008 19.93 19.19 20.19 19.23 0 1309500.00 1309500.00
29/07/2008 19.32 19.32 20.11 20.10 0 1404400.00 1404400.00
30/07/2008 20.58 20.05 20.75 20.61 0 1836500.00 1836500.00
31/07/2008 20.01 19.90 20.88 20.88 0 3462000.00 3462000.00
01/08/2008 20.50 19.85 20.82 19.85 0 1558900.00 1558900.00
04/08/2008 19.77 18.25 19.97 19.15 0 3212100.00 3212100.00
05/08/2008 19.25 19.25 20.39 20.19 0 2473900.00 2473900.00
06/08/2008 20.22 20.10 20.58 20.50 0 2021000.00 2021000.00
07/08/2008 20.37 20.12 20.77 20.60 0 965800.00 965800.00
08/08/2008 20.10 19.90 20.65 20.00 0 1592600.00 1592600.00
11/08/2008 20.20 18.72 20.36 19.00 0 1872400.00 1872400.00
12/08/2008 18.93 18.46 19.28 18.70 0 3300100.00 3300100.00
13/08/2008 18.40 18.06 18.73 18.65 0 4518800.00 4518800.00
14/08/2008 18.77 18.36 19.12 18.48 0 1720100.00 1720100.00
15/08/2008 18.40 18.13 18.99 18.92 0 1869100.00 1869100.00
18/08/2008 19.12 18.59 19.12 18.85 0 1726100.00 1726100.00
19/08/2008 18.64 18.30 18.90 18.76 0 2899500.00 2899500.00
20/08/2008 18.78 18.56 19.40 19.00 0 3454600.00 3454600.00
21/08/2008 19.07 18.75 19.17 19.00 0 1371000.00 1371000.00
22/08/2008 18.82 18.61 19.10 19.10 0 646000.00 646000.00
25/08/2008 19.19 18.35 19.38 18.50 0 873100.00 873100.00
26/08/2008 18.30 18.30 19.10 19.00 0 1768100.00 1768100.00
27/08/2008 19.09 18.55 19.20 19.20 0 2038700.00 2038700.00
28/08/2008 19.14 18.65 19.47 19.47 0 3043400.00 3043400.00
29/08/2008 19.20 18.57 19.48 18.85 0 2687500.00 2687500.00
01/09/2008 18.50 18.50 19.06 18.75 0 822700.00 822700.00
02/09/2008 18.80 18.48 18.88 18.85 0 2557100.00 2557100.00
03/09/2008 18.79 18.00 18.95 18.24 0 2151300.00 2151300.00
04/09/2008 18.42 17.40 18.42 17.81 0 2229800.00 2229800.00
05/09/2008 17.40 17.21 17.95 17.59 0 1820600.00 1820600.00
08/09/2008 18.10 16.75 18.45 16.75 0 2137100.00 2137100.00
09/09/2008 16.48 15.86 17.40 16.57 0 3524800.00 3524800.00
10/09/2008 16.63 16.14 16.98 16.75 0 3123900.00 3123900.00
11/09/2008 16.42 15.92 17.20 17.20 0 6729900.00 6729900.00
12/09/2008 17.20 16.60 17.50 17.40 0 3451000.00 3451000.00
15/09/2008 16.47 16.14 17.04 16.15 0 3538400.00 3538400.00
16/09/2008 15.80 14.75 16.00 16.00 0 6315400.00 6315400.00
17/09/2008 15.70 14.27 15.74 15.25 0 12690500.00 12690500.00
18/09/2008 15.50 13.91 15.67 15.05 0 4620700.00 4620700.00
19/09/2008 16.39 15.98 17.39 17.39 0 5364700.00 5364700.00
22/09/2008 17.19 16.85 17.52 16.90 0 3154500.00 3154500.00
23/09/2008 16.81 15.74 16.99 15.98 0 4193000.00 4193000.00
24/09/2008 16.10 15.80 16.28 15.80 0 2305400.00 2305400.00
25/09/2008 15.91 15.90 16.75 16.62 0 2902800.00 2902800.00
26/09/2008 16.03 15.27 16.30 15.62 0 3230700.00 3230700.00
29/09/2008 15.00 13.11 15.10 13.30 0 8272200.00 8272200.00
30/09/2008 13.76 12.71 13.99 13.00 0 8703100.00 8703100.00
01/10/2008 12.84 11.11 12.95 11.30 0 12738500.00 12738500.00
02/10/2008 10.89 9.43 11.00 10.32 0 26090900.00 26090900.00
03/10/2008 10.50 10.35 11.27 10.61 0 14259900.00 14259900.00
06/10/2008 9.55 9.12 9.99 9.99 0 3702800.00 3702800.00
07/10/2008 10.00 9.02 10.48 9.49 0 4822900.00 4822900.00
08/10/2008 8.82 8.76 10.10 9.85 0 6677700.00 6677700.00
09/10/2008 10.60 10.35 11.90 10.91 0 11020400.00 11020400.00
10/10/2008 9.95 9.90 11.65 10.95 0 7787200.00 7787200.00
13/10/2008 11.95 11.66 12.95 12.63 0 5630200.00 5630200.00
14/10/2008 13.35 12.84 13.80 13.75 0 4036900.00 4036900.00
15/10/2008 12.90 10.90 13.43 12.90 0 6885500.00 6885500.00
16/10/2008 12.70 11.70 13.15 13.15 0 4209400.00 4209400.00
17/10/2008 13.28 12.10 13.39 12.91 0 2697900.00 2697900.00
20/10/2008 13.10 12.53 14.10 14.00 0 1765600.00 1765600.00
21/10/2008 13.45 12.35 13.80 12.35 0 3153300.00 3153300.00
22/10/2008 11.61 9.81 12.00 9.91 0 6096400.00 6096400.00
23/10/2008 9.80 8.90 10.10 9.00 0 9195500.00 9195500.00
24/10/2008 8.15 7.77 8.39 7.77 0 5097800.00 5097800.00
27/10/2008 7.70 6.49 7.70 6.49 0 9418600.00 9418600.00
28/10/2008 6.80 6.56 8.29 8.29 0 13135400.00 13135400.00
29/10/2008 8.56 8.10 9.64 9.55 0 7642000.00 7642000.00
30/10/2008 10.00 9.85 11.00 10.64 0 7536400.00 7536400.00
31/10/2008 10.06 9.50 10.25 10.10 0 6411300.00 6411300.00
03/11/2008 10.00 9.35 10.10 10.00 0 3123000.00 3123000.00
04/11/2008 10.16 10.00 10.73 10.39 0 3238600.00 3238600.00
05/11/2008 10.20 9.10 10.20 9.50 0 3124700.00 3124700.00
06/11/2008 9.20 8.85 9.20 9.05 0 3459900.00 3459900.00
07/11/2008 9.10 8.90 9.44 9.22 0 2771700.00 2771700.00
10/11/2008 9.70 8.85 9.81 8.95 0 2617400.00 2617400.00
11/11/2008 8.59 8.40 9.78 9.50 0 1794200.00 1794200.00
12/11/2008 9.19 8.60 9.59 9.20 0 3576100.00 3576100.00
13/11/2008 9.00 8.63 10.36 10.20 0 3244200.00 3244200.00
14/11/2008 10.30 9.42 10.30 9.98 0 3297800.00 3297800.00
17/11/2008 9.54 9.49 10.60 10.40 0 1739900.00 1739900.00
18/11/2008 9.99 9.67 10.59 9.81 0 3544400.00 3544400.00
19/11/2008 9.80 9.40 10.39 9.40 0 2416100.00 2416100.00
21/11/2008 9.09 8.50 9.33 8.60 0 2074900.00 2074900.00
24/11/2008 9.29 9.15 9.95 9.95 0 1996800.00 1996800.00
25/11/2008 9.75 9.51 10.48 10.17 0 2301400.00 2301400.00
26/11/2008 9.89 9.75 11.85 11.80 0 4340600.00 4340600.00
27/11/2008 11.45 10.75 11.58 11.00 0 2279300.00 2279300.00
28/11/2008 10.70 10.55 11.59 11.50 0 2129200.00 2129200.00
01/12/2008 10.50 10.26 10.95 10.48 0 2917100.00 2917100.00
02/12/2008 10.74 10.20 10.94 10.27 0 1189900.00 1189900.00
03/12/2008 10.11 9.84 10.77 10.59 0 1877400.00 1877400.00
04/12/2008 10.67 9.88 10.70 9.95 0 3737200.00 3737200.00
05/12/2008 9.86 9.60 10.45 10.32 0 2302800.00 2302800.00
08/12/2008 10.90 10.64 11.57 11.25 0 3465800.00 3465800.00
09/12/2008 11.32 10.47 11.55 10.50 0 3591200.00 3591200.00
10/12/2008 10.75 10.51 11.09 10.79 0 3131000.00 3131000.00
11/12/2008 10.80 10.00 10.97 10.00 0 2781800.00 2781800.00
12/12/2008 9.43 9.16 9.89 9.35 0 7387000.00 7387000.00
15/12/2008 9.50 9.22 9.97 9.22 0 3421500.00 3421500.00
16/12/2008 9.39 9.31 10.15 10.15 0 2926700.00 2926700.00
17/12/2008 10.26 9.35 10.39 9.98 0 4629500.00 4629500.00
18/12/2008 9.90 9.46 9.90 9.50 0 2054700.00 2054700.00
19/12/2008 9.45 9.30 9.90 9.60 0 2728900.00 2728900.00
22/12/2008 9.76 9.38 9.76 9.70 0 1280800.00 1280800.00
23/12/2008 9.56 9.17 9.76 9.35 0 2305000.00 2305000.00
26/12/2008 9.40 9.39 9.57 9.50 0 645800.00 645800.00
29/12/2008 9.59 9.32 9.60 9.48 0 1862800.00 1862800.00
30/12/2008 9.44 9.44 10.00 10.00 0 1948100.00 1948100.00
02/01/2009 9.99 9.76 10.17 10.17 0 1892900.00 1892900.00
05/01/2009 10.10 9.91 10.19 10.09 0 2441400.00 2441400.00
06/01/2009 10.10 9.92 10.18 10.10 0 3707500.00 3707500.00
07/01/2009 9.98 9.61 10.10 10.00 0 1934600.00 1934600.00
08/01/2009 9.89 9.69 10.10 10.10 0 1919700.00 1919700.00
09/01/2009 10.10 9.66 10.10 9.84 0 2696100.00 2696100.00
12/01/2009 9.70 8.98 9.70 8.98 0 2681400.00 2681400.00
13/01/2009 8.96 8.84 9.27 9.04 0 3953000.00 3953000.00
14/01/2009 8.96 8.21 9.12 8.26 0 4896100.00 4896100.00
15/01/2009 8.30 8.06 8.47 8.39 0 4562800.00 4562800.00
16/01/2009 8.50 8.20 8.54 8.35 0 2962000.00 2962000.00
19/01/2009 8.40 8.28 8.69 8.56 0 2029900.00 2029900.00
20/01/2009 8.56 8.13 8.67 8.13 0 1783300.00 1783300.00
21/01/2009 8.15 7.81 8.34 8.11 0 4162800.00 4162800.00
22/01/2009 8.22 7.81 8.32 7.85 0 2171700.00 2171700.00
23/01/2009 7.70 7.49 8.13 8.10 0 3414900.00 3414900.00
26/01/2009 8.14 7.93 8.90 8.90 0 7352600.00 7352600.00
27/01/2009 8.75 8.63 9.06 8.95 0 4232200.00 4232200.00
28/01/2009 9.08 8.73 9.15 9.08 0 6798800.00 6798800.00
29/01/2009 8.81 8.60 8.90 8.73 0 3254900.00 3254900.00
30/01/2009 8.83 8.51 8.85 8.80 0 1369000.00 1369000.00
02/02/2009 8.55 8.43 8.71 8.71 0 2065200.00 2065200.00
03/02/2009 8.66 8.40 8.78 8.70 0 2652900.00 2652900.00
04/02/2009 8.65 8.47 8.87 8.47 0 3758300.00 3758300.00
05/02/2009 8.50 8.22 8.95 8.94 0 4187600.00 4187600.00
06/02/2009 8.91 8.88 9.40 9.40 0 5684800.00 5684800.00
09/02/2009 9.20 9.16 9.49 9.35 0 7710500.00 7710500.00
10/02/2009 9.35 8.85 9.38 9.12 0 5234600.00 5234600.00
11/02/2009 9.02 8.46 9.23 8.50 0 3374800.00 3374800.00
12/02/2009 8.42 8.35 8.79 8.65 0 6338100.00 6338100.00
13/02/2009 8.79 8.65 8.85 8.76 0 3134900.00 3134900.00
16/02/2009 8.70 8.58 8.89 8.89 0 927400.00 927400.00
17/02/2009 8.62 8.34 8.62 8.50 0 2469900.00 2469900.00
18/02/2009 8.55 8.05 8.64 8.09 0 4321300.00 4321300.00
19/02/2009 8.22 7.96 8.30 8.10 0 2022900.00 2022900.00
20/02/2009 7.90 7.69 8.23 8.16 0 2810400.00 2810400.00
25/02/2009 8.05 7.90 8.42 8.21 0 3558600.00 3558600.00
26/02/2009 8.35 8.20 8.55 8.30 0 2328600.00 2328600.00
27/02/2009 8.01 7.90 8.20 8.17 0 2738900.00 2738900.00
02/03/2009 8.00 7.76 8.05 7.80 0 2023200.00 2023200.00
03/03/2009 7.86 7.80 8.22 8.10 0 3000600.00 3000600.00
04/03/2009 8.21 8.10 8.27 8.20 0 2889200.00 2889200.00
05/03/2009 8.09 7.79 8.16 7.85 0 3479200.00 3479200.00
06/03/2009 7.85 7.70 8.05 8.05 0 4993200.00 4993200.00
09/03/2009 7.90 7.90 8.22 8.20 0 3065400.00 3065400.00
10/03/2009 8.21 8.21 9.35 9.34 0 7261100.00 7261100.00
11/03/2009 9.09 8.80 9.24 8.90 0 2993300.00 2993300.00
12/03/2009 9.00 8.62 9.14 9.14 0 4987600.00 4987600.00
13/03/2009 9.17 8.81 9.19 9.12 0 2255100.00 2255100.00
16/03/2009 9.10 8.85 9.45 9.10 0 2925600.00 2925600.00
17/03/2009 9.02 8.95 9.57 9.57 0 3604700.00 3604700.00
