01/01/2003 6.76 6.76 6.76 6.76 0 0.00 0.00
02/01/2003 6.65 6.62 6.85 6.82 0 107000.00 107000.00
03/01/2003 6.83 6.60 6.83 6.70 0 318000.00 318000.00
06/01/2003 6.82 6.51 6.82 6.55 0 450000.00 450000.00
07/01/2003 6.56 6.20 6.56 6.20 0 597000.00 597000.00
08/01/2003 6.23 6.16 6.23 6.17 0 242000.00 242000.00
09/01/2003 6.10 6.10 6.37 6.32 0 840000.00 840000.00
10/01/2003 6.37 6.30 6.52 6.41 0 714000.00 714000.00
13/01/2003 6.30 6.30 6.57 6.50 0 464000.00 464000.00
14/01/2003 6.57 6.48 6.58 6.52 0 235000.00 235000.00
15/01/2003 6.64 6.48 6.71 6.48 0 609000.00 609000.00
16/01/2003 6.60 6.56 6.75 6.65 0 713000.00 713000.00
17/01/2003 6.55 6.55 6.75 6.73 0 598000.00 598000.00
20/01/2003 6.80 6.75 6.95 6.84 0 838000.00 838000.00
21/01/2003 6.85 6.84 6.96 6.90 0 1139000.00 1139000.00
22/01/2003 6.86 6.70 7.00 6.71 0 292000.00 292000.00
23/01/2003 6.71 6.60 6.83 6.83 0 703000.00 703000.00
24/01/2003 6.80 6.66 6.95 6.80 0 278000.00 278000.00
27/01/2003 6.80 6.61 6.93 6.76 0 264000.00 264000.00
28/01/2003 6.51 6.51 6.89 6.89 0 375000.00 375000.00
29/01/2003 6.75 6.71 6.90 6.82 0 427000.00 427000.00
30/01/2003 6.85 6.71 6.87 6.78 0 439000.00 439000.00
31/01/2003 6.51 6.51 6.86 6.74 0 184000.00 184000.00
03/02/2003 6.84 6.74 6.88 6.85 0 219000.00 219000.00
04/02/2003 6.81 6.80 7.01 7.01 0 418000.00 418000.00
05/02/2003 7.01 6.96 7.22 7.21 0 669000.00 669000.00
06/02/2003 7.21 7.11 7.25 7.18 0 269000.00 269000.00
07/02/2003 7.18 7.00 7.21 7.16 0 379000.00 379000.00
10/02/2003 7.18 6.96 7.24 7.01 0 351000.00 351000.00
11/02/2003 7.20 6.90 7.20 6.94 0 344000.00 344000.00
12/02/2003 6.97 6.88 7.19 7.04 0 303000.00 303000.00
13/02/2003 6.90 6.90 7.16 7.12 0 340000.00 340000.00
14/02/2003 7.15 6.76 7.15 6.85 0 134000.00 134000.00
17/02/2003 6.83 6.79 7.05 6.94 0 138000.00 138000.00
18/02/2003 6.90 6.84 6.94 6.86 0 817000.00 817000.00
19/02/2003 7.05 6.82 7.05 6.93 0 542000.00 542000.00
20/02/2003 6.85 6.60 6.85 6.78 0 633000.00 633000.00
21/02/2003 6.77 6.63 6.77 6.70 0 392000.00 392000.00
24/02/2003 6.61 6.45 6.97 6.55 0 721000.00 721000.00
25/02/2003 6.51 6.51 6.70 6.67 0 264000.00 264000.00
26/02/2003 6.68 6.68 6.74 6.73 0 157000.00 157000.00
27/02/2003 6.75 6.75 6.87 6.85 0 165000.00 165000.00
28/02/2003 6.85 6.84 7.01 7.01 0 255000.00 255000.00
03/03/2003 7.01 7.01 7.01 7.01 0 0.00 0.00
04/03/2003 7.01 7.01 7.01 7.01 0 0.00 0.00
05/03/2003 6.67 6.67 6.77 6.73 0 490000.00 490000.00
06/03/2003 6.79 6.63 6.87 6.70 0 899000.00 899000.00
07/03/2003 6.80 6.64 6.80 6.73 0 423000.00 423000.00
10/03/2003 6.66 6.58 6.75 6.59 0 198000.00 198000.00
11/03/2003 6.58 6.58 6.70 6.66 0 222000.00 222000.00
12/03/2003 6.65 6.62 6.65 6.64 0 104000.00 104000.00
13/03/2003 6.70 6.64 6.78 6.75 0 417000.00 417000.00
14/03/2003 6.80 6.79 7.34 7.18 0 1164000.00 1164000.00
17/03/2003 7.18 7.12 7.23 7.16 0 506000.00 506000.00
18/03/2003 7.18 6.94 7.22 6.95 0 266000.00 266000.00
19/03/2003 6.99 6.76 7.00 6.95 0 248000.00 248000.00
20/03/2003 6.94 6.87 7.07 7.00 0 663000.00 663000.00
21/03/2003 7.00 6.79 7.05 6.85 0 86000.00 86000.00
24/03/2003 6.81 6.73 6.99 6.75 0 90000.00 90000.00
25/03/2003 6.89 6.73 6.92 6.74 0 110000.00 110000.00
26/03/2003 6.75 6.60 6.81 6.78 0 298000.00 298000.00
27/03/2003 6.80 6.71 6.82 6.80 0 134000.00 134000.00
28/03/2003 6.72 6.72 6.87 6.84 0 187000.00 187000.00
31/03/2003 6.61 6.55 6.78 6.72 0 483000.00 483000.00
01/04/2003 6.66 6.63 6.75 6.63 0 348000.00 348000.00
02/04/2003 6.70 6.59 6.79 6.62 0 603000.00 603000.00
03/04/2003 6.63 6.61 6.66 6.61 0 210000.00 210000.00
04/04/2003 6.64 6.53 6.64 6.59 0 518000.00 518000.00
07/04/2003 6.59 6.43 6.62 6.43 0 668000.00 668000.00
08/04/2003 6.43 6.34 6.47 6.40 0 299000.00 299000.00
09/04/2003 6.38 6.38 6.54 6.50 0 285000.00 285000.00
10/04/2003 6.70 6.47 6.70 6.63 0 931000.00 931000.00
11/04/2003 6.68 6.55 6.70 6.57 0 370000.00 370000.00
14/04/2003 6.57 6.57 6.81 6.73 0 119000.00 119000.00
15/04/2003 6.61 6.61 6.81 6.75 0 286000.00 286000.00
16/04/2003 6.70 6.60 6.75 6.70 0 491000.00 491000.00
17/04/2003 6.75 6.47 6.83 6.52 0 263000.00 263000.00
18/04/2003 6.52 6.52 6.52 6.52 0 0.00 0.00
21/04/2003 6.52 6.52 6.52 6.52 0 0.00 0.00
22/04/2003 6.52 6.52 6.70 6.59 0 242000.00 242000.00
23/04/2003 6.56 6.50 6.56 6.53 0 122000.00 122000.00
24/04/2003 6.51 6.46 6.61 6.50 0 464000.00 464000.00
25/04/2003 6.50 6.37 6.58 6.37 0 237000.00 237000.00
28/04/2003 6.40 6.25 6.42 6.29 0 293000.00 293000.00
29/04/2003 6.56 6.19 6.56 6.20 0 627000.00 627000.00
30/04/2003 6.20 6.01 6.20 6.12 0 756000.00 756000.00
01/05/2003 6.12 6.12 6.12 6.12 0 0.00 0.00
02/05/2003 6.05 6.05 6.32 6.31 0 474000.00 474000.00
05/05/2003 6.11 6.11 6.48 6.41 0 269000.00 269000.00
06/05/2003 6.45 6.28 6.55 6.37 0 600000.00 600000.00
07/05/2003 6.13 5.94 6.13 5.99 0 399000.00 399000.00
08/05/2003 5.92 5.79 5.92 5.80 0 614000.00 614000.00
09/05/2003 5.82 5.67 5.90 5.81 0 882000.00 882000.00
12/05/2003 5.81 5.60 5.82 5.62 0 442000.00 442000.00
13/05/2003 5.71 5.30 5.71 5.36 0 3032000.00 3032000.00
14/05/2003 5.49 5.39 5.53 5.40 0 986000.00 986000.00
15/05/2003 5.51 5.39 5.51 5.48 0 596000.00 596000.00
16/05/2003 5.48 5.44 5.56 5.51 0 669000.00 669000.00
19/05/2003 5.46 5.45 5.64 5.58 0 653000.00 653000.00
20/05/2003 5.65 5.57 5.77 5.64 0 1030000.00 1030000.00
21/05/2003 5.62 5.59 5.69 5.63 0 404000.00 404000.00
22/05/2003 5.60 5.50 5.65 5.50 0 485000.00 485000.00
23/05/2003 5.57 5.42 5.57 5.42 0 460000.00 460000.00
26/05/2003 5.44 5.43 5.60 5.60 0 405000.00 405000.00
27/05/2003 5.70 5.57 5.85 5.79 0 666000.00 666000.00
28/05/2003 5.80 5.80 5.90 5.83 0 633000.00 633000.00
29/05/2003 5.84 5.71 5.86 5.72 0 783000.00 783000.00
30/05/2003 5.71 5.69 5.98 5.80 0 1377000.00 1377000.00
02/06/2003 5.90 5.86 6.11 6.11 0 866000.00 866000.00
03/06/2003 6.00 5.92 6.10 5.95 0 416000.00 416000.00
04/06/2003 5.93 5.77 5.95 5.94 0 839000.00 839000.00
05/06/2003 5.90 5.85 5.94 5.93 0 579000.00 579000.00
06/06/2003 5.93 5.92 6.04 6.01 0 432000.00 432000.00
09/06/2003 6.04 5.86 6.04 5.88 0 405000.00 405000.00
10/06/2003 5.88 5.79 5.93 5.79 0 634000.00 634000.00
11/06/2003 5.79 5.77 5.84 5.78 0 357000.00 357000.00
12/06/2003 5.80 5.71 5.80 5.80 0 491000.00 491000.00
13/06/2003 5.81 5.70 5.81 5.70 0 237000.00 237000.00
16/06/2003 5.70 5.68 5.85 5.78 0 584000.00 584000.00
17/06/2003 5.80 5.77 5.90 5.85 0 335000.00 335000.00
18/06/2003 5.83 5.69 5.92 5.84 0 739000.00 739000.00
19/06/2003 5.84 5.84 5.84 5.84 0 0.00 0.00
20/06/2003 5.73 5.73 5.83 5.81 0 302000.00 302000.00
23/06/2003 5.80 5.73 5.80 5.73 0 489000.00 489000.00
24/06/2003 5.88 5.78 5.89 5.81 0 336000.00 336000.00
25/06/2003 5.75 5.66 5.92 5.90 0 217000.00 217000.00
26/06/2003 5.90 5.88 6.17 6.13 0 541000.00 541000.00
27/06/2003 6.10 6.04 6.15 6.06 0 324000.00 324000.00
30/06/2003 6.10 5.90 6.15 5.90 0 393000.00 393000.00
01/07/2003 5.91 5.87 6.05 5.96 0 206000.00 206000.00
02/07/2003 5.93 5.93 6.00 6.00 0 593000.00 593000.00
03/07/2003 6.02 6.00 6.07 6.06 0 329000.00 329000.00
04/07/2003 6.06 6.06 6.28 6.18 0 534000.00 534000.00
07/07/2003 6.27 6.21 6.35 6.33 0 951000.00 951000.00
08/07/2003 6.33 6.23 6.33 6.30 0 641000.00 641000.00
09/07/2003 6.30 6.30 6.30 6.30 0 0.00 0.00
10/07/2003 6.30 6.19 6.30 6.25 0 913000.00 913000.00
11/07/2003 6.21 6.21 6.34 6.30 0 808000.00 808000.00
14/07/2003 6.27 6.24 6.35 6.30 0 312000.00 312000.00
15/07/2003 6.26 6.26 6.40 6.35 0 766000.00 766000.00
16/07/2003 6.35 6.22 6.40 6.27 0 365000.00 365000.00
17/07/2003 6.22 6.22 6.35 6.32 0 271000.00 271000.00
18/07/2003 6.32 6.32 6.49 6.45 0 192000.00 192000.00
21/07/2003 6.44 6.44 6.57 6.54 0 279000.00 279000.00
22/07/2003 6.57 6.57 6.69 6.65 0 285000.00 285000.00
23/07/2003 6.60 6.60 6.85 6.85 0 549000.00 549000.00
24/07/2003 6.85 6.67 6.85 6.67 0 486000.00 486000.00
25/07/2003 6.75 6.70 7.20 7.13 0 1182000.00 1182000.00
28/07/2003 7.20 7.19 7.31 7.23 0 1067000.00 1067000.00
29/07/2003 7.24 7.21 7.40 7.35 0 587000.00 587000.00
30/07/2003 7.35 7.27 7.40 7.27 0 118000.00 118000.00
31/07/2003 7.30 7.30 7.50 7.35 0 813000.00 813000.00
01/08/2003 7.49 7.32 7.53 7.52 0 658000.00 658000.00
04/08/2003 7.52 7.35 7.64 7.50 0 4330000.00 4330000.00
05/08/2003 7.40 7.26 7.49 7.27 0 5230000.00 5230000.00
06/08/2003 7.18 7.15 7.33 7.24 0 880000.00 880000.00
07/08/2003 7.15 7.09 7.20 7.10 0 810000.00 810000.00
08/08/2003 7.29 7.02 7.29 7.25 0 486000.00 486000.00
11/08/2003 7.23 7.23 7.34 7.28 0 123000.00 123000.00
12/08/2003 7.35 7.35 7.59 7.54 0 1317000.00 1317000.00
13/08/2003 7.54 7.53 7.88 7.70 0 1132000.00 1132000.00
14/08/2003 7.53 7.53 7.85 7.70 0 526000.00 526000.00
15/08/2003 7.70 7.70 7.89 7.74 0 417000.00 417000.00
18/08/2003 7.88 7.68 7.88 7.72 0 1167000.00 1167000.00
19/08/2003 7.75 7.70 7.80 7.74 0 771000.00 771000.00
20/08/2003 7.73 7.73 7.85 7.79 0 925000.00 925000.00
21/08/2003 7.73 7.72 7.91 7.81 0 728000.00 728000.00
22/08/2003 7.70 7.70 7.96 7.76 0 666000.00 666000.00
25/08/2003 7.84 7.60 7.84 7.60 0 439000.00 439000.00
26/08/2003 7.57 7.56 7.79 7.65 0 326000.00 326000.00
27/08/2003 7.66 7.66 7.74 7.74 0 168000.00 168000.00
28/08/2003 7.81 7.70 7.81 7.72 0 467000.00 467000.00
29/08/2003 7.40 7.40 8.12 8.10 0 965000.00 965000.00
01/09/2003 7.90 7.90 8.30 8.24 0 463000.00 463000.00
02/09/2003 8.24 8.22 8.35 8.30 0 503000.00 503000.00
03/09/2003 8.35 8.15 8.35 8.15 0 697000.00 697000.00
04/09/2003 8.15 7.81 8.19 7.81 0 1311000.00 1311000.00
05/09/2003 7.92 7.73 7.92 7.73 0 856000.00 856000.00
08/09/2003 7.80 7.76 7.88 7.80 0 806000.00 806000.00
09/09/2003 7.76 7.60 7.80 7.60 0 729000.00 729000.00
10/09/2003 7.64 7.40 7.64 7.55 0 1465000.00 1465000.00
11/09/2003 7.69 7.55 7.70 7.62 0 641000.00 641000.00
12/09/2003 7.63 7.49 7.85 7.84 0 818000.00 818000.00
15/09/2003 7.90 7.90 8.12 8.05 0 1254000.00 1254000.00
16/09/2003 8.00 8.00 8.25 8.19 0 1334000.00 1334000.00
17/09/2003 8.18 8.18 8.37 8.30 0 1481000.00 1481000.00
18/09/2003 8.34 8.23 8.48 8.42 0 623000.00 623000.00
19/09/2003 8.42 8.36 8.49 8.36 0 330000.00 330000.00
22/09/2003 8.32 8.21 8.37 8.30 0 375000.00 375000.00
23/09/2003 8.22 8.11 8.23 8.16 0 357000.00 357000.00
24/09/2003 8.16 7.99 8.24 7.99 0 684000.00 684000.00
25/09/2003 7.96 7.95 8.19 7.98 0 385000.00 385000.00
26/09/2003 7.90 7.85 7.99 7.85 0 356000.00 356000.00
29/09/2003 7.84 7.80 7.99 7.99 0 380000.00 380000.00
30/09/2003 8.09 7.82 8.10 7.82 0 357000.00 357000.00
01/10/2003 7.91 7.91 8.07 8.01 0 490000.00 490000.00
02/10/2003 8.00 7.82 8.15 8.05 0 1056000.00 1056000.00
03/10/2003 8.15 8.05 8.20 8.16 0 633000.00 633000.00
06/10/2003 8.16 8.11 8.27 8.11 0 320000.00 320000.00
07/10/2003 8.08 8.07 8.15 8.11 0 390000.00 390000.00
08/10/2003 8.15 8.11 8.27 8.23 0 772000.00 772000.00
09/10/2003 8.30 8.15 8.37 8.21 0 843000.00 843000.00
10/10/2003 8.31 8.05 8.36 8.10 0 585000.00 585000.00
13/10/2003 8.20 8.13 8.41 8.34 0 376000.00 376000.00
14/10/2003 8.36 8.10 8.44 8.13 0 914000.00 914000.00
15/10/2003 8.15 8.08 8.16 8.10 0 651000.00 651000.00
16/10/2003 8.14 8.09 8.18 8.14 0 518000.00 518000.00
17/10/2003 8.08 8.08 8.45 8.12 0 582000.00 582000.00
20/10/2003 8.15 8.04 8.25 8.05 0 1008000.00 1008000.00
21/10/2003 8.08 7.89 8.12 7.89 0 775000.00 775000.00
22/10/2003 7.92 7.90 8.08 7.98 0 554000.00 554000.00
23/10/2003 7.92 7.77 7.93 7.77 0 495000.00 495000.00
24/10/2003 7.77 7.70 7.87 7.75 0 861000.00 861000.00
27/10/2003 7.88 7.71 7.88 7.72 0 758000.00 758000.00
28/10/2003 7.73 7.71 7.84 7.74 0 781000.00 781000.00
29/10/2003 7.80 7.71 7.84 7.76 0 338000.00 338000.00
30/10/2003 7.75 7.75 8.00 7.98 0 520000.00 520000.00
31/10/2003 8.09 7.89 8.09 8.00 0 623000.00 623000.00
03/11/2003 8.00 7.90 8.04 8.01 0 516000.00 516000.00
04/11/2003 7.99 7.66 8.00 7.72 0 1449000.00 1449000.00
05/11/2003 7.80 7.66 7.80 7.76 0 1077000.00 1077000.00
06/11/2003 7.75 7.60 7.82 7.64 0 710000.00 710000.00
07/11/2003 7.71 7.65 7.76 7.75 0 304000.00 304000.00
10/11/2003 7.73 7.56 7.80 7.60 0 414000.00 414000.00
11/11/2003 7.58 7.49 7.60 7.57 0 291000.00 291000.00
12/11/2003 7.54 7.54 7.66 7.66 0 390000.00 390000.00
13/11/2003 7.66 7.58 7.71 7.64 0 963000.00 963000.00
14/11/2003 7.70 7.64 7.75 7.68 0 1402000.00 1402000.00
17/11/2003 7.70 7.65 7.71 7.65 0 532000.00 532000.00
18/11/2003 7.73 7.68 7.76 7.74 0 364000.00 364000.00
19/11/2003 7.68 7.68 7.71 7.69 0 269000.00 269000.00
20/11/2003 7.71 7.69 7.80 7.76 0 361000.00 361000.00
21/11/2003 7.78 7.66 7.78 7.66 0 522000.00 522000.00
24/11/2003 7.70 7.65 7.78 7.78 0 732000.00 732000.00
25/11/2003 7.72 7.72 8.03 7.92 0 875000.00 875000.00
26/11/2003 7.94 7.89 8.10 7.89 0 378000.00 378000.00
27/11/2003 7.85 7.85 8.06 8.05 0 209000.00 209000.00
28/11/2003 7.95 7.90 8.02 7.95 0 381000.00 381000.00
01/12/2003 7.90 7.85 8.17 8.17 0 794000.00 794000.00
02/12/2003 8.18 8.15 8.30 8.15 0 320000.00 320000.00
03/12/2003 8.14 8.14 8.54 8.54 0 968000.00 968000.00
04/12/2003 8.64 8.55 8.95 8.84 0 1039000.00 1039000.00
05/12/2003 8.71 8.71 9.01 8.79 0 449000.00 449000.00
08/12/2003 8.81 8.77 9.37 9.32 0 706000.00 706000.00
09/12/2003 9.37 9.22 9.75 9.31 0 934000.00 934000.00
10/12/2003 9.26 9.18 9.39 9.23 0 394000.00 394000.00
11/12/2003 9.16 9.07 9.20 9.07 0 310000.00 310000.00
12/12/2003 9.10 8.92 9.10 8.97 0 1101000.00 1101000.00
15/12/2003 9.08 8.94 9.29 8.94 0 973000.00 973000.00
16/12/2003 8.90 8.75 9.02 8.75 0 586000.00 586000.00
17/12/2003 9.00 8.77 9.13 8.90 0 795000.00 795000.00
18/12/2003 8.86 8.86 9.67 9.55 0 1109000.00 1109000.00
19/12/2003 9.55 9.41 9.85 9.70 0 265000.00 265000.00
22/12/2003 9.65 9.65 10.20 10.20 0 497000.00 497000.00
23/12/2003 10.19 9.71 10.29 10.10 0 267000.00 267000.00
24/12/2003 10.10 10.10 10.10 10.10 0 0.00 0.00
25/12/2003 10.10 10.10 10.10 10.10 0 0.00 0.00
26/12/2003 9.71 9.71 10.06 9.86 0 166000.00 166000.00
29/12/2003 9.90 9.83 10.20 10.15 0 406000.00 406000.00
30/12/2003 10.20 10.11 10.70 10.60 0 579000.00 579000.00
31/12/2003 10.60 10.60 10.60 10.60 0 0.00 0.00
01/01/2004 10.60 10.60 10.60 10.60 0 0.00 0.00
02/01/2004 10.32 10.05 10.49 10.15 0 505000.00 505000.00
05/01/2004 10.29 10.17 10.85 10.68 0 709000.00 709000.00
06/01/2004 10.75 10.10 10.83 10.28 0 987000.00 987000.00
07/01/2004 10.30 10.15 10.53 10.15 0 1480000.00 1480000.00
08/01/2004 10.30 9.92 10.30 10.06 0 584000.00 584000.00
09/01/2004 10.15 9.75 10.25 9.76 0 702000.00 702000.00
12/01/2004 9.77 9.70 10.04 9.76 0 799000.00 799000.00
13/01/2004 9.80 9.20 9.80 9.20 0 1833000.00 1833000.00
14/01/2004 9.30 8.91 9.37 8.99 0 1434000.00 1434000.00
15/01/2004 8.99 8.75 8.99 8.88 0 1723000.00 1723000.00
16/01/2004 9.02 8.99 9.30 9.30 0 946000.00 946000.00
19/01/2004 9.33 9.17 9.42 9.24 0 468000.00 468000.00
20/01/2004 9.33 9.10 9.36 9.12 0 732000.00 732000.00
21/01/2004 9.14 8.99 9.21 9.13 0 386000.00 386000.00
22/01/2004 8.90 8.90 9.36 9.30 0 784000.00 784000.00
23/01/2004 9.21 9.21 9.40 9.31 0 533000.00 533000.00
26/01/2004 9.29 9.29 9.47 9.45 0 352000.00 352000.00
27/01/2004 9.51 9.29 9.60 9.40 0 447000.00 447000.00
28/01/2004 9.32 9.32 9.49 9.45 0 341000.00 341000.00
29/01/2004 9.49 8.81 9.49 9.10 0 785000.00 785000.00
30/01/2004 9.02 8.95 9.36 9.25 0 1038000.00 1038000.00
02/02/2004 9.35 9.09 9.53 9.37 0 849000.00 849000.00
03/02/2004 9.37 9.35 9.48 9.39 0 762000.00 762000.00
04/02/2004 9.47 9.34 9.50 9.40 0 966000.00 966000.00
05/02/2004 9.40 9.30 9.62 9.58 0 1048000.00 1048000.00
06/02/2004 9.50 9.40 9.59 9.53 0 593000.00 593000.00
09/02/2004 9.60 9.53 9.85 9.70 0 953000.00 953000.00
10/02/2004 9.71 9.42 9.76 9.56 0 763000.00 763000.00
11/02/2004 9.60 9.50 9.70 9.60 0 502000.00 502000.00
12/02/2004 9.70 9.54 9.85 9.60 0 371000.00 371000.00
13/02/2004 9.74 9.60 9.80 9.80 0 611000.00 611000.00
16/02/2004 9.79 9.60 9.80 9.68 0 24000.00 24000.00
17/02/2004 9.65 9.61 10.27 10.15 0 1116000.00 1116000.00
18/02/2004 10.21 10.16 10.50 10.37 0 1377000.00 1377000.00
19/02/2004 10.39 10.04 10.39 10.07 0 986000.00 986000.00
20/02/2004 9.60 9.57 10.23 10.07 0 620000.00 620000.00
23/02/2004 10.07 10.07 10.07 10.07 0 0.00 0.00
24/02/2004 10.07 10.07 10.07 10.07 0 0.00 0.00
25/02/2004 10.10 10.10 10.40 10.36 0 449000.00 449000.00
26/02/2004 10.11 10.03 10.36 10.27 0 774000.00 774000.00
27/02/2004 10.16 10.16 10.56 10.40 0 1000000.00 1000000.00
01/03/2004 10.46 10.46 10.75 10.58 0 575500.00 575500.00
02/03/2004 10.49 10.35 10.74 10.55 0 400700.00 400700.00
03/03/2004 10.74 10.47 10.74 10.51 0 594100.00 594100.00
04/03/2004 10.51 10.47 10.99 10.90 0 588500.00 588500.00
05/03/2004 11.00 10.80 11.10 10.80 0 602300.00 602300.00
08/03/2004 10.94 10.70 11.00 10.72 0 1047700.00 1047700.00
09/03/2004 10.61 10.52 10.86 10.52 0 443500.00 443500.00
10/03/2004 10.52 10.02 10.66 10.30 0 684600.00 684600.00
11/03/2004 10.22 10.00 10.41 10.00 0 822700.00 822700.00
12/03/2004 10.10 10.10 10.34 10.23 0 242900.00 242900.00
15/03/2004 10.20 10.02 10.25 10.03 0 250900.00 250900.00
16/03/2004 10.15 10.10 10.28 10.12 0 300500.00 300500.00
17/03/2004 10.30 10.14 10.69 10.55 0 685700.00 685700.00
18/03/2004 10.71 10.57 10.78 10.63 0 440200.00 440200.00
19/03/2004 10.50 10.50 10.94 10.60 0 318600.00 318600.00
22/03/2004 10.60 10.31 10.69 10.40 0 159200.00 159200.00
23/03/2004 10.46 10.45 10.90 10.60 0 463000.00 463000.00
24/03/2004 10.61 10.61 10.85 10.62 0 489300.00 489300.00
25/03/2004 10.73 10.62 10.87 10.78 0 418100.00 418100.00
26/03/2004 10.80 10.70 10.98 10.94 0 597000.00 597000.00
29/03/2004 10.80 10.70 10.98 10.71 0 519400.00 519400.00
30/03/2004 10.73 10.61 11.00 10.90 0 664900.00 664900.00
31/03/2004 11.00 10.81 11.25 11.01 0 866100.00 866100.00
01/04/2004 11.10 11.00 11.32 11.13 0 422000.00 422000.00
02/04/2004 11.15 11.03 11.44 11.23 0 878700.00 878700.00
05/04/2004 11.24 10.98 11.40 11.21 0 444300.00 444300.00
06/04/2004 11.20 11.15 11.29 11.22 0 174700.00 174700.00
07/04/2004 11.22 10.80 11.29 10.85 0 295400.00 295400.00
08/04/2004 11.00 10.70 11.20 10.70 0 1123600.00 1123600.00
09/04/2004 10.70 10.70 10.70 10.70 0 0.00 0.00
12/04/2004 11.00 10.76 11.00 10.76 0 550600.00 550600.00
13/04/2004 10.82 10.55 10.99 10.55 0 821100.00 821100.00
14/04/2004 10.55 10.37 10.67 10.42 0 645100.00 645100.00
15/04/2004 10.26 10.26 10.63 10.43 0 919000.00 919000.00
16/04/2004 10.40 10.37 10.55 10.55 0 830500.00 830500.00
19/04/2004 10.51 10.20 10.51 10.30 0 290100.00 290100.00
20/04/2004 10.25 10.01 10.45 10.20 0 704400.00 704400.00
21/04/2004 10.20 10.20 10.20 10.20 0 0.00 0.00
22/04/2004 10.34 10.18 10.56 10.50 0 672900.00 672900.00
23/04/2004 10.50 10.50 10.50 10.50 0 0.00 0.00
26/04/2004 10.54 10.15 10.54 10.25 0 438200.00 438200.00
27/04/2004 10.30 10.06 10.30 10.19 0 488300.00 488300.00
28/04/2004 10.09 9.65 10.09 9.80 0 778200.00 778200.00
29/04/2004 9.89 9.25 9.89 9.49 0 1085300.00 1085300.00
30/04/2004 9.40 8.99 9.40 9.20 0 1094100.00 1094100.00
03/05/2004 9.11 9.10 9.55 9.55 0 455700.00 455700.00
04/05/2004 9.55 9.40 9.70 9.55 0 961800.00 961800.00
05/05/2004 9.50 9.36 9.55 9.50 0 302000.00 302000.00
06/05/2004 9.53 9.03 9.53 9.15 0 663200.00 663200.00
07/05/2004 9.00 8.90 9.29 9.20 0 1389700.00 1389700.00
10/05/2004 9.00 8.88 9.20 9.01 0 896600.00 896600.00
11/05/2004 9.05 8.99 9.34 9.34 0 687900.00 687900.00
12/05/2004 9.34 9.10 9.34 9.29 0 633200.00 633200.00
13/05/2004 9.25 9.05 9.45 9.44 0 593800.00 593800.00
14/05/2004 9.44 9.23 9.50 9.40 0 558600.00 558600.00
17/05/2004 9.37 9.07 9.37 9.20 0 921500.00 921500.00
18/05/2004 9.35 9.25 9.55 9.55 0 675500.00 675500.00
19/05/2004 9.67 9.56 9.99 9.68 0 817000.00 817000.00
20/05/2004 9.68 9.42 9.93 9.75 0 410100.00 410100.00
21/05/2004 9.70 9.70 10.20 10.20 0 461100.00 461100.00
24/05/2004 10.40 9.96 10.40 10.15 0 280100.00 280100.00
25/05/2004 10.36 9.90 10.36 10.07 0 304500.00 304500.00
26/05/2004 10.00 10.00 10.40 10.27 0 876200.00 876200.00
27/05/2004 10.30 10.08 10.30 10.18 0 509700.00 509700.00
28/05/2004 10.15 10.00 10.15 10.00 0 1055200.00 1055200.00
31/05/2004 10.00 10.00 10.16 10.14 0 130800.00 130800.00
01/06/2004 10.14 10.14 10.43 10.44 0 450900.00 450900.00
02/06/2004 10.50 10.41 10.60 10.53 0 560200.00 560200.00
03/06/2004 10.55 10.20 10.55 10.30 0 162300.00 162300.00
04/06/2004 10.60 10.31 10.60 10.40 0 216800.00 216800.00
07/06/2004 10.50 10.31 10.67 10.67 0 384200.00 384200.00
08/06/2004 10.67 10.43 10.67 10.65 0 272200.00 272200.00
09/06/2004 10.40 10.30 10.69 10.32 0 212400.00 212400.00
10/06/2004 10.32 10.32 10.32 10.32 0 0.00 0.00
11/06/2004 10.40 10.40 10.60 10.50 0 78200.00 78200.00
14/06/2004 10.45 10.10 10.63 10.20 0 501800.00 501800.00
15/06/2004 10.20 10.12 10.40 10.25 0 713400.00 713400.00
16/06/2004 10.35 9.91 10.37 10.19 0 1022000.00 1022000.00
17/06/2004 10.16 10.16 10.39 10.29 0 262500.00 262500.00
18/06/2004 10.20 10.18 10.25 10.21 0 227000.00 227000.00
21/06/2004 10.19 9.98 10.20 10.07 0 669900.00 669900.00
22/06/2004 10.02 9.97 10.20 10.10 0 187800.00 187800.00
23/06/2004 10.14 9.75 10.14 9.83 0 997400.00 997400.00
24/06/2004 9.92 9.55 9.96 9.79 0 650600.00 650600.00
25/06/2004 9.90 9.72 9.94 9.78 0 458900.00 458900.00
28/06/2004 9.85 9.74 9.95 9.80 0 182500.00 182500.00
29/06/2004 9.80 9.67 9.89 9.89 0 198900.00 198900.00
30/06/2004 9.85 9.69 10.03 10.03 0 784100.00 784100.00
01/07/2004 10.03 9.85 10.03 9.99 0 588000.00 588000.00
02/07/2004 9.86 9.83 10.04 9.99 0 1016700.00 1016700.00
05/07/2004 9.99 9.84 10.03 9.98 0 285000.00 285000.00
06/07/2004 9.98 9.91 10.13 9.95 0 821600.00 821600.00
07/07/2004 9.97 9.85 10.10 9.90 0 1173500.00 1173500.00
08/07/2004 9.90 9.80 9.97 9.95 0 951500.00 951500.00
09/07/2004 9.95 9.95 9.95 9.95 0 0.00 0.00
12/07/2004 9.95 9.90 10.15 10.15 0 637100.00 637100.00
13/07/2004 10.15 10.15 10.45 10.45 0 815500.00 815500.00
14/07/2004 10.35 10.35 10.70 10.70 0 984000.00 984000.00
15/07/2004 10.60 10.60 10.87 10.80 0 519900.00 519900.00
16/07/2004 10.81 10.70 10.96 10.70 0 624600.00 624600.00
19/07/2004 10.86 10.49 10.86 10.66 0 687800.00 687800.00
20/07/2004 10.60 10.37 10.70 10.37 0 534900.00 534900.00
21/07/2004 10.43 10.20 10.56 10.25 0 540100.00 540100.00
22/07/2004 10.10 10.00 10.32 10.00 0 629700.00 629700.00
23/07/2004 10.10 10.04 10.27 10.15 0 419300.00 419300.00
26/07/2004 10.19 10.18 10.48 10.37 0 750400.00 750400.00
27/07/2004 10.55 9.95 10.58 10.58 0 664000.00 664000.00
28/07/2004 10.55 10.36 10.76 10.63 0 577700.00 577700.00
29/07/2004 10.62 10.35 10.70 10.60 0 420500.00 420500.00
30/07/2004 10.61 10.44 10.64 10.59 0 441100.00 441100.00
02/08/2004 10.45 10.20 10.56 10.54 0 538000.00 538000.00
03/08/2004 10.40 10.32 10.58 10.48 0 346500.00 346500.00
04/08/2004 10.38 10.33 10.50 10.43 0 353800.00 353800.00
05/08/2004 10.43 10.02 10.58 10.19 0 611200.00 611200.00
06/08/2004 10.22 9.84 10.23 9.99 0 729900.00 729900.00
09/08/2004 10.10 9.75 10.15 9.80 0 1676800.00 1676800.00
10/08/2004 9.89 9.80 10.04 10.03 0 511000.00 511000.00
11/08/2004 10.05 9.86 10.08 10.05 0 553300.00 553300.00
12/08/2004 10.00 9.93 10.10 9.97 0 277600.00 277600.00
13/08/2004 9.90 9.78 9.97 9.95 0 319500.00 319500.00
16/08/2004 9.90 9.87 10.10 10.10 0 418000.00 418000.00
17/08/2004 10.15 10.09 10.26 10.25 0 472000.00 472000.00
18/08/2004 10.25 10.11 10.69 10.60 0 1002900.00 1002900.00
19/08/2004 10.60 10.31 10.68 10.50 0 554900.00 554900.00
20/08/2004 10.46 10.26 10.50 10.47 0 1061000.00 1061000.00
23/08/2004 10.43 10.09 10.50 10.11 0 775900.00 775900.00
24/08/2004 10.29 9.98 10.29 10.14 0 707700.00 707700.00
25/08/2004 9.96 9.80 10.20 10.19 0 1571300.00 1571300.00
26/08/2004 10.20 9.98 10.20 10.11 0 1085400.00 1085400.00
27/08/2004 10.15 9.98 10.20 10.15 0 563700.00 563700.00
30/08/2004 10.10 9.98 10.24 10.24 0 394500.00 394500.00
31/08/2004 10.25 10.00 10.34 10.30 0 803500.00 803500.00
01/09/2004 10.25 10.17 10.40 10.40 0 1347700.00 1347700.00
02/09/2004 10.40 10.25 10.71 10.70 0 914200.00 914200.00
03/09/2004 10.72 10.41 10.75 10.41 0 504600.00 504600.00
06/09/2004 10.40 10.34 10.49 10.40 0 69300.00 69300.00
07/09/2004 10.40 10.40 10.40 10.40 0 0.00 0.00
08/09/2004 10.49 10.30 10.50 10.36 0 607100.00 607100.00
09/09/2004 10.31 10.23 10.45 10.43 0 930500.00 930500.00
10/09/2004 10.37 10.22 10.48 10.35 0 495500.00 495500.00
13/09/2004 10.29 10.23 10.50 10.24 0 459700.00 459700.00
14/09/2004 10.38 10.24 10.45 10.38 0 386100.00 386100.00
15/09/2004 10.30 10.20 10.30 10.26 0 391700.00 391700.00
16/09/2004 10.26 10.07 10.30 10.10 0 1454800.00 1454800.00
17/09/2004 10.14 9.86 10.20 9.90 0 1464600.00 1464600.00
20/09/2004 10.00 9.84 10.07 9.89 0 742800.00 742800.00
21/09/2004 9.95 9.65 9.95 9.68 0 881500.00 881500.00
22/09/2004 9.74 9.30 9.78 9.33 0 1689800.00 1689800.00
23/09/2004 9.40 9.38 9.50 9.42 0 1131200.00 1131200.00
24/09/2004 9.44 9.22 9.45 9.31 0 598800.00 598800.00
27/09/2004 9.38 8.97 9.38 9.19 0 1778300.00 1778300.00
28/09/2004 9.23 9.11 9.27 9.20 0 466300.00 466300.00
29/09/2004 9.30 9.12 9.30 9.13 0 678900.00 678900.00
30/09/2004 9.14 9.13 9.48 9.44 0 984400.00 984400.00
01/10/2004 9.47 9.47 9.83 9.80 0 1489400.00 1489400.00
04/10/2004 9.87 9.60 9.89 9.67 0 575000.00 575000.00
05/10/2004 9.67 9.49 9.67 9.56 0 731200.00 731200.00
06/10/2004 9.50 9.46 9.65 9.65 0 439100.00 439100.00
07/10/2004 9.67 9.55 9.77 9.55 0 385300.00 385300.00
08/10/2004 9.60 9.46 9.75 9.46 0 780400.00 780400.00
11/10/2004 9.59 9.50 9.66 9.50 0 177300.00 177300.00
12/10/2004 9.50 9.50 9.50 9.50 0 0.00 0.00
13/10/2004 9.55 9.00 9.71 9.40 0 760600.00 760600.00
14/10/2004 9.40 9.30 9.49 9.34 0 711900.00 711900.00
15/10/2004 9.39 9.35 9.44 9.40 0 244200.00 244200.00
18/10/2004 9.42 9.26 9.49 9.45 0 815800.00 815800.00
19/10/2004 9.55 9.16 9.55 9.16 0 800600.00 800600.00
20/10/2004 9.18 9.12 9.28 9.25 0 865800.00 865800.00
21/10/2004 9.25 9.06 9.25 9.20 0 602700.00 602700.00
22/10/2004 9.30 9.20 9.35 9.27 0 598100.00 598100.00
25/10/2004 9.28 9.15 9.33 9.21 0 695700.00 695700.00
26/10/2004 9.28 9.16 9.32 9.24 0 1064600.00 1064600.00
27/10/2004 9.13 9.00 9.18 9.18 0 975300.00 975300.00
28/10/2004 9.10 9.00 9.19 9.19 0 768200.00 768200.00
29/10/2004 9.19 9.19 9.65 9.64 0 1166700.00 1166700.00
01/11/2004 9.63 9.60 9.79 9.70 0 358600.00 358600.00
02/11/2004 9.70 9.70 9.70 9.70 0 0.00 0.00
03/11/2004 9.74 9.67 9.83 9.70 0 673700.00 673700.00
04/11/2004 9.70 9.65 9.90 9.90 0 947300.00 947300.00
05/11/2004 9.94 9.79 9.98 9.82 0 707300.00 707300.00
08/11/2004 9.82 9.67 9.85 9.76 0 709600.00 709600.00
09/11/2004 9.75 9.68 9.85 9.85 0 319700.00 319700.00
10/11/2004 9.85 9.80 10.18 10.17 0 1167100.00 1167100.00
11/11/2004 10.14 9.97 10.20 10.17 0 1002900.00 1002900.00
12/11/2004 10.12 10.04 10.20 10.12 0 489300.00 489300.00
15/11/2004 10.12 10.12 10.12 10.12 0 0.00 0.00
16/11/2004 10.12 9.91 10.12 9.93 0 140800.00 140800.00
17/11/2004 9.95 9.91 10.13 10.09 0 484600.00 484600.00
18/11/2004 10.09 9.75 10.09 9.84 0 362400.00 362400.00
19/11/2004 9.80 9.63 9.80 9.64 0 213600.00 213600.00
22/11/2004 9.69 9.52 9.76 9.76 0 478900.00 478900.00
23/11/2004 9.78 9.62 9.78 9.70 0 392000.00 392000.00
24/11/2004 9.79 9.79 10.30 10.30 0 1219900.00 1219900.00
25/11/2004 10.17 10.15 10.37 10.37 0 640600.00 640600.00
26/11/2004 10.30 10.25 10.39 10.26 0 643200.00 643200.00
29/11/2004 10.20 10.15 10.42 10.30 0 1163500.00 1163500.00
30/11/2004 10.29 10.05 10.40 10.14 0 618200.00 618200.00
01/12/2004 10.15 10.00 10.25 10.04 0 1044600.00 1044600.00
02/12/2004 10.13 9.92 10.15 10.00 0 534100.00 534100.00
03/12/2004 10.10 9.97 10.10 10.04 0 748900.00 748900.00
06/12/2004 10.00 9.89 10.06 10.05 0 813800.00 813800.00
07/12/2004 10.00 9.80 10.05 9.90 0 616200.00 616200.00
08/12/2004 9.90 9.89 10.12 9.97 0 576000.00 576000.00
09/12/2004 10.05 9.76 10.18 9.90 0 681900.00 681900.00
10/12/2004 9.91 9.90 10.09 10.00 0 370100.00 370100.00
13/12/2004 10.00 9.90 10.06 10.06 0 537300.00 537300.00
14/12/2004 10.09 10.09 10.25 10.20 0 894800.00 894800.00
15/12/2004 10.20 9.79 10.25 9.79 0 1795400.00 1795400.00
16/12/2004 9.86 9.75 9.95 9.94 0 1185700.00 1185700.00
17/12/2004 9.94 9.73 9.95 9.81 0 650000.00 650000.00
20/12/2004 9.90 9.63 9.90 9.74 0 393300.00 393300.00
21/12/2004 9.70 9.69 9.89 9.89 0 503900.00 503900.00
22/12/2004 9.89 9.74 9.89 9.81 0 807600.00 807600.00
23/12/2004 9.80 9.72 9.99 9.99 0 753700.00 753700.00
24/12/2004 9.99 9.99 9.99 9.99 0 0.00 0.00
27/12/2004 9.97 9.81 9.97 9.90 0 1578000.00 1578000.00
28/12/2004 9.90 9.83 10.05 10.05 0 403900.00 403900.00
29/12/2004 10.03 9.92 10.09 10.05 0 701200.00 701200.00
30/12/2004 10.09 9.90 10.12 10.12 0 502200.00 502200.00
31/12/2004 10.12 10.12 10.12 10.12 0 0.00 0.00
03/01/2005 10.00 9.82 10.20 9.85 0 462800.00 462800.00
04/01/2005 9.92 9.66 9.92 9.79 0 759700.00 759700.00
05/01/2005 9.86 9.47 9.86 9.50 0 696500.00 696500.00
06/01/2005 9.50 9.25 9.50 9.43 0 518300.00 518300.00
07/01/2005 9.55 9.29 9.55 9.37 0 323300.00 323300.00
10/01/2005 9.41 9.06 9.41 9.17 0 375900.00 375900.00
11/01/2005 9.20 8.97 9.35 9.22 0 668900.00 668900.00
12/01/2005 9.35 9.01 9.37 9.15 0 464100.00 464100.00
13/01/2005 9.30 9.15 9.44 9.25 0 1002400.00 1002400.00
14/01/2005 9.22 9.18 9.35 9.30 0 511000.00 511000.00
17/01/2005 9.31 9.14 9.39 9.14 0 265400.00 265400.00
18/01/2005 9.14 9.00 9.20 9.07 0 1000700.00 1000700.00
19/01/2005 9.09 9.06 9.18 9.15 0 583700.00 583700.00
20/01/2005 9.16 8.92 9.16 9.10 0 1528600.00 1528600.00
21/01/2005 9.13 9.00 9.13 9.05 0 923400.00 923400.00
24/01/2005 9.07 8.98 9.21 9.00 0 695000.00 695000.00
25/01/2005 9.00 9.00 9.00 9.00 0 0.00 0.00
26/01/2005 9.10 9.01 9.18 9.12 0 598900.00 598900.00
27/01/2005 9.13 8.90 9.13 9.07 0 874400.00 874400.00
28/01/2005 9.07 9.00 9.07 9.00 0 398400.00 398400.00
31/01/2005 9.02 9.02 9.16 9.15 0 133500.00 133500.00
01/02/2005 9.23 9.09 9.43 9.37 0 533700.00 533700.00
02/02/2005 9.45 9.44 9.56 9.55 0 654300.00 654300.00
03/02/2005 9.56 9.43 9.59 9.43 0 745200.00 745200.00
04/02/2005 9.44 9.43 9.77 9.70 0 924800.00 924800.00
07/02/2005 9.70 9.70 9.70 9.70 0 0.00 0.00
08/02/2005 9.70 9.70 9.70 9.70 0 0.00 0.00
09/02/2005 9.67 9.58 9.79 9.67 0 187200.00 187200.00
10/02/2005 9.70 9.60 9.75 9.75 0 169500.00 169500.00
11/02/2005 9.75 9.55 9.75 9.55 0 341000.00 341000.00
14/02/2005 9.55 9.29 9.55 9.31 0 410700.00 410700.00
15/02/2005 9.22 9.17 9.34 9.32 0 521000.00 521000.00
16/02/2005 9.30 9.18 9.38 9.20 0 777200.00 777200.00
17/02/2005 9.25 9.25 9.49 9.35 0 602600.00 602600.00
18/02/2005 9.36 9.30 9.43 9.37 0 441300.00 441300.00
21/02/2005 9.42 9.39 9.62 9.62 0 388400.00 388400.00
22/02/2005 9.51 9.40 9.65 9.58 0 1159000.00 1159000.00
23/02/2005 9.61 9.57 9.77 9.70 0 1810100.00 1810100.00
24/02/2005 9.77 9.75 10.32 10.29 0 1287900.00 1287900.00
25/02/2005 9.97 9.97 10.31 10.25 0 1411600.00 1411600.00
28/02/2005 10.29 9.82 10.29 9.88 0 368600.00 368600.00
01/03/2005 9.90 9.81 10.09 10.09 0 584500.00 584500.00
02/03/2005 10.00 9.87 10.04 9.90 0 578400.00 578400.00
03/03/2005 10.00 9.91 10.19 10.00 0 647000.00 647000.00
04/03/2005 10.18 10.14 10.34 10.25 0 2488700.00 2488700.00
07/03/2005 10.26 10.25 10.70 10.65 0 675600.00 675600.00
08/03/2005 10.56 10.40 11.00 10.75 0 1029600.00 1029600.00
09/03/2005 10.70 10.45 10.88 10.60 0 717600.00 717600.00
10/03/2005 10.60 10.11 10.60 10.20 0 886500.00 886500.00
11/03/2005 10.30 9.97 10.30 10.10 0 1180000.00 1180000.00
14/03/2005 10.16 10.08 10.23 10.08 0 642800.00 642800.00
15/03/2005 10.10 10.01 10.25 10.03 0 985300.00 985300.00
16/03/2005 10.03 9.87 10.15 9.99 0 1393700.00 1393700.00
17/03/2005 9.98 9.74 9.98 9.83 0 619300.00 619300.00
18/03/2005 9.83 9.64 9.83 9.64 0 939900.00 939900.00
21/03/2005 9.82 9.72 9.95 9.82 0 652400.00 652400.00
22/03/2005 9.82 9.82 10.08 9.86 0 773500.00 773500.00
23/03/2005 9.82 9.54 9.86 9.54 0 806200.00 806200.00
24/03/2005 9.78 9.61 10.12 10.00 0 689800.00 689800.00
25/03/2005 10.00 10.00 10.00 10.00 0 0.00 0.00
28/03/2005 9.99 9.71 10.09 9.71 0 527600.00 527600.00
29/03/2005 9.74 9.45 9.80 9.45 0 865900.00 865900.00
30/03/2005 9.74 9.41 9.79 9.50 0 404400.00 404400.00
31/03/2005 9.70 9.46 9.70 9.54 0 293300.00 293300.00
01/04/2005 9.80 9.47 9.80 9.47 0 371300.00 371300.00
04/04/2005 9.50 9.30 9.60 9.30 0 539100.00 539100.00
05/04/2005 9.08 9.01 9.45 9.01 0 1053300.00 1053300.00
06/04/2005 9.10 8.70 9.10 8.80 0 944600.00 944600.00
07/04/2005 8.85 8.76 8.90 8.89 0 973800.00 973800.00
08/04/2005 8.99 8.77 9.00 8.77 0 1063600.00 1063600.00
11/04/2005 8.80 8.65 8.82 8.65 0 713400.00 713400.00
12/04/2005 8.90 8.49 8.94 8.66 0 903000.00 903000.00
13/04/2005 8.77 8.56 8.80 8.60 0 1315900.00 1315900.00
14/04/2005 8.70 8.26 8.70 8.30 0 1013600.00 1013600.00
15/04/2005 8.30 8.22 8.50 8.25 0 998600.00 998600.00
18/04/2005 8.42 8.00 8.49 8.30 0 804800.00 804800.00
19/04/2005 8.38 8.33 8.51 8.45 0 530300.00 530300.00
20/04/2005 8.55 8.17 8.55 8.19 0 416400.00 416400.00
21/04/2005 8.19 8.19 8.19 8.19 0 0.00 0.00
22/04/2005 8.23 7.96 8.23 8.02 0 609600.00 609600.00
25/04/2005 8.10 7.92 8.20 8.00 0 1015300.00 1015300.00
26/04/2005 8.03 7.90 8.09 7.90 0 467900.00 467900.00
27/04/2005 7.91 7.67 8.00 7.91 0 374400.00 374400.00
28/04/2005 7.81 7.73 7.89 7.81 0 805400.00 805400.00
29/04/2005 7.82 7.58 7.85 7.62 0 1202100.00 1202100.00
02/05/2005 7.60 7.53 7.75 7.61 0 1613100.00 1613100.00
03/05/2005 7.74 7.53 7.79 7.55 0 655700.00 655700.00
04/05/2005 7.63 7.54 7.81 7.73 0 1044800.00 1044800.00
05/05/2005 7.73 7.73 7.91 7.77 0 693300.00 693300.00
06/05/2005 7.90 7.85 8.07 8.01 0 1044700.00 1044700.00
09/05/2005 8.05 7.91 8.05 7.97 0 1433300.00 1433300.00
10/05/2005 8.09 7.76 8.09 7.76 0 733400.00 733400.00
11/05/2005 7.79 7.71 7.85 7.75 0 1055000.00 1055000.00
12/05/2005 7.76 7.48 7.81 7.50 0 1345300.00 1345300.00
13/05/2005 7.52 7.38 7.67 7.40 0 1223500.00 1223500.00
16/05/2005 7.50 7.32 7.63 7.55 0 608600.00 608600.00
17/05/2005 7.42 7.42 7.76 7.74 0 781400.00 781400.00
18/05/2005 7.87 7.75 7.87 7.78 0 1080500.00 1080500.00
19/05/2005 7.78 7.66 7.82 7.70 0 462400.00 462400.00
20/05/2005 7.78 7.67 7.82 7.71 0 699400.00 699400.00
23/05/2005 7.71 7.60 7.89 7.74 0 779900.00 779900.00
24/05/2005 7.64 7.64 7.91 7.85 0 1478700.00 1478700.00
25/05/2005 7.80 7.75 7.91 7.75 0 764700.00 764700.00
26/05/2005 7.75 7.75 7.75 7.75 0 0.00 0.00
27/05/2005 7.97 7.86 8.06 7.96 0 2358300.00 2358300.00
30/05/2005 7.90 7.88 8.16 8.00 0 300300.00 300300.00
31/05/2005 8.03 7.96 8.17 8.14 0 1674900.00 1674900.00
01/06/2005 8.07 8.07 8.45 8.37 0 1966200.00 1966200.00
02/06/2005 8.40 8.31 8.55 8.41 0 3342200.00 3342200.00
03/06/2005 8.40 8.25 8.40 8.37 0 1751400.00 1751400.00
06/06/2005 8.35 8.20 8.48 8.30 0 1185700.00 1185700.00
07/06/2005 8.21 8.20 8.56 8.40 0 1640000.00 1640000.00
08/06/2005 8.50 8.36 8.53 8.50 0 592600.00 592600.00
09/06/2005 8.45 8.30 8.65 8.50 0 1737900.00 1737900.00
10/06/2005 8.58 8.50 8.63 8.51 0 555400.00 555400.00
13/06/2005 8.59 8.52 8.67 8.52 0 1810000.00 1810000.00
14/06/2005 8.50 8.28 8.65 8.46 0 1884400.00 1884400.00
15/06/2005 8.46 8.26 8.48 8.42 0 1075300.00 1075300.00
16/06/2005 8.50 8.40 8.72 8.40 0 709000.00 709000.00
17/06/2005 8.69 8.36 8.69 8.41 0 837300.00 837300.00
20/06/2005 8.36 8.32 8.45 8.37 0 767000.00 767000.00
21/06/2005 8.38 8.28 8.44 8.31 0 1833000.00 1833000.00
22/06/2005 8.34 8.26 8.50 8.45 0 421500.00 421500.00
23/06/2005 8.45 8.26 8.50 8.26 0 1577000.00 1577000.00
24/06/2005 8.40 8.20 8.40 8.26 0 1165600.00 1165600.00
27/06/2005 8.12 8.10 8.25 8.16 0 764100.00 764100.00
28/06/2005 8.13 8.08 8.38 8.28 0 1267100.00 1267100.00
29/06/2005 8.40 8.15 8.40 8.16 0 744400.00 744400.00
30/06/2005 8.16 8.10 8.20 8.10 0 825800.00 825800.00
01/07/2005 8.09 8.05 8.25 8.10 0 765600.00 765600.00
04/07/2005 8.06 8.00 8.10 8.05 0 208400.00 208400.00
05/07/2005 8.13 8.00 8.18 8.10 0 961200.00 961200.00
06/07/2005 8.25 8.00 8.25 8.10 0 1328900.00 1328900.00
07/07/2005 7.98 7.90 8.10 7.95 0 894800.00 894800.00
08/07/2005 7.87 7.83 8.04 7.92 0 2364600.00 2364600.00
11/07/2005 8.01 7.91 8.36 8.25 0 961000.00 961000.00
12/07/2005 8.25 8.10 8.35 8.30 0 1020400.00 1020400.00
13/07/2005 8.28 8.21 8.57 8.50 0 951300.00 951300.00
14/07/2005 8.55 8.44 8.57 8.50 0 777600.00 777600.00
15/07/2005 8.31 8.30 8.50 8.42 0 1032500.00 1032500.00
18/07/2005 8.31 8.30 8.45 8.37 0 267000.00 267000.00
19/07/2005 8.27 8.20 8.62 8.60 0 1312000.00 1312000.00
20/07/2005 8.58 8.35 8.70 8.51 0 1359100.00 1359100.00
21/07/2005 8.56 8.38 8.71 8.67 0 1187900.00 1187900.00
22/07/2005 8.56 8.54 8.67 8.60 0 1594200.00 1594200.00
25/07/2005 8.50 8.37 8.89 8.80 0 2325000.00 2325000.00
26/07/2005 8.75 8.69 8.99 8.69 0 1250700.00 1250700.00
27/07/2005 8.80 8.70 8.94 8.94 0 749900.00 749900.00
28/07/2005 8.87 8.87 9.15 9.10 0 1711000.00 1711000.00
29/07/2005 9.01 8.85 9.20 8.85 0 661700.00 661700.00
01/08/2005 8.75 8.68 8.96 8.78 0 830900.00 830900.00
02/08/2005 8.87 8.75 8.95 8.78 0 517900.00 517900.00
03/08/2005 8.90 8.52 8.95 8.52 0 664300.00 664300.00
04/08/2005 8.51 8.30 8.55 8.34 0 622700.00 622700.00
05/08/2005 8.47 8.35 8.47 8.39 0 751200.00 751200.00
08/08/2005 8.41 8.41 8.64 8.56 0 679200.00 679200.00
09/08/2005 8.66 8.63 8.80 8.80 0 697000.00 697000.00
10/08/2005 8.80 8.60 8.90 8.66 0 756400.00 756400.00
11/08/2005 8.60 8.58 8.83 8.75 0 934100.00 934100.00
12/08/2005 8.55 8.52 8.90 8.87 0 722200.00 722200.00
15/08/2005 8.87 8.74 8.97 8.84 0 805500.00 805500.00
16/08/2005 8.85 8.81 8.92 8.90 0 681000.00 681000.00
17/08/2005 8.92 8.85 9.03 8.90 0 1129800.00 1129800.00
18/08/2005 9.01 8.72 9.01 8.80 0 1890800.00 1890800.00
19/08/2005 8.80 8.63 9.04 8.81 0 1071500.00 1071500.00
22/08/2005 8.90 8.75 9.00 8.75 0 542500.00 542500.00
23/08/2005 8.75 8.70 8.87 8.76 0 274900.00 274900.00
24/08/2005 8.80 8.70 8.83 8.78 0 282500.00 282500.00
25/08/2005 8.83 8.69 8.87 8.71 0 647600.00 647600.00
26/08/2005 8.73 8.57 8.80 8.58 0 515500.00 515500.00
29/08/2005 8.70 8.54 8.74 8.62 0 304600.00 304600.00
30/08/2005 8.62 8.50 8.64 8.50 0 717100.00 717100.00
31/08/2005 8.60 8.52 8.72 8.60 0 1692200.00 1692200.00
01/09/2005 8.68 8.61 8.78 8.69 0 1022300.00 1022300.00
02/09/2005 8.77 8.58 8.77 8.67 0 1139400.00 1139400.00
05/09/2005 8.77 8.62 8.77 8.62 0 367800.00 367800.00
06/09/2005 8.71 8.66 8.93 8.90 0 1159600.00 1159600.00
07/09/2005 8.90 8.90 8.90 8.90 0 0.00 0.00
08/09/2005 8.88 8.87 9.02 9.00 0 501200.00 501200.00
09/09/2005 8.90 8.90 9.17 9.17 0 678600.00 678600.00
12/09/2005 9.19 9.09 9.30 9.20 0 911700.00 911700.00
13/09/2005 9.21 9.02 9.28 9.02 0 1128700.00 1128700.00
14/09/2005 9.03 9.03 9.19 9.11 0 1024500.00 1024500.00
15/09/2005 9.13 9.04 9.38 9.04 0 617300.00 617300.00
16/09/2005 9.05 8.91 9.09 8.97 0 1125700.00 1125700.00
19/09/2005 8.97 8.85 9.05 8.92 0 1228200.00 1228200.00
20/09/2005 8.96 8.80 9.04 8.80 0 1280800.00 1280800.00
21/09/2005 8.82 8.72 8.88 8.77 0 1390800.00 1390800.00
22/09/2005 8.75 8.68 8.87 8.68 0 677900.00 677900.00
23/09/2005 8.80 8.70 8.88 8.83 0 596100.00 596100.00
26/09/2005 8.86 8.58 8.99 8.61 0 1011700.00 1011700.00
27/09/2005 8.75 8.56 8.75 8.60 0 1083900.00 1083900.00
28/09/2005 8.66 8.62 8.78 8.77 0 583700.00 583700.00
29/09/2005 8.83 8.64 8.83 8.69 0 256300.00 256300.00
30/09/2005 8.75 8.75 9.03 9.00 0 1199200.00 1199200.00
03/10/2005 8.97 8.88 9.11 8.95 0 902500.00 902500.00
04/10/2005 9.00 9.00 9.17 9.07 0 1862000.00 1862000.00
05/10/2005 9.10 8.70 9.14 8.71 0 787200.00 787200.00
06/10/2005 8.75 8.30 8.79 8.30 0 1004200.00 1004200.00
07/10/2005 8.35 8.20 8.55 8.25 0 1201700.00 1201700.00
10/10/2005 8.32 8.05 8.64 8.10 0 1912700.00 1912700.00
11/10/2005 8.30 8.17 8.59 8.50 0 1114900.00 1114900.00
12/10/2005 8.50 8.50 8.50 8.50 0 0.00 0.00
13/10/2005 8.30 8.25 8.54 8.25 0 1168500.00 1168500.00
14/10/2005 8.28 8.10 8.35 8.30 0 839300.00 839300.00
17/10/2005 8.30 8.30 8.44 8.44 0 856400.00 856400.00
18/10/2005 8.43 8.22 8.49 8.34 0 623500.00 623500.00
19/10/2005 8.29 8.20 8.44 8.20 0 758600.00 758600.00
20/10/2005 8.38 8.05 8.38 8.10 0 1055800.00 1055800.00
21/10/2005 8.10 8.03 8.34 8.31 0 589700.00 589700.00
24/10/2005 8.34 8.34 8.55 8.55 0 425400.00 425400.00
25/10/2005 8.54 8.35 8.55 8.50 0 635100.00 635100.00
26/10/2005 8.49 8.30 8.68 8.67 0 1785600.00 1785600.00
27/10/2005 8.55 8.48 8.79 8.55 0 1496500.00 1496500.00
28/10/2005 8.60 8.50 8.69 8.60 0 835400.00 835400.00
31/10/2005 8.68 8.66 8.80 8.68 0 1268000.00 1268000.00
01/11/2005 8.66 8.60 8.75 8.70 0 616300.00 616300.00
02/11/2005 8.70 8.70 8.70 8.70 0 0.00 0.00
03/11/2005 8.70 8.30 8.70 8.31 0 2014100.00 2014100.00
04/11/2005 8.32 8.17 8.40 8.22 0 1156700.00 1156700.00
07/11/2005 8.35 8.06 8.45 8.18 0 1268500.00 1268500.00
08/11/2005 8.18 8.12 8.25 8.13 0 861500.00 861500.00
09/11/2005 8.14 7.90 8.16 7.96 0 1300100.00 1300100.00
10/11/2005 7.93 7.90 8.05 8.05 0 972400.00 972400.00
11/11/2005 8.05 8.00 8.20 8.12 0 611200.00 611200.00
14/11/2005 8.10 8.10 8.31 8.18 0 575300.00 575300.00
15/11/2005 8.18 8.18 8.18 8.18 0 0.00 0.00
16/11/2005 8.18 8.17 8.29 8.25 0 741900.00 741900.00
17/11/2005 8.23 8.15 8.33 8.24 0 516200.00 516200.00
18/11/2005 8.25 8.25 8.39 8.39 0 629300.00 629300.00
21/11/2005 8.42 8.33 8.45 8.44 0 412000.00 412000.00
22/11/2005 8.47 8.36 8.78 8.76 0 1707900.00 1707900.00
23/11/2005 8.75 8.61 8.75 8.75 0 1527300.00 1527300.00
24/11/2005 8.75 8.51 8.80 8.76 0 498100.00 498100.00
25/11/2005 8.72 8.60 8.76 8.62 0 271700.00 271700.00
28/11/2005 8.67 8.50 8.70 8.55 0 1134200.00 1134200.00
29/11/2005 8.51 8.51 8.65 8.63 0 510700.00 510700.00
30/11/2005 8.60 8.47 8.68 8.50 0 943400.00 943400.00
01/12/2005 8.58 8.58 8.80 8.75 0 1940600.00 1940600.00
02/12/2005 8.61 8.61 8.81 8.80 0 659500.00 659500.00
05/12/2005 8.72 8.56 8.80 8.72 0 386900.00 386900.00
06/12/2005 8.77 8.66 8.81 8.77 0 820600.00 820600.00
07/12/2005 8.62 8.60 8.78 8.62 0 851500.00 851500.00
08/12/2005 8.71 8.55 8.82 8.71 0 918000.00 918000.00
09/12/2005 9.00 8.62 9.00 9.00 0 666500.00 666500.00
12/12/2005 8.95 8.94 9.15 8.95 0 763900.00 763900.00
13/12/2005 9.03 8.82 9.12 9.03 0 621500.00 621500.00
14/12/2005 9.25 9.00 9.31 9.25 0 903300.00 903300.00
15/12/2005 9.22 9.13 9.40 9.22 0 374900.00 374900.00
16/12/2005 9.41 9.18 9.47 9.41 0 316500.00 316500.00
19/12/2005 9.41 9.35 9.54 9.41 0 1687600.00 1687600.00
20/12/2005 9.24 9.13 9.45 9.24 0 574000.00 574000.00
21/12/2005 9.40 9.17 9.40 9.40 0 2072800.00 2072800.00
22/12/2005 9.45 9.20 9.46 9.45 0 1371700.00 1371700.00
23/12/2005 9.32 9.32 9.53 9.32 0 419900.00 419900.00
26/12/2005 9.49 9.27 9.49 9.49 0 114700.00 114700.00
27/12/2005 9.36 9.32 9.57 9.36 0 451300.00 451300.00
28/12/2005 9.29 9.00 9.35 9.29 0 557700.00 557700.00
29/12/2005 9.30 9.25 9.43 9.30 0 665800.00 665800.00
30/12/2005 9.30 9.30 9.30 9.30 0 0.00 0.00
02/01/2006 9.03 8.98 9.28 9.03 0 494400.00 494400.00
03/01/2006 9.28 9.15 9.30 9.28 0 859700.00 859700.00
04/01/2006 9.35 9.18 9.44 9.35 0 797500.00 797500.00
05/01/2006 9.20 9.15 9.35 9.20 0 313900.00 313900.00
06/01/2006 9.27 9.10 9.31 9.27 0 476700.00 476700.00
09/01/2006 9.35 8.90 9.35 9.00 0 613500.00 613500.00
10/01/2006 9.17 8.90 9.22 9.17 0 1228400.00 1228400.00
11/01/2006 9.25 9.05 9.44 9.43 0 1124200.00 1124200.00
12/01/2006 9.49 9.15 9.49 9.34 0 1224200.00 1224200.00
13/01/2006 9.34 9.15 9.35 9.16 0 728500.00 728500.00
16/01/2006 9.16 9.16 9.35 9.28 0 139400.00 139400.00
17/01/2006 9.29 9.15 9.30 9.22 0 794200.00 794200.00
18/01/2006 9.22 9.20 9.30 9.25 0 996800.00 996800.00
19/01/2006 9.32 9.26 9.43 9.26 0 966200.00 966200.00
20/01/2006 9.29 9.04 9.29 9.10 0 911200.00 911200.00
23/01/2006 9.10 8.97 9.15 8.99 0 422400.00 422400.00
24/01/2006 9.04 8.95 9.14 9.04 0 414900.00 414900.00
25/01/2006 9.04 9.04 9.04 9.04 0 0.00 0.00
26/01/2006 9.05 8.91 9.05 8.91 0 428600.00 428600.00
27/01/2006 8.92 8.73 9.00 8.78 0 1716700.00 1716700.00
30/01/2006 8.95 8.62 8.95 8.68 0 755500.00 755500.00
31/01/2006 8.74 8.60 8.80 8.60 0 1062000.00 1062000.00
01/02/2006 8.85 8.47 8.85 8.78 0 1518000.00 1518000.00
02/02/2006 8.78 8.62 8.78 8.74 0 1262100.00 1262100.00
03/02/2006 8.60 8.60 8.94 8.84 0 892800.00 892800.00
06/02/2006 8.89 8.79 9.22 9.18 0 4485000.00 4485000.00
07/02/2006 9.38 8.87 9.47 9.40 0 4764800.00 4764800.00
08/02/2006 9.40 9.21 9.50 9.40 0 1579600.00 1579600.00
09/02/2006 9.49 9.36 9.50 9.45 0 1464800.00 1464800.00
10/02/2006 9.42 9.39 9.68 9.55 0 1134400.00 1134400.00
13/02/2006 9.50 9.36 9.60 9.48 0 512800.00 512800.00
14/02/2006 9.37 9.37 9.74 9.60 0 1570500.00 1570500.00
15/02/2006 9.60 9.55 9.95 9.95 0 1669600.00 1669600.00
16/02/2006 9.80 9.64 9.94 9.87 0 1567900.00 1567900.00
17/02/2006 9.94 9.64 10.04 9.78 0 1122100.00 1122100.00
20/02/2006 9.78 9.52 9.97 9.65 0 219800.00 219800.00
21/02/2006 9.56 9.56 10.11 10.00 0 2522100.00 2522100.00
22/02/2006 10.00 10.00 10.16 10.13 0 3937700.00 3937700.00
23/02/2006 10.12 10.00 10.50 10.25 0 2687100.00 2687100.00
24/02/2006 10.24 10.24 10.50 10.50 0 1010100.00 1010100.00
27/02/2006 10.50 10.50 10.50 10.50 0 0.00 0.00
28/02/2006 10.50 10.50 10.50 10.50 0 0.00 0.00
01/03/2006 10.51 10.43 10.74 10.65 0 518900.00 518900.00
02/03/2006 10.70 10.43 10.71 10.50 0 839400.00 839400.00
03/03/2006 10.50 10.37 10.64 10.45 0 1198200.00 1198200.00
06/03/2006 10.40 10.30 10.80 10.40 0 2089800.00 2089800.00
07/03/2006 10.30 10.24 10.51 10.40 0 1214800.00 1214800.00
08/03/2006 10.35 10.16 10.56 10.37 0 1213500.00 1213500.00
09/03/2006 10.30 10.01 10.50 10.07 0 929200.00 929200.00
10/03/2006 10.15 9.68 10.38 10.19 0 960200.00 960200.00
13/03/2006 10.19 10.11 10.45 10.13 0 768000.00 768000.00
14/03/2006 10.10 10.05 10.37 10.32 0 709100.00 709100.00
15/03/2006 10.21 10.16 10.36 10.30 0 730900.00 730900.00
16/03/2006 10.31 10.11 10.44 10.35 0 1439500.00 1439500.00
17/03/2006 10.35 10.28 10.41 10.38 0 841300.00 841300.00
20/03/2006 10.40 10.18 10.50 10.18 0 360700.00 360700.00
21/03/2006 10.20 10.08 10.38 10.10 0 784700.00 784700.00
22/03/2006 10.08 10.02 10.40 10.40 0 1243800.00 1243800.00
23/03/2006 10.31 10.31 10.51 10.40 0 1220200.00 1220200.00
24/03/2006 10.45 10.36 10.60 10.50 0 638500.00 638500.00
27/03/2006 10.50 10.50 11.37 11.30 0 2883000.00 2883000.00
28/03/2006 11.26 11.20 11.67 11.25 0 1758200.00 1758200.00
29/03/2006 11.21 11.18 11.56 11.25 0 1162100.00 1162100.00
30/03/2006 11.30 11.06 11.44 11.35 0 560600.00 560600.00
31/03/2006 11.40 11.30 11.50 11.40 0 866200.00 866200.00
03/04/2006 11.44 11.31 11.68 11.40 0 905600.00 905600.00
04/04/2006 11.45 11.24 11.48 11.27 0 885100.00 885100.00
05/04/2006 11.30 10.76 11.31 11.20 0 1239800.00 1239800.00
06/04/2006 11.20 11.02 11.34 11.28 0 1444700.00 1444700.00
07/04/2006 11.35 11.28 11.85 11.40 0 1983800.00 1983800.00
10/04/2006 11.31 11.02 11.42 11.15 0 1132200.00 1132200.00
11/04/2006 11.05 10.75 11.20 10.85 0 1018600.00 1018600.00
12/04/2006 10.83 10.61 11.14 10.95 0 1292700.00 1292700.00
13/04/2006 10.70 10.70 11.05 10.72 0 461100.00 461100.00
14/04/2006 10.72 10.72 10.72 10.72 0 0.00 0.00
17/04/2006 10.82 10.76 11.12 11.01 0 913500.00 913500.00
18/04/2006 11.15 11.05 11.51 11.40 0 1612600.00 1612600.00
19/04/2006 11.40 11.40 11.87 11.85 0 1210600.00 1210600.00
20/04/2006 11.84 11.70 12.18 11.85 0 881200.00 881200.00
21/04/2006 11.85 11.85 11.85 11.85 0 0.00 0.00
24/04/2006 11.71 11.53 11.95 11.55 0 660100.00 660100.00
25/04/2006 11.64 11.36 11.77 11.69 0 916700.00 916700.00
26/04/2006 11.71 11.70 12.07 11.87 0 990600.00 990600.00
27/04/2006 11.80 11.31 11.90 11.40 0 859400.00 859400.00
28/04/2006 11.41 11.30 11.61 11.45 0 668800.00 668800.00
01/05/2006 11.45 11.45 11.45 11.45 0 0.00 0.00
02/05/2006 11.31 11.31 11.58 11.58 0 511300.00 511300.00
03/05/2006 11.59 11.21 11.59 11.55 0 449000.00 449000.00
04/05/2006 11.55 11.55 11.95 11.80 0 894900.00 894900.00
05/05/2006 11.90 11.78 12.70 12.60 0 2704600.00 2704600.00
08/05/2006 12.46 12.10 12.78 12.69 0 2967900.00 2967900.00
09/05/2006 12.59 12.52 12.78 12.63 0 1373400.00 1373400.00
10/05/2006 12.68 12.22 12.68 12.31 0 476400.00 476400.00
11/05/2006 12.56 12.12 12.56 12.28 0 893900.00 893900.00
12/05/2006 12.11 11.99 12.34 12.05 0 1925900.00 1925900.00
15/05/2006 11.95 11.85 12.28 11.86 0 2464300.00 2464300.00
16/05/2006 12.10 11.71 12.10 11.83 0 2644600.00 2644600.00
17/05/2006 11.67 11.61 12.05 11.75 0 981400.00 981400.00
18/05/2006 11.82 11.37 11.89 11.45 0 2784500.00 2784500.00
19/05/2006 11.75 11.15 11.75 11.50 0 1181400.00 1181400.00
22/05/2006 11.23 11.00 11.45 11.00 0 1118700.00 1118700.00
23/05/2006 11.00 11.00 11.64 11.18 0 1176400.00 1176400.00
24/05/2006 11.10 10.65 11.45 11.30 0 1729300.00 1729300.00
25/05/2006 11.55 11.38 11.65 11.45 0 1680700.00 1680700.00
26/05/2006 11.74 11.60 12.04 11.80 0 810600.00 810600.00
29/05/2006 11.88 11.60 11.99 11.77 0 294900.00 294900.00
30/05/2006 11.55 11.55 12.13 11.67 0 1965600.00 1965600.00
31/05/2006 11.50 11.50 11.95 11.60 0 1631000.00 1631000.00
01/06/2006 11.89 11.81 12.06 11.90 0 1706900.00 1706900.00
02/06/2006 12.09 11.90 12.29 12.00 0 1451700.00 1451700.00
05/06/2006 12.01 11.53 12.09 11.61 0 676700.00 676700.00
06/06/2006 11.51 11.17 11.58 11.17 0 927500.00 927500.00
07/06/2006 11.42 10.86 11.42 10.86 0 1108400.00 1108400.00
08/06/2006 10.71 10.71 11.29 11.15 0 1732300.00 1732300.00
09/06/2006 11.38 10.91 11.39 10.91 0 464000.00 464000.00
12/06/2006 10.91 10.65 11.19 10.80 0 1028400.00 1028400.00
13/06/2006 10.60 10.45 10.89 10.45 0 1745100.00 1745100.00
14/06/2006 10.46 10.22 10.70 10.37 0 1465100.00 1465100.00
15/06/2006 10.37 10.37 10.37 10.37 0 0.00 0.00
16/06/2006 10.60 10.60 11.09 10.80 0 803300.00 803300.00
19/06/2006 11.07 10.61 11.09 10.61 0 495800.00 495800.00
20/06/2006 10.60 10.60 10.89 10.60 0 579500.00 579500.00
21/06/2006 10.65 10.49 11.30 11.11 0 858300.00 858300.00
22/06/2006 11.39 10.92 11.40 11.03 0 684600.00 684600.00
23/06/2006 10.80 10.80 11.26 10.98 0 887700.00 887700.00
26/06/2006 11.10 10.94 11.18 11.00 0 218800.00 218800.00
27/06/2006 11.00 11.00 11.23 11.01 0 336700.00 336700.00
28/06/2006 11.19 10.72 11.27 10.80 0 741800.00 741800.00
29/06/2006 10.83 10.83 11.25 11.25 0 1790300.00 1790300.00
30/06/2006 11.33 11.11 11.47 11.37 0 1742500.00 1742500.00
03/07/2006 11.25 11.25 11.78 11.70 0 708300.00 708300.00
04/07/2006 11.79 11.60 12.00 11.71 0 562300.00 562300.00
05/07/2006 11.60 11.42 11.78 11.52 0 868200.00 868200.00
06/07/2006 11.65 11.57 11.89 11.57 0 888500.00 888500.00
07/07/2006 11.71 11.29 11.80 11.31 0 955400.00 955400.00
10/07/2006 11.47 11.30 11.64 11.35 0 632600.00 632600.00
11/07/2006 11.45 11.16 11.51 11.46 0 473200.00 473200.00
12/07/2006 11.32 11.20 11.50 11.48 0 651600.00 651600.00
13/07/2006 11.15 10.90 11.38 10.90 0 666900.00 666900.00
14/07/2006 10.92 10.65 10.98 10.80 0 491700.00 491700.00
17/07/2006 10.56 10.55 10.90 10.55 0 371900.00 371900.00
18/07/2006 10.61 10.40 10.80 10.76 0 790800.00 790800.00
19/07/2006 11.00 10.71 11.05 11.00 0 807800.00 807800.00
20/07/2006 11.05 10.54 11.13 10.54 0 1155100.00 1155100.00
21/07/2006 10.79 10.50 10.81 10.69 0 897600.00 897600.00
24/07/2006 10.84 10.61 11.05 11.00 0 783600.00 783600.00
25/07/2006 11.09 10.80 11.23 11.01 0 470100.00 470100.00
26/07/2006 11.10 10.80 11.20 10.95 0 742400.00 742400.00
27/07/2006 11.08 10.81 11.08 10.95 0 1328700.00 1328700.00
28/07/2006 10.90 10.71 11.10 10.75 0 1122800.00 1122800.00
31/07/2006 10.90 10.73 10.96 10.75 0 400900.00 400900.00
01/08/2006 10.80 10.61 10.90 10.80 0 1205400.00 1205400.00
02/08/2006 10.94 10.81 11.11 10.95 0 1428600.00 1428600.00
03/08/2006 10.95 10.77 11.30 11.15 0 1148700.00 1148700.00
04/08/2006 11.47 10.84 11.47 11.00 0 839700.00 839700.00
07/08/2006 10.98 10.85 11.10 11.10 0 649200.00 649200.00
08/08/2006 11.00 10.89 11.07 11.00 0 741300.00 741300.00
09/08/2006 11.06 10.76 11.17 10.76 0 437900.00 437900.00
10/08/2006 10.85 10.66 10.95 10.85 0 687100.00 687100.00
11/08/2006 10.82 10.74 10.93 10.89 0 495700.00 495700.00
14/08/2006 10.97 10.75 11.04 10.89 0 647600.00 647600.00
15/08/2006 10.98 10.80 11.29 11.23 0 1180800.00 1180800.00
16/08/2006 11.27 11.15 11.72 11.70 0 1735200.00 1735200.00
17/08/2006 11.34 11.34 12.16 11.78 0 1222000.00 1222000.00
18/08/2006 11.92 11.57 11.92 11.67 0 761400.00 761400.00
21/08/2006 11.67 11.40 11.70 11.40 0 835100.00 835100.00
22/08/2006 11.36 11.33 11.50 11.40 0 1107700.00 1107700.00
23/08/2006 11.48 11.11 11.54 11.23 0 963200.00 963200.00
24/08/2006 11.37 11.07 11.37 11.15 0 1366300.00 1366300.00
25/08/2006 11.33 11.19 11.33 11.30 0 864900.00 864900.00
28/08/2006 11.25 11.15 11.39 11.28 0 857200.00 857200.00
29/08/2006 11.30 11.01 11.38 11.20 0 453300.00 453300.00
30/08/2006 11.40 11.13 11.40 11.39 0 544100.00 544100.00
31/08/2006 11.39 11.05 11.40 11.05 0 1096900.00 1096900.00
01/09/2006 11.35 11.13 11.47 11.47 0 1803100.00 1803100.00
04/09/2006 11.46 11.16 11.51 11.46 0 304300.00 304300.00
05/09/2006 11.46 11.32 11.65 11.65 0 846500.00 846500.00
06/09/2006 11.44 11.44 11.72 11.63 0 792900.00 792900.00
07/09/2006 11.63 11.63 11.63 11.63 0 0.00 0.00
08/09/2006 11.50 11.30 11.65 11.38 0 804600.00 804600.00
11/09/2006 11.35 11.10 11.40 11.32 0 757300.00 757300.00
12/09/2006 11.48 11.15 11.48 11.25 0 1688200.00 1688200.00
13/09/2006 11.50 11.19 11.50 11.26 0 584700.00 584700.00
14/09/2006 11.20 11.18 11.33 11.22 0 842200.00 842200.00
15/09/2006 11.30 11.10 11.30 11.15 0 577600.00 577600.00
18/09/2006 11.15 10.99 11.24 11.00 0 855600.00 855600.00
19/09/2006 11.00 11.00 11.35 11.31 0 1609300.00 1609300.00
20/09/2006 11.49 11.31 11.58 11.40 0 1649800.00 1649800.00
21/09/2006 11.50 11.12 11.50 11.20 0 2151600.00 2151600.00
22/09/2006 11.11 10.88 11.43 11.10 0 1508000.00 1508000.00
25/09/2006 11.10 10.71 11.27 10.85 0 791900.00 791900.00
26/09/2006 10.83 10.83 11.24 11.24 0 741200.00 741200.00
27/09/2006 10.99 10.94 11.10 11.08 0 595900.00 595900.00
28/09/2006 11.04 10.95 11.17 11.17 0 383400.00 383400.00
29/09/2006 11.06 10.74 11.11 10.75 0 954700.00 954700.00
02/10/2006 10.97 10.81 11.09 11.09 0 693600.00 693600.00
03/10/2006 11.00 10.85 11.05 10.95 0 799600.00 799600.00
04/10/2006 11.00 10.91 11.11 11.11 0 1176200.00 1176200.00
05/10/2006 11.12 11.03 11.19 11.18 0 771300.00 771300.00
06/10/2006 11.17 10.95 11.20 11.14 0 1102900.00 1102900.00
09/10/2006 11.67 10.93 11.67 11.67 0 200.00 200.00
10/10/2006 11.66 11.50 11.90 11.82 0 1766600.00 1766600.00
11/10/2006 11.65 11.50 11.85 11.50 0 1326700.00 1326700.00
12/10/2006 11.50 11.50 11.50 11.50 0 0.00 0.00
13/10/2006 11.75 11.64 11.98 11.64 0 1070900.00 1070900.00
16/10/2006 11.70 11.64 11.85 11.85 0 502300.00 502300.00
17/10/2006 11.79 11.54 11.80 11.54 0 800100.00 800100.00
18/10/2006 11.75 11.42 11.90 11.49 0 1940300.00 1940300.00
19/10/2006 11.68 11.51 11.82 11.80 0 1151200.00 1151200.00
20/10/2006 11.80 11.55 11.82 11.55 0 700000.00 700000.00
23/10/2006 11.63 11.50 11.69 11.69 0 889200.00 889200.00
24/10/2006 11.61 11.60 11.77 11.76 0 1140300.00 1140300.00
25/10/2006 11.70 11.51 11.75 11.51 0 725900.00 725900.00
26/10/2006 11.74 11.55 11.74 11.57 0 721200.00 721200.00
27/10/2006 11.65 11.60 11.90 11.63 0 603700.00 603700.00
30/10/2006 11.63 11.55 11.94 11.89 0 832700.00 832700.00
31/10/2006 11.88 11.72 12.07 11.80 0 1037200.00 1037200.00
01/11/2006 11.84 11.80 12.08 11.84 0 468400.00 468400.00
02/11/2006 11.84 11.84 11.84 11.84 0 0.00 0.00
03/11/2006 11.87 11.62 11.88 11.75 0 721200.00 721200.00
06/11/2006 11.90 11.80 12.10 12.10 0 668600.00 668600.00
07/11/2006 12.07 11.81 12.51 12.40 0 585900.00 585900.00
08/11/2006 12.40 12.22 12.57 12.57 0 254600.00 254600.00
09/11/2006 12.59 12.31 12.69 12.50 0 756200.00 756200.00
10/11/2006 12.30 12.30 12.60 12.42 0 594700.00 594700.00
13/11/2006 12.30 12.21 12.49 12.39 0 1476000.00 1476000.00
14/11/2006 12.25 12.25 12.80 12.74 0 2107700.00 2107700.00
15/11/2006 12.74 12.74 12.74 12.74 0 0.00 0.00
16/11/2006 12.80 12.65 12.94 12.85 0 2520400.00 2520400.00
17/11/2006 12.85 12.55 12.85 12.80 0 598100.00 598100.00
20/11/2006 12.80 12.80 12.80 12.80 0 0.00 0.00
21/11/2006 12.80 12.37 13.04 12.99 0 964500.00 964500.00
22/11/2006 13.04 13.02 13.54 13.37 0 881600.00 881600.00
23/11/2006 13.50 13.50 14.19 13.51 0 782000.00 782000.00
24/11/2006 13.75 13.01 13.75 13.42 0 924900.00 924900.00
27/11/2006 13.40 13.15 13.47 13.30 0 1768100.00 1768100.00
28/11/2006 13.26 12.80 13.26 12.90 0 1309300.00 1309300.00
29/11/2006 13.10 12.91 13.15 13.04 0 1398900.00 1398900.00
30/11/2006 13.05 12.80 13.21 13.21 0 693700.00 693700.00
01/12/2006 13.24 12.71 13.25 12.75 0 1162900.00 1162900.00
04/12/2006 13.00 12.75 13.03 13.03 0 563900.00 563900.00
05/12/2006 12.92 12.78 13.10 12.78 0 1374500.00 1374500.00
06/12/2006 12.90 12.69 13.00 12.69 0 1050100.00 1050100.00
07/12/2006 12.80 12.40 12.84 12.47 0 1169000.00 1169000.00
08/12/2006 12.51 12.36 12.84 12.46 0 948600.00 948600.00
11/12/2006 12.58 12.52 12.70 12.60 0 617600.00 617600.00
12/12/2006 12.69 12.50 12.72 12.70 0 1056700.00 1056700.00
13/12/2006 12.70 12.62 12.84 12.80 0 1060900.00 1060900.00
14/12/2006 12.85 12.75 13.07 13.00 0 880000.00 880000.00
15/12/2006 13.02 13.00 13.27 13.15 0 730500.00 730500.00
18/12/2006 13.15 12.93 13.30 13.00 0 332800.00 332800.00
19/12/2006 12.99 12.75 13.10 12.99 0 732800.00 732800.00
20/12/2006 13.19 12.95 13.19 12.95 0 751600.00 751600.00
21/12/2006 13.14 13.01 13.24 13.08 0 478700.00 478700.00
22/12/2006 13.07 12.99 13.17 13.01 0 256500.00 256500.00
25/12/2006 13.01 13.01 13.01 13.01 0 0.00 0.00
26/12/2006 13.13 13.04 13.25 13.06 0 127000.00 127000.00
27/12/2006 13.00 13.00 13.30 13.27 0 611100.00 611100.00
28/12/2006 13.27 13.05 13.45 13.13 0 560600.00 560600.00
29/12/2006 13.13 13.13 13.13 13.13 0 0.00 0.00
01/01/2007 13.13 13.13 13.13 13.13 0 0.00 0.00
02/01/2007 13.13 13.13 13.72 13.65 0 907300.00 907300.00
03/01/2007 13.49 13.16 13.55 13.40 0 964800.00 964800.00
04/01/2007 13.30 13.06 13.36 13.33 0 985300.00 985300.00
05/01/2007 13.30 13.06 13.30 13.13 0 1644000.00 1644000.00
08/01/2007 13.16 13.02 13.26 13.15 0 1426200.00 1426200.00
09/01/2007 13.20 12.50 13.25 13.05 0 931300.00 931300.00
10/01/2007 12.85 12.46 13.02 12.70 0 2084100.00 2084100.00
11/01/2007 12.86 12.49 12.86 12.63 0 1292000.00 1292000.00
12/01/2007 12.69 12.35 12.75 12.38 0 1929700.00 1929700.00
15/01/2007 12.44 12.34 12.59 12.34 0 847400.00 847400.00
16/01/2007 12.41 12.03 12.46 12.11 0 2509200.00 2509200.00
17/01/2007 12.12 11.83 12.12 11.95 0 2053800.00 2053800.00
18/01/2007 12.09 11.94 12.30 11.98 0 1339900.00 1339900.00
19/01/2007 12.00 11.95 12.25 12.22 0 3042800.00 3042800.00
22/01/2007 12.32 12.00 12.44 12.10 0 2025600.00 2025600.00
23/01/2007 12.09 11.99 12.18 12.02 0 1282800.00 1282800.00
24/01/2007 12.07 11.90 12.08 11.90 0 1654600.00 1654600.00
25/01/2007 11.90 11.90 11.90 11.90 0 0.00 0.00
26/01/2007 11.79 11.62 11.83 11.79 0 837300.00 837300.00
29/01/2007 11.82 11.70 11.94 11.71 0 776000.00 776000.00
30/01/2007 11.79 11.57 11.80 11.67 0 995700.00 995700.00
31/01/2007 11.73 11.60 11.87 11.87 0 1446300.00 1446300.00
01/02/2007 11.92 11.75 12.04 11.78 0 1798200.00 1798200.00
02/02/2007 11.77 11.68 11.97 11.82 0 1780400.00 1780400.00
05/02/2007 11.83 11.57 11.83 11.67 0 975600.00 975600.00
06/02/2007 11.69 11.63 11.80 11.67 0 1076200.00 1076200.00
07/02/2007 11.75 11.57 11.81 11.61 0 1515700.00 1515700.00
08/02/2007 11.61 11.25 11.65 11.63 0 1246300.00 1246300.00
09/02/2007 11.70 11.40 11.73 11.54 0 1463800.00 1463800.00
12/02/2007 11.51 11.30 11.58 11.36 0 1056500.00 1056500.00
13/02/2007 11.34 11.34 11.70 11.70 0 1460300.00 1460300.00
14/02/2007 11.73 11.73 11.99 11.99 0 3227700.00 3227700.00
15/02/2007 11.99 11.88 12.10 12.09 0 2007000.00 2007000.00
16/02/2007 12.10 11.85 12.10 12.01 0 798600.00 798600.00
19/02/2007 12.01 12.01 12.01 12.01 0 0.00 0.00
20/02/2007 12.01 12.01 12.01 12.01 0 0.00 0.00
21/02/2007 11.95 11.72 12.00 12.00 0 1611300.00 1611300.00
22/02/2007 11.95 11.95 12.24 12.04 0 1341800.00 1341800.00
23/02/2007 12.09 11.80 12.09 11.82 0 502800.00 502800.00
26/02/2007 11.89 11.70 11.92 11.75 0 1009000.00 1009000.00
27/02/2007 11.40 11.20 11.62 11.20 0 2638400.00 2638400.00
28/02/2007 11.24 11.06 11.50 11.31 0 2434100.00 2434100.00
01/03/2007 11.20 11.00 11.47 11.30 0 4225900.00 4225900.00
02/03/2007 11.30 10.97 11.30 11.16 0 2267000.00 2267000.00
05/03/2007 11.02 10.97 11.29 11.15 0 1505400.00 1505400.00
06/03/2007 11.29 11.03 11.38 11.18 0 2263700.00 2263700.00
07/03/2007 11.20 10.85 11.29 10.95 0 707400.00 707400.00
08/03/2007 11.04 10.94 11.15 11.06 0 308200.00 308200.00
09/03/2007 11.10 11.04 11.22 11.19 0 739500.00 739500.00
12/03/2007 11.24 11.08 11.25 11.17 0 589300.00 589300.00
13/03/2007 11.10 10.81 11.10 10.90 0 1854100.00 1854100.00
14/03/2007 10.82 10.70 11.10 11.00 0 1459600.00 1459600.00
15/03/2007 11.10 10.82 11.11 10.89 0 977600.00 977600.00
16/03/2007 10.98 10.70 10.98 10.70 0 697800.00 697800.00
19/03/2007 10.88 10.71 11.00 10.83 0 958700.00 958700.00
20/03/2007 10.88 10.81 10.98 10.98 0 708200.00 708200.00
21/03/2007 10.86 10.73 10.96 10.93 0 1368600.00 1368600.00
22/03/2007 10.98 10.82 11.04 10.82 0 1100700.00 1100700.00
23/03/2007 10.89 10.81 10.96 10.95 0 511200.00 511200.00
26/03/2007 10.96 10.76 10.98 10.72 0 1177900.00 1177900.00
27/03/2007 10.85 10.55 10.85 10.55 0 1006700.00 1006700.00
28/03/2007 10.65 10.25 10.69 10.65 0 2348400.00 2348400.00
29/03/2007 10.80 10.60 10.80 10.62 0 1721500.00 1721500.00
30/03/2007 10.77 10.62 10.80 10.69 0 594800.00 594800.00
02/04/2007 10.69 10.58 10.82 10.62 0 2095700.00 2095700.00
03/04/2007 10.75 10.65 10.95 10.93 0 1910400.00 1910400.00
04/04/2007 10.90 10.76 10.95 10.76 0 1735100.00 1735100.00
05/04/2007 10.81 10.68 10.83 10.71 0 1402400.00 1402400.00
06/04/2007 10.71 10.71 10.71 10.71 0 0.00 0.00
09/04/2007 10.71 10.67 10.87 10.71 0 653600.00 653600.00
10/04/2007 10.77 10.77 11.40 11.25 0 2558800.00 2558800.00
11/04/2007 11.31 10.90 11.44 10.98 0 1584100.00 1584100.00
12/04/2007 11.04 10.90 11.24 11.21 0 1795700.00 1795700.00
13/04/2007 11.21 11.21 11.75 11.60 0 4299100.00 4299100.00
16/04/2007 11.61 11.60 11.92 11.70 0 2201300.00 2201300.00
17/04/2007 11.71 11.50 11.81 11.65 0 1721900.00 1721900.00
18/04/2007 11.64 11.46 11.64 11.50 0 1921000.00 1921000.00
19/04/2007 11.48 11.11 11.53 11.53 0 1285600.00 1285600.00
20/04/2007 11.55 11.45 11.64 11.56 0 1450800.00 1450800.00
23/04/2007 11.56 11.50 11.73 11.73 0 1380300.00 1380300.00
24/04/2007 11.72 11.43 11.75 11.52 0 830800.00 830800.00
25/04/2007 11.53 11.29 11.53 11.44 0 932600.00 932600.00
26/04/2007 11.40 11.30 11.48 11.32 0 694500.00 694500.00
27/04/2007 11.27 11.16 11.39 11.37 0 924500.00 924500.00
30/04/2007 11.40 11.00 11.50 11.00 0 1282800.00 1282800.00
01/05/2007 11.00 11.00 11.00 11.00 0 0.00 0.00
02/05/2007 11.22 11.02 11.30 11.30 0 1249200.00 1249200.00
03/05/2007 11.30 11.18 11.35 11.32 0 764800.00 764800.00
04/05/2007 11.31 11.30 11.50 11.48 0 704000.00 704000.00
07/05/2007 11.47 11.31 11.47 11.31 0 406900.00 406900.00
08/05/2007 11.32 11.16 11.35 11.20 0 473400.00 473400.00
09/05/2007 11.22 11.14 11.47 11.31 0 1018100.00 1018100.00
10/05/2007 11.31 11.11 11.41 11.20 0 1220900.00 1220900.00
11/05/2007 11.29 11.20 11.48 11.39 0 891900.00 891900.00
14/05/2007 11.39 11.16 11.46 11.20 0 265700.00 265700.00
15/05/2007 11.21 11.18 11.39 11.18 0 660900.00 660900.00
16/05/2007 11.22 11.21 11.37 11.27 0 853500.00 853500.00
17/05/2007 11.34 11.19 11.63 11.50 0 1182800.00 1182800.00
18/05/2007 11.60 11.50 11.83 11.83 0 2033100.00 2033100.00
21/05/2007 11.85 11.85 12.33 12.25 0 3223600.00 3223600.00
22/05/2007 12.23 11.94 12.32 11.98 0 2090800.00 2090800.00
23/05/2007 12.01 11.81 12.05 11.96 0 1696200.00 1696200.00
24/05/2007 11.92 11.45 12.05 11.45 0 2127400.00 2127400.00
25/05/2007 11.52 11.50 11.70 11.60 0 878900.00 878900.00
28/05/2007 11.65 11.64 11.80 11.75 0 301700.00 301700.00
29/05/2007 11.75 11.43 11.90 11.57 0 893700.00 893700.00
30/05/2007 11.49 11.40 11.68 11.60 0 1380600.00 1380600.00
31/05/2007 11.63 11.51 11.76 11.51 0 1027600.00 1027600.00
01/06/2007 11.57 11.52 11.78 11.75 0 1636300.00 1636300.00
04/06/2007 11.67 11.47 11.85 11.55 0 1641600.00 1641600.00
05/06/2007 11.61 11.51 11.72 11.70 0 1299900.00 1299900.00
06/06/2007 11.70 11.54 11.72 11.65 0 1540000.00 1540000.00
07/06/2007 11.65 11.65 11.65 11.65 0 0.00 0.00
08/06/2007 11.60 11.40 11.94 11.86 0 1763500.00 1763500.00
11/06/2007 11.91 11.84 12.37 12.33 0 3845100.00 3845100.00
12/06/2007 12.30 11.86 12.30 11.91 0 2254800.00 2254800.00
13/06/2007 11.99 11.99 12.45 12.31 0 3115100.00 3115100.00
14/06/2007 12.38 12.31 12.52 12.40 0 2362700.00 2362700.00
15/06/2007 12.44 12.40 12.73 12.68 0 2533800.00 2533800.00
18/06/2007 12.51 12.49 12.75 12.58 0 814900.00 814900.00
19/06/2007 12.55 12.43 12.74 12.50 0 2106000.00 2106000.00
20/06/2007 12.60 12.49 12.80 12.75 0 3244600.00 3244600.00
21/06/2007 12.80 12.70 13.30 13.08 0 3523400.00 3523400.00
22/06/2007 13.09 12.70 13.12 12.96 0 1330600.00 1330600.00
25/06/2007 12.77 12.76 13.05 13.00 0 1588000.00 1588000.00
26/06/2007 13.00 12.76 13.01 12.90 0 708400.00 708400.00
27/06/2007 12.87 12.65 12.87 12.75 0 2425200.00 2425200.00
28/06/2007 12.75 12.66 12.90 12.66 0 1398800.00 1398800.00
29/06/2007 12.66 12.65 12.89 12.88 0 1483400.00 1483400.00
02/07/2007 12.90 12.62 12.95 12.85 0 1491400.00 1491400.00
03/07/2007 12.89 12.76 13.00 12.89 0 721100.00 721100.00
04/07/2007 12.90 12.90 13.35 12.92 0 815900.00 815900.00
05/07/2007 13.02 12.70 13.10 13.09 0 1697000.00 1697000.00
06/07/2007 12.93 12.93 12.93 12.93 0 3529100.00 3529100.00
09/07/2007 12.93 12.93 12.93 12.93 0 0.00 0.00
10/07/2007 12.80 12.65 13.10 12.99 0 2793200.00 2793200.00
11/07/2007 13.05 12.80 13.10 12.94 0 2411800.00 2411800.00
12/07/2007 12.96 12.78 13.00 12.93 0 1050800.00 1050800.00
13/07/2007 12.94 12.81 13.19 12.90 0 1185100.00 1185100.00
16/07/2007 13.00 12.78 13.00 12.87 0 1777600.00 1777600.00
17/07/2007 12.87 12.78 13.25 13.25 0 4598300.00 4598300.00
18/07/2007 13.20 12.83 13.20 12.99 0 1985200.00 1985200.00
19/07/2007 13.00 12.88 13.16 13.01 0 2208300.00 2208300.00
20/07/2007 12.92 12.55 12.99 12.60 0 1879900.00 1879900.00
23/07/2007 12.64 12.58 12.71 12.70 0 1887600.00 1887600.00
24/07/2007 12.70 12.06 12.75 12.25 0 1748900.00 1748900.00
25/07/2007 12.32 11.75 12.45 12.00 0 2579500.00 2579500.00
26/07/2007 11.78 11.61 11.92 11.73 0 3649700.00 3649700.00
27/07/2007 11.62 11.39 12.09 11.39 0 1558400.00 1558400.00
30/07/2007 11.55 11.40 12.11 11.91 0 1300800.00 1300800.00
31/07/2007 12.10 11.90 12.18 11.90 0 1166800.00 1166800.00
01/08/2007 11.78 11.62 11.94 11.85 0 2461700.00 2461700.00
02/08/2007 11.93 11.78 12.00 11.95 0 1167300.00 1167300.00
03/08/2007 12.00 11.55 12.00 11.71 0 1386700.00 1386700.00
06/08/2007 11.71 11.42 11.78 11.62 0 1509100.00 1509100.00
07/08/2007 11.73 11.55 12.14 11.96 0 2838100.00 2838100.00
08/08/2007 11.96 11.96 12.40 12.15 0 1461300.00 1461300.00
09/08/2007 11.73 11.67 12.18 12.00 0 1058000.00 1058000.00
10/08/2007 11.80 11.00 11.98 11.72 0 2160900.00 2160900.00
13/08/2007 11.63 11.53 11.97 11.53 0 845700.00 845700.00
14/08/2007 11.59 11.20 11.80 11.20 0 1537100.00 1537100.00
15/08/2007 11.20 10.80 11.43 10.80 0 3632600.00 3632600.00
16/08/2007 10.50 10.31 11.08 10.90 0 4664500.00 4664500.00
17/08/2007 11.15 10.61 11.43 10.61 0 1881700.00 1881700.00
20/08/2007 10.80 10.76 11.12 10.90 0 1958100.00 1958100.00
21/08/2007 11.01 10.83 11.39 11.32 0 1093800.00 1093800.00
22/08/2007 11.35 11.35 12.20 12.20 0 2136000.00 2136000.00
23/08/2007 11.90 11.56 12.05 11.70 0 2509200.00 2509200.00
24/08/2007 11.75 11.58 12.00 12.00 0 2074800.00 2074800.00
27/08/2007 11.90 11.70 12.00 11.70 0 773500.00 773500.00
28/08/2007 11.70 11.53 11.75 11.70 0 2350900.00 2350900.00
29/08/2007 11.61 11.61 12.05 11.90 0 2570600.00 2570600.00
30/08/2007 11.90 11.72 12.06 11.81 0 1499100.00 1499100.00
31/08/2007 11.98 11.92 12.40 12.40 0 1902800.00 1902800.00
03/09/2007 12.32 12.08 12.36 12.15 0 507700.00 507700.00
04/09/2007 12.23 12.03 12.23 12.10 0 1184700.00 1184700.00
05/09/2007 12.09 11.86 12.58 12.38 0 1668700.00 1668700.00
06/09/2007 12.44 12.26 12.59 12.36 0 2260500.00 2260500.00
07/09/2007 12.36 12.36 12.36 12.36 0 0.00 0.00
10/09/2007 12.00 11.65 12.20 11.83 0 1731200.00 1731200.00
11/09/2007 11.85 11.80 12.17 12.13 0 1087200.00 1087200.00
12/09/2007 12.11 11.89 12.36 12.32 0 1032100.00 1032100.00
13/09/2007 12.30 12.26 12.45 12.45 0 1859500.00 1859500.00
14/09/2007 12.39 12.32 12.75 12.60 0 1333800.00 1333800.00
17/09/2007 12.50 12.37 12.65 12.60 0 862400.00 862400.00
18/09/2007 12.55 12.50 12.98 12.83 0 2903700.00 2903700.00
19/09/2007 12.85 12.78 13.05 12.97 0 1859000.00 1859000.00
20/09/2007 12.79 12.50 12.94 12.80 0 2953300.00 2953300.00
21/09/2007 12.75 12.61 13.10 12.92 0 3620000.00 3620000.00
24/09/2007 12.97 12.89 13.09 13.07 0 1340200.00 1340200.00
25/09/2007 12.86 12.82 13.05 12.95 0 1346600.00 1346600.00
26/09/2007 13.04 12.81 13.04 12.81 0 1501800.00 1501800.00
27/09/2007 12.90 12.81 13.12 13.12 0 2746300.00 2746300.00
28/09/2007 13.00 12.82 13.56 13.44 0 2914400.00 2914400.00
01/10/2007 13.44 13.42 14.00 13.82 0 2481100.00 2481100.00
02/10/2007 13.79 13.26 13.79 13.26 0 2959100.00 2959100.00
03/10/2007 13.25 13.25 13.66 13.41 0 3559600.00 3559600.00
04/10/2007 13.50 12.99 13.52 12.99 0 1505700.00 1505700.00
05/10/2007 13.21 13.02 13.49 13.38 0 3776700.00 3776700.00
08/10/2007 13.38 13.01 13.75 13.75 0 2449400.00 2449400.00
09/10/2007 13.75 13.46 13.85 13.77 0 2866300.00 2866300.00
10/10/2007 13.76 13.23 13.76 13.32 0 1623100.00 1623100.00
11/10/2007 13.50 13.01 13.50 13.20 0 1868400.00 1868400.00
12/10/2007 13.20 13.20 13.20 13.20 0 0.00 0.00
15/10/2007 13.45 13.07 13.45 13.20 0 1861200.00 1861200.00
16/10/2007 12.99 12.50 13.40 12.97 0 1895700.00 1895700.00
17/10/2007 13.02 12.90 13.23 13.05 0 2020600.00 2020600.00
18/10/2007 13.04 12.84 13.44 13.44 0 1707300.00 1707300.00
19/10/2007 13.45 13.00 13.45 13.38 0 1582600.00 1582600.00
22/10/2007 13.13 12.97 13.30 13.25 0 1182400.00 1182400.00
23/10/2007 13.20 13.20 13.75 13.54 0 2871100.00 2871100.00
24/10/2007 13.59 13.35 13.72 13.56 0 2878900.00 2878900.00
25/10/2007 13.70 13.40 13.73 13.42 0 1681500.00 1681500.00
26/10/2007 13.68 13.47 13.80 13.80 0 1454900.00 1454900.00
29/10/2007 13.79 13.41 13.81 13.45 0 1508600.00 1508600.00
30/10/2007 13.48 13.28 13.50 13.40 0 1776200.00 1776200.00
31/10/2007 13.55 13.07 13.55 13.25 0 1433400.00 1433400.00
01/11/2007 13.02 12.93 13.32 12.95 0 1608900.00 1608900.00
02/11/2007 12.95 12.95 12.95 12.95 0 0.00 0.00
05/11/2007 12.99 12.95 13.42 13.23 0 1889500.00 1889500.00
06/11/2007 13.30 13.15 13.49 13.26 0 1558700.00 1558700.00
07/11/2007 13.15 13.00 13.29 13.22 0 1561800.00 1561800.00
08/11/2007 13.30 12.35 13.30 12.45 0 2660700.00 2660700.00
09/11/2007 12.62 12.02 12.62 12.30 0 2535500.00 2535500.00
12/11/2007 12.16 11.73 12.50 11.92 0 2315000.00 2315000.00
13/11/2007 11.99 11.82 12.90 12.90 0 2503800.00 2503800.00
14/11/2007 13.00 12.80 13.22 13.22 0 3159800.00 3159800.00
15/11/2007 13.22 13.22 13.22 13.22 0 0.00 0.00
16/11/2007 12.99 12.58 13.16 12.96 0 2658400.00 2658400.00
19/11/2007 12.96 12.08 12.96 12.08 0 1671900.00 1671900.00
20/11/2007 12.08 12.08 12.08 12.08 0 0.00 0.00
21/11/2007 12.11 11.45 12.13 11.92 0 2726600.00 2726600.00
22/11/2007 12.05 11.72 12.05 11.88 0 1014300.00 1014300.00
23/11/2007 12.17 11.90 12.45 12.42 0 1913500.00 1913500.00
26/11/2007 12.44 12.10 12.59 12.20 0 2088400.00 2088400.00
27/11/2007 12.15 12.06 12.76 12.68 0 2118600.00 2118600.00
28/11/2007 12.80 12.65 13.49 13.19 0 4474900.00 4474900.00
29/11/2007 13.18 13.10 13.76 13.54 0 4566200.00 4566200.00
30/11/2007 13.65 13.30 13.98 13.98 0 2811800.00 2811800.00
03/12/2007 13.90 13.45 13.91 13.52 0 1441700.00 1441700.00
04/12/2007 13.41 13.27 13.84 13.70 0 1982400.00 1982400.00
05/12/2007 13.80 13.55 13.94 13.55 0 1447300.00 1447300.00
06/12/2007 13.79 13.55 14.06 14.06 0 1325700.00 1325700.00
07/12/2007 14.00 13.60 14.15 13.78 0 1500300.00 1500300.00
10/12/2007 13.85 13.53 13.98 13.90 0 1075000.00 1075000.00
11/12/2007 13.97 13.28 14.04 13.28 0 1103100.00 1103100.00
12/12/2007 13.48 13.00 13.80 13.00 0 2681100.00 2681100.00
13/12/2007 12.94 12.56 13.00 12.93 0 1362100.00 1362100.00
14/12/2007 13.05 12.60 13.08 12.82 0 1267300.00 1267300.00
17/12/2007 12.55 12.51 12.83 12.52 0 2094000.00 2094000.00
18/12/2007 12.61 12.10 12.87 12.32 0 2728200.00 2728200.00
19/12/2007 12.34 12.18 12.64 12.40 0 1235100.00 1235100.00
20/12/2007 12.64 12.34 12.87 12.66 0 1339900.00 1339900.00
21/12/2007 12.88 12.44 13.12 12.86 0 1941200.00 1941200.00
24/12/2007 12.86 12.86 12.86 12.86 0 0.00 0.00
25/12/2007 12.86 12.86 12.86 12.86 0 0.00 0.00
26/12/2007 12.95 12.92 13.21 12.95 0 1327500.00 1327500.00
27/12/2007 13.00 12.90 13.20 13.12 0 1049600.00 1049600.00
28/12/2007 13.16 12.90 13.24 12.91 0 1473700.00 1473700.00
31/12/2007 12.91 12.91 12.91 12.91 0 0.00 0.00
01/01/2008 12.91 12.91 12.91 12.91 0 0.00 0.00
02/01/2008 12.70 12.70 13.20 12.85 0 2318700.00 2318700.00
03/01/2008 12.85 12.77 13.01 12.90 0 939100.00 939100.00
04/01/2008 13.07 12.36 13.07 12.36 0 2019000.00 2019000.00
07/01/2008 12.50 12.35 12.89 12.38 0 4297900.00 4297900.00
08/01/2008 12.75 12.48 12.75 12.60 0 2145600.00 2145600.00
09/01/2008 12.50 12.35 12.76 12.65 0 3231500.00 3231500.00
10/01/2008 12.65 12.55 13.11 13.00 0 2865200.00 2865200.00
11/01/2008 13.05 12.10 13.10 12.10 0 4142600.00 4142600.00
14/01/2008 12.32 11.95 12.35 12.19 0 1035700.00 1035700.00
15/01/2008 12.10 11.72 12.48 11.75 0 2269900.00 2269900.00
16/01/2008 11.49 11.46 11.85 11.55 0 2114500.00 2114500.00
17/01/2008 11.60 11.21 11.80 11.26 0 1038400.00 1038400.00
18/01/2008 11.20 11.14 11.58 11.25 0 1300900.00 1300900.00
21/01/2008 11.12 10.52 11.12 11.00 0 982800.00 982800.00
22/01/2008 10.80 10.71 11.41 11.28 0 1860400.00 1860400.00
23/01/2008 11.40 10.89 11.71 11.64 0 2215000.00 2215000.00
24/01/2008 12.11 11.60 12.17 11.76 0 1674500.00 1674500.00
25/01/2008 11.76 11.76 11.76 11.76 0 0.00 0.00
28/01/2008 11.70 11.42 12.00 11.84 0 1348200.00 1348200.00
29/01/2008 11.78 11.78 12.44 12.30 0 3325700.00 3325700.00
30/01/2008 12.25 12.24 12.62 12.62 0 859900.00 859900.00
31/01/2008 12.45 12.06 12.57 12.49 0 1159000.00 1159000.00
01/02/2008 12.69 12.30 13.10 13.10 0 1715300.00 1715300.00
04/02/2008 13.10 13.10 13.10 13.10 0 0.00 0.00
05/02/2008 13.10 13.10 13.10 13.10 0 0.00 0.00
06/02/2008 12.72 12.05 12.72 12.05 0 1081600.00 1081600.00
07/02/2008 12.01 11.70 12.06 11.97 0 3565100.00 3565100.00
08/02/2008 12.01 11.73 12.36 12.34 0 1509300.00 1509300.00
11/02/2008 12.35 12.24 12.72 12.50 0 1334000.00 1334000.00
12/02/2008 12.57 12.57 13.05 12.65 0 2496300.00 2496300.00
13/02/2008 12.80 12.38 12.98 12.40 0 2818800.00 2818800.00
14/02/2008 12.55 12.45 12.77 12.55 0 1091300.00 1091300.00
15/02/2008 12.45 12.17 12.50 12.40 0 479900.00 479900.00
18/02/2008 12.50 12.38 12.88 12.88 0 270300.00 270300.00
19/02/2008 12.90 12.48 13.05 12.54 0 1485100.00 1485100.00
20/02/2008 12.54 12.50 12.90 12.82 0 1071000.00 1071000.00
21/02/2008 12.88 12.55 13.00 12.85 0 675800.00 675800.00
22/02/2008 12.85 12.40 12.99 12.64 0 1659400.00 1659400.00
25/02/2008 12.60 12.30 12.98 12.98 0 1623200.00 1623200.00
26/02/2008 12.81 12.46 12.98 12.60 0 2024900.00 2024900.00
27/02/2008 12.60 12.54 12.98 12.71 0 1472500.00 1472500.00
28/02/2008 12.62 12.41 12.72 12.60 0 1255000.00 1255000.00
29/02/2008 12.59 11.91 12.59 12.23 0 2330800.00 2330800.00
03/03/2008 12.21 12.01 12.48 12.17 0 2288700.00 2288700.00
04/03/2008 12.24 11.90 12.24 12.00 0 3193100.00 3193100.00
05/03/2008 12.10 12.01 12.45 12.39 0 3304300.00 3304300.00
06/03/2008 12.37 12.05 12.45 12.08 0 2704100.00 2704100.00
07/03/2008 12.10 11.58 12.15 11.98 0 1978600.00 1978600.00
10/03/2008 11.76 11.35 11.93 11.47 0 1318500.00 1318500.00
11/03/2008 11.66 11.21 11.78 11.40 0 1892800.00 1892800.00
12/03/2008 11.52 11.25 11.52 11.42 0 1501900.00 1501900.00
13/03/2008 11.33 11.10 11.75 11.71 0 2290800.00 2290800.00
14/03/2008 11.69 11.28 11.84 11.84 0 1301500.00 1301500.00
17/03/2008 11.84 11.84 11.84 11.84 0 0.00 0.00
18/03/2008 11.51 11.48 11.82 11.78 0 1700200.00 1700200.00
19/03/2008 11.65 11.28 11.94 11.30 0 1377800.00 1377800.00
20/03/2008 11.34 11.15 11.65 11.60 0 1326400.00 1326400.00
21/03/2008 11.60 11.60 11.60 11.60 0 0.00 0.00
24/03/2008 11.69 11.56 12.10 11.84 0 1784700.00 1784700.00
25/03/2008 12.00 11.99 12.41 12.26 0 1828800.00 1828800.00
26/03/2008 12.20 11.98 12.35 12.30 0 845000.00 845000.00
27/03/2008 12.02 11.98 12.35 12.09 0 1026200.00 1026200.00
28/03/2008 12.10 11.51 12.15 11.64 0 1115700.00 1115700.00
31/03/2008 11.62 11.50 12.09 11.97 0 1138700.00 1138700.00
01/04/2008 11.99 11.99 12.68 12.65 0 1265500.00 1265500.00
02/04/2008 12.65 12.53 12.95 12.60 0 994800.00 994800.00
03/04/2008 12.60 12.52 12.97 12.86 0 1008700.00 1008700.00
04/04/2008 12.65 12.45 12.95 12.51 0 1656600.00 1656600.00
07/04/2008 12.54 12.33 13.44 12.95 0 3146100.00 3146100.00
08/04/2008 13.14 12.90 13.44 13.20 0 1935200.00 1935200.00
09/04/2008 13.14 12.87 13.23 12.92 0 686700.00 686700.00
10/04/2008 13.15 12.71 13.15 12.82 0 1148500.00 1148500.00
11/04/2008 12.82 12.70 13.03 12.79 0 661000.00 661000.00
14/04/2008 12.71 12.70 13.17 12.98 0 1153000.00 1153000.00
15/04/2008 13.00 12.90 13.15 13.03 0 1037400.00 1037400.00
16/04/2008 13.08 12.84 13.25 13.02 0 1595800.00 1595800.00
17/04/2008 13.14 12.64 13.14 12.64 0 1235300.00 1235300.00
18/04/2008 12.82 12.65 12.96 12.65 0 1164500.00 1164500.00
22/04/2008 13.08 12.90 13.12 12.97 0 1287000.00 1287000.00
23/04/2008 12.97 12.82 13.25 13.00 0 2005800.00 2005800.00
24/04/2008 12.87 12.82 13.16 13.03 0 785800.00 785800.00
25/04/2008 13.10 12.86 13.25 13.03 0 1243000.00 1243000.00
28/04/2008 13.14 13.14 13.71 13.35 0 1937900.00 1937900.00
29/04/2008 13.38 12.80 13.43 12.80 0 1275500.00 1275500.00
30/04/2008 12.90 12.89 13.80 13.40 0 2405100.00 2405100.00
02/05/2008 13.69 13.00 13.69 13.30 0 4897400.00 4897400.00
05/05/2008 13.30 13.11 13.56 13.43 0 1655400.00 1655400.00
06/05/2008 13.53 13.35 14.08 13.90 0 2581400.00 2581400.00
07/05/2008 14.10 13.60 14.14 13.84 0 1189400.00 1189400.00
08/05/2008 13.82 13.70 14.01 13.90 0 1490700.00 1490700.00
09/05/2008 13.80 13.42 13.82 13.60 0 787100.00 787100.00
12/05/2008 13.72 13.57 14.50 14.41 0 2621800.00 2621800.00
13/05/2008 14.41 14.23 14.51 14.40 0 1551900.00 1551900.00
14/05/2008 14.41 14.30 14.63 14.30 0 1572500.00 1572500.00
15/05/2008 14.53 14.19 14.65 14.28 0 1298500.00 1298500.00
16/05/2008 14.50 14.15 14.50 14.32 0 1374100.00 1374100.00
19/05/2008 14.40 14.15 15.09 14.79 0 1542800.00 1542800.00
20/05/2008 14.50 14.15 14.58 14.40 0 1581200.00 1581200.00
21/05/2008 14.25 14.05 14.59 14.13 0 1553200.00 1553200.00
23/05/2008 14.26 14.15 14.49 14.20 0 1605200.00 1605200.00
26/05/2008 14.34 14.19 14.76 14.60 0 863400.00 863400.00
27/05/2008 14.60 14.01 14.69 14.26 0 1452400.00 1452400.00
28/05/2008 14.31 14.24 14.77 14.52 0 1118900.00 1118900.00
29/05/2008 14.58 14.32 15.00 14.74 0 1848500.00 1848500.00
30/05/2008 14.90 14.56 15.00 14.56 0 1104700.00 1104700.00
02/06/2008 14.69 14.40 14.80 14.50 0 1554700.00 1554700.00
03/06/2008 14.67 14.20 14.70 14.47 0 1545600.00 1545600.00
04/06/2008 14.50 14.25 14.57 14.30 0 932600.00 932600.00
05/06/2008 14.35 14.35 14.70 14.52 0 864400.00 864400.00
06/06/2008 14.69 14.26 14.70 14.26 0 885100.00 885100.00
10/06/2008 13.89 13.63 13.99 13.90 0 853900.00 853900.00
11/06/2008 13.88 13.60 14.05 13.83 0 966200.00 966200.00
12/06/2008 14.19 13.64 14.27 13.97 0 754000.00 754000.00
13/06/2008 14.03 13.42 14.05 13.59 0 1301100.00 1301100.00
16/06/2008 13.55 13.23 13.55 13.23 0 2268800.00 2268800.00
17/06/2008 13.40 13.15 13.75 13.46 0 843600.00 843600.00
18/06/2008 13.36 12.91 13.65 12.97 0 1665900.00 1665900.00
19/06/2008 13.10 12.67 13.16 12.67 0 935900.00 935900.00
20/06/2008 12.86 12.63 12.96 12.81 0 1375000.00 1375000.00
23/06/2008 12.95 12.29 12.99 12.34 0 1918200.00 1918200.00
24/06/2008 12.48 12.27 12.72 12.56 0 1551700.00 1551700.00
25/06/2008 12.60 12.20 12.60 12.30 0 1416900.00 1416900.00
26/06/2008 12.19 11.82 12.20 11.82 0 1333200.00 1333200.00
27/06/2008 11.86 11.80 12.19 11.86 0 2056400.00 2056400.00
30/06/2008 11.99 11.72 12.08 11.72 0 2067400.00 2067400.00
01/07/2008 11.74 11.35 11.89 11.50 0 1583700.00 1583700.00
02/07/2008 11.63 11.35 11.80 11.51 0 1545500.00 1545500.00
03/07/2008 11.62 11.35 11.66 11.35 0 2210300.00 2210300.00
04/07/2008 11.10 11.08 11.54 11.15 0 957600.00 957600.00
07/07/2008 11.22 10.94 11.48 10.95 0 1734900.00 1734900.00
08/07/2008 11.00 10.80 11.22 11.22 0 2341200.00 2341200.00
10/07/2008 11.22 10.95 11.32 11.26 0 3118300.00 3118300.00
11/07/2008 11.30 10.92 11.34 11.15 0 940500.00 940500.00
14/07/2008 11.34 10.99 11.42 11.05 0 2351200.00 2351200.00
15/07/2008 10.85 10.52 11.23 10.94 0 2253500.00 2253500.00
16/07/2008 11.12 10.95 11.70 11.54 0 2047300.00 2047300.00
17/07/2008 11.70 11.36 11.89 11.40 0 2247600.00 2247600.00
18/07/2008 11.59 11.08 11.59 11.10 0 1489100.00 1489100.00
21/07/2008 11.20 11.07 11.35 11.13 0 1128400.00 1128400.00
22/07/2008 11.14 10.83 11.19 11.19 0 1542100.00 1542100.00
23/07/2008 11.20 11.11 11.65 11.44 0 3220400.00 3220400.00
24/07/2008 11.36 10.92 11.61 10.92 0 1493300.00 1493300.00
25/07/2008 10.90 10.37 10.97 10.46 0 2355200.00 2355200.00
28/07/2008 10.61 10.40 10.72 10.41 0 1130300.00 1130300.00
29/07/2008 10.50 10.47 10.65 10.50 0 2987300.00 2987300.00
30/07/2008 10.69 10.53 10.78 10.76 0 1937500.00 1937500.00
31/07/2008 10.89 10.63 10.99 10.90 0 3001000.00 3001000.00
01/08/2008 10.90 10.48 10.94 10.70 0 1602700.00 1602700.00
04/08/2008 10.66 10.12 10.79 10.15 0 2625700.00 2625700.00
05/08/2008 10.25 10.24 10.57 10.50 0 2473900.00 2473900.00
06/08/2008 10.15 9.95 10.61 10.48 0 11847500.00 11847500.00
07/08/2008 10.60 10.44 10.65 10.55 0 2606200.00 2606200.00
08/08/2008 10.48 10.48 10.90 10.79 0 2864800.00 2864800.00
11/08/2008 10.80 9.90 10.85 9.92 0 2573500.00 2573500.00
12/08/2008 10.09 9.75 10.24 9.75 0 1686800.00 1686800.00
13/08/2008 9.77 9.40 9.87 9.45 0 3806400.00 3806400.00
14/08/2008 9.58 9.44 9.73 9.55 0 2738200.00 2738200.00
15/08/2008 9.69 9.41 9.69 9.43 0 1922300.00 1922300.00
18/08/2008 9.44 9.36 9.68 9.53 0 956600.00 956600.00
19/08/2008 9.31 9.28 9.54 9.30 0 1320600.00 1320600.00
20/08/2008 9.40 9.29 9.45 9.33 0 1077300.00 1077300.00
21/08/2008 9.35 9.21 9.47 9.23 0 997600.00 997600.00
22/08/2008 9.25 9.07 9.33 9.07 0 1984600.00 1984600.00
25/08/2008 9.17 8.96 9.19 8.98 0 783800.00 783800.00
26/08/2008 8.98 8.95 9.14 9.05 0 1799800.00 1799800.00
27/08/2008 9.10 8.78 9.10 8.81 0 1222100.00 1222100.00
28/08/2008 8.86 8.79 9.29 9.29 0 1351400.00 1351400.00
29/08/2008 9.35 8.97 9.59 8.97 0 1968900.00 1968900.00
01/09/2008 9.04 8.95 9.25 9.23 0 485600.00 485600.00
02/09/2008 9.07 8.96 9.14 8.96 0 1083900.00 1083900.00
03/09/2008 9.04 8.65 9.15 8.84 0 1760100.00 1760100.00
04/09/2008 8.88 8.64 8.94 8.66 0 1865200.00 1865200.00
05/09/2008 8.65 8.50 9.22 9.11 0 1621100.00 1621100.00
08/09/2008 9.10 9.00 9.45 9.09 0 2302000.00 2302000.00
09/09/2008 9.16 9.01 9.24 9.05 0 2757300.00 2757300.00
10/09/2008 9.10 8.95 9.44 9.29 0 1859400.00 1859400.00
11/09/2008 9.17 9.00 9.32 9.32 0 1128500.00 1128500.00
12/09/2008 9.28 9.08 9.30 9.15 0 3685600.00 3685600.00
15/09/2008 8.70 8.45 9.15 8.60 0 3094100.00 3094100.00
16/09/2008 8.39 8.18 8.54 8.42 0 1610500.00 1610500.00
17/09/2008 8.34 7.55 8.36 7.55 0 2306200.00 2306200.00
18/09/2008 7.61 7.60 8.40 8.38 0 4356400.00 4356400.00
19/09/2008 8.89 8.72 9.20 8.85 0 2765500.00 2765500.00
22/09/2008 9.00 8.50 9.25 8.66 0 2476800.00 2476800.00
23/09/2008 8.59 8.43 8.85 8.56 0 1382000.00 1382000.00
24/09/2008 8.70 8.21 8.84 8.21 0 1196100.00 1196100.00
25/09/2008 8.32 8.32 8.63 8.50 0 1721700.00 1721700.00
26/09/2008 7.30 6.64 7.38 7.00 0 10366600.00 10366600.00
29/09/2008 6.60 6.28 6.91 6.41 0 3741600.00 3741600.00
30/09/2008 6.59 6.39 7.05 6.73 0 1927900.00 1927900.00
01/10/2008 6.85 6.73 6.94 6.85 0 1098100.00 1098100.00
02/10/2008 6.99 6.16 6.99 6.45 0 1572600.00 1572600.00
03/10/2008 5.85 4.71 5.95 4.85 0 13167900.00 13167900.00
06/10/2008 4.49 3.70 4.49 4.10 0 6512100.00 6512100.00
07/10/2008 4.08 3.49 4.43 3.55 0 5086100.00 5086100.00
08/10/2008 3.40 3.19 3.61 3.30 0 4851700.00 4851700.00
09/10/2008 3.50 2.90 3.75 3.00 0 3743100.00 3743100.00
10/10/2008 2.75 2.55 2.97 2.97 0 4819300.00 4819300.00
13/10/2008 3.25 3.02 3.50 3.39 0 6325600.00 6325600.00
14/10/2008 3.84 3.73 4.40 3.91 0 4829100.00 4829100.00
15/10/2008 3.70 3.60 4.20 3.90 0 6181900.00 6181900.00
16/10/2008 4.00 3.40 4.10 3.69 0 4569400.00 4569400.00
17/10/2008 3.70 3.33 3.72 3.33 0 3212100.00 3212100.00
20/10/2008 3.54 3.34 3.54 3.45 0 3290600.00 3290600.00
21/10/2008 3.35 3.21 3.44 3.27 0 4030800.00 4030800.00
22/10/2008 3.15 2.81 3.21 2.84 0 5650200.00 5650200.00
23/10/2008 2.75 2.48 2.81 2.55 0 5209200.00 5209200.00
24/10/2008 2.35 2.16 2.51 2.20 0 6081300.00 6081300.00
27/10/2008 2.20 1.93 2.30 1.94 0 5173000.00 5173000.00
28/10/2008 2.13 1.93 2.25 2.07 0 12444500.00 12444500.00
29/10/2008 2.12 1.99 2.22 2.01 0 9428200.00 9428200.00
30/10/2008 2.13 2.10 2.60 2.50 0 11100300.00 11100300.00
31/10/2008 2.52 2.38 2.90 2.56 0 10562900.00 10562900.00
03/11/2008 2.65 2.64 2.94 2.74 0 4725600.00 4725600.00
04/11/2008 2.93 2.86 3.04 2.97 0 11407900.00 11407900.00
05/11/2008 2.98 2.83 3.30 2.86 0 8650800.00 8650800.00
06/11/2008 2.75 2.50 2.75 2.66 0 7079800.00 7079800.00
07/11/2008 2.73 2.50 2.84 2.61 0 6150100.00 6150100.00
10/11/2008 2.75 2.42 2.80 2.46 0 4753300.00 4753300.00
11/11/2008 2.39 2.27 2.46 2.41 0 4930300.00 4930300.00
12/11/2008 2.37 2.16 2.41 2.20 0 4508000.00 4508000.00
13/11/2008 2.19 2.13 2.43 2.42 0 4199700.00 4199700.00
14/11/2008 2.47 2.26 2.56 2.33 0 3728800.00 3728800.00
17/11/2008 2.28 2.23 2.40 2.31 0 2950200.00 2950200.00
18/11/2008 2.25 2.16 2.32 2.19 0 3623000.00 3623000.00
19/11/2008 2.20 2.10 2.27 2.12 0 4415000.00 4415000.00
21/11/2008 2.06 1.95 2.13 1.95 0 5158800.00 5158800.00
24/11/2008 2.13 2.06 2.16 2.07 0 3349000.00 3349000.00
25/11/2008 2.07 2.04 2.15 2.10 0 3931800.00 3931800.00
26/11/2008 2.13 2.01 2.30 2.06 0 9443800.00 9443800.00
27/11/2008 2.08 2.03 2.13 2.04 0 3092200.00 3092200.00
28/11/2008 2.04 1.83 2.06 1.92 0 12957300.00 12957300.00
01/12/2008 1.92 1.77 1.96 1.77 0 9752900.00 9752900.00
02/12/2008 1.80 1.76 1.86 1.76 0 6837300.00 6837300.00
03/12/2008 1.77 1.72 1.80 1.79 0 4333000.00 4333000.00
04/12/2008 1.88 1.81 1.95 1.86 0 6106800.00 6106800.00
05/12/2008 1.84 1.75 1.85 1.83 0 6259000.00 6259000.00
08/12/2008 1.93 1.90 1.97 1.95 0 6831700.00 6831700.00
09/12/2008 1.98 1.87 1.99 1.89 0 7479400.00 7479400.00
10/12/2008 1.94 1.88 1.96 1.88 0 7727400.00 7727400.00
11/12/2008 1.88 1.87 1.92 1.88 0 8771000.00 8771000.00
12/12/2008 1.83 1.79 1.91 1.91 0 4237500.00 4237500.00
15/12/2008 1.95 1.90 1.97 1.90 0 7340100.00 7340100.00
16/12/2008 1.93 1.91 1.96 1.95 0 6569300.00 6569300.00
17/12/2008 1.96 1.93 2.00 1.96 0 8187100.00 8187100.00
18/12/2008 1.99 1.98 2.16 2.08 0 10877200.00 10877200.00
19/12/2008 2.08 2.06 2.24 2.18 0 8923400.00 8923400.00
22/12/2008 2.25 2.17 2.36 2.29 0 9241600.00 9241600.00
23/12/2008 2.33 2.21 2.39 2.26 0 7252400.00 7252400.00
26/12/2008 2.28 2.12 2.29 2.28 0 3796800.00 3796800.00
29/12/2008 2.30 2.29 2.35 2.35 0 3418200.00 3418200.00
30/12/2008 2.37 2.35 2.49 2.49 0 11155100.00 11155100.00
02/01/2009 2.55 2.54 2.72 2.71 0 5851300.00 5851300.00
05/01/2009 2.73 2.57 2.73 2.69 0 9833700.00 9833700.00
06/01/2009 2.70 2.66 2.73 2.72 0 7904300.00 7904300.00
07/01/2009 2.70 2.68 3.15 2.97 0 14613300.00 14613300.00
08/01/2009 3.08 2.91 3.18 2.93 0 15565300.00 15565300.00
09/01/2009 2.97 2.78 2.99 2.80 0 11512400.00 11512400.00
12/01/2009 2.75 2.53 2.75 2.53 0 10358700.00 10358700.00
13/01/2009 2.45 2.35 2.70 2.65 0 9981700.00 9981700.00
14/01/2009 2.66 2.62 2.84 2.72 0 13123700.00 13123700.00
15/01/2009 2.74 2.51 2.78 2.76 0 12131100.00 12131100.00
16/01/2009 2.81 2.65 2.84 2.66 0 7147500.00 7147500.00
19/01/2009 2.70 2.60 2.71 2.65 0 3774300.00 3774300.00
20/01/2009 2.39 2.21 2.54 2.35 0 56443600.00 56443600.00
21/01/2009 2.32 2.02 2.33 2.05 0 33765700.00 33765700.00
22/01/2009 2.10 2.05 2.21 2.09 0 20804600.00 20804600.00
23/01/2009 2.05 2.03 2.18 2.13 0 13952500.00 13952500.00
26/01/2009 2.14 2.10 2.17 2.12 0 5789200.00 5789200.00
27/01/2009 2.12 2.07 2.14 2.10 0 5301400.00 5301400.00
28/01/2009 2.12 2.09 2.14 2.12 0 6673600.00 6673600.00
29/01/2009 2.11 2.02 2.12 2.02 0 9988900.00 9988900.00
30/01/2009 2.02 1.97 2.04 1.99 0 7242200.00 7242200.00
02/02/2009 1.97 1.93 1.97 1.93 0 6307300.00 6307300.00
03/02/2009 1.96 1.94 1.98 1.94 0 6968800.00 6968800.00
04/02/2009 1.95 1.92 1.97 1.93 0 6387500.00 6387500.00
05/02/2009 1.93 1.91 1.97 1.92 0 8077400.00 8077400.00
06/02/2009 1.94 1.90 1.97 1.91 0 14759400.00 14759400.00
09/02/2009 1.91 1.89 1.96 1.90 0 11526700.00 11526700.00
10/02/2009 1.91 1.84 1.93 1.84 0 10082700.00 10082700.00
11/02/2009 1.85 1.79 1.86 1.80 0 10614200.00 10614200.00
12/02/2009 1.78 1.76 1.80 1.78 0 6741500.00 6741500.00
13/02/2009 1.85 1.81 1.85 1.83 0 6566500.00 6566500.00
16/02/2009 1.83 1.82 1.90 1.89 0 4370800.00 4370800.00
17/02/2009 1.86 1.77 1.88 1.78 0 11987300.00 11987300.00
18/02/2009 1.79 1.78 1.83 1.79 0 8580900.00 8580900.00
19/02/2009 1.81 1.78 1.82 1.78 0 4607300.00 4607300.00
20/02/2009 1.76 1.75 1.81 1.80 0 6406600.00 6406600.00
25/02/2009 1.74 1.73 1.81 1.77 0 4750200.00 4750200.00
26/02/2009 1.79 1.73 1.80 1.73 0 5442500.00 5442500.00
27/02/2009 1.72 1.69 1.75 1.71 0 5658200.00 5658200.00
02/03/2009 1.69 1.57 1.69 1.57 0 9169100.00 9169100.00
03/03/2009 1.59 1.49 1.60 1.53 0 14736000.00 14736000.00
04/03/2009 1.56 1.54 1.57 1.55 0 5462000.00 5462000.00
05/03/2009 1.53 1.44 1.53 1.44 0 10577000.00 10577000.00
06/03/2009 1.47 1.34 1.50 1.38 0 14760900.00 14760900.00
09/03/2009 1.35 1.28 1.37 1.28 0 11270900.00 11270900.00
10/03/2009 1.30 1.25 1.32 1.30 0 12154200.00 12154200.00
11/03/2009 1.31 1.27 1.33 1.30 0 9041400.00 9041400.00
12/03/2009 1.30 1.29 1.44 1.40 0 19874300.00 19874300.00
13/03/2009 1.43 1.40 1.48 1.40 0 14296900.00 14296900.00
16/03/2009 1.42 1.41 1.46 1.41 0 8625500.00 8625500.00
17/03/2009 1.42 1.42 1.50 1.50 0 8556400.00 8556400.00
