01/01/2003 3266.67 3266.67 3266.67 3266.67 0 0.00 0.00
02/01/2003 3300.00 3266.67 3323.33 3280.00 0 324000.00 324000.00
03/01/2003 3280.00 3276.67 3333.33 3276.67 0 431700.00 431700.00
06/01/2003 3323.33 3250.00 3323.33 3300.00 0 999600.00 999600.00
07/01/2003 3300.00 3283.33 3330.00 3316.67 0 847200.00 847200.00
08/01/2003 3316.67 3286.67 3340.00 3326.67 0 383700.00 383700.00
09/01/2003 3456.67 3306.67 3503.33 3453.33 0 3674400.00 3674400.00
10/01/2003 3483.33 3453.33 3600.00 3566.67 0 2292000.00 2292000.00
13/01/2003 3616.67 3473.33 3616.67 3500.00 0 1043400.00 1043400.00
14/01/2003 3503.33 3470.00 3566.67 3503.33 0 640200.00 640200.00
15/01/2003 3466.67 3370.00 3493.33 3373.33 0 1036500.00 1036500.00
16/01/2003 3400.00 3380.00 3473.33 3433.33 0 736800.00 736800.00
17/01/2003 3403.33 3350.00 3433.33 3383.33 0 374700.00 374700.00
20/01/2003 3383.33 3340.00 3583.33 3500.00 0 1286100.00 1286100.00
21/01/2003 3533.33 3416.67 3546.67 3420.00 0 779400.00 779400.00
22/01/2003 3430.00 3333.33 3430.00 3336.67 0 1258200.00 1258200.00
23/01/2003 3383.33 3240.00 3400.00 3270.00 0 714000.00 714000.00
24/01/2003 3260.00 3146.67 3283.33 3166.67 0 616500.00 616500.00
27/01/2003 3160.00 3090.00 3200.00 3100.00 0 644100.00 644100.00
28/01/2003 3100.00 3090.00 3146.67 3100.00 0 819300.00 819300.00
29/01/2003 3080.00 3050.00 3296.67 3296.67 0 747000.00 747000.00
30/01/2003 3300.00 3140.00 3333.33 3140.00 0 325800.00 325800.00
31/01/2003 3173.33 3173.33 3263.33 3206.67 0 249900.00 249900.00
03/02/2003 3213.33 3176.67 3230.00 3186.67 0 393600.00 393600.00
04/02/2003 3166.67 3093.33 3166.67 3103.33 0 541800.00 541800.00
05/02/2003 3126.67 3066.67 3146.67 3066.67 0 765000.00 765000.00
06/02/2003 3066.67 3010.00 3076.67 3066.67 0 331500.00 331500.00
07/02/2003 3070.00 3033.33 3130.00 3043.33 0 300900.00 300900.00
10/02/2003 3066.67 3053.33 3150.00 3133.33 0 340800.00 340800.00
11/02/2003 3240.00 3240.00 3313.33 3273.33 0 1694700.00 1694700.00
12/02/2003 3193.33 3193.33 3260.00 3210.00 0 1332300.00 1332300.00
13/02/2003 3206.67 3076.67 3206.67 3090.00 0 892200.00 892200.00
14/02/2003 3096.67 3016.67 3130.00 3103.33 0 516600.00 516600.00
17/02/2003 3106.67 3106.67 3173.33 3150.00 0 369000.00 369000.00
18/02/2003 3133.33 3133.33 3283.33 3216.67 0 1048800.00 1048800.00
19/02/2003 3216.67 3123.33 3216.67 3123.33 0 498000.00 498000.00
20/02/2003 3130.00 3116.67 3166.67 3150.00 0 955500.00 955500.00
21/02/2003 3136.67 3123.33 3223.33 3190.00 0 436500.00 436500.00
24/02/2003 3200.00 3150.00 3233.33 3150.00 0 323100.00 323100.00
25/02/2003 3136.67 3123.33 3233.33 3186.67 0 821700.00 821700.00
26/02/2003 3180.00 3103.33 3210.00 3110.00 0 499800.00 499800.00
27/02/2003 3113.33 3103.33 3193.33 3190.00 0 339000.00 339000.00
28/02/2003 3166.67 3160.00 3216.67 3200.00 0 475800.00 475800.00
03/03/2003 3200.00 3200.00 3200.00 3200.00 0 0.00 0.00
04/03/2003 3200.00 3200.00 3200.00 3200.00 0 0.00 0.00
05/03/2003 3200.00 3106.67 3283.33 3266.67 0 756900.00 756900.00
06/03/2003 3266.67 3263.33 3400.00 3400.00 0 1177800.00 1177800.00
07/03/2003 3333.33 3316.67 3523.33 3440.00 0 1186500.00 1186500.00
10/03/2003 3320.00 3320.00 3383.33 3350.00 0 805200.00 805200.00
11/03/2003 3333.33 3273.33 3366.67 3293.33 0 447300.00 447300.00
12/03/2003 3296.67 3296.67 3363.33 3320.00 0 189600.00 189600.00
13/03/2003 3333.33 3333.33 3480.00 3410.00 0 1241700.00 1241700.00
14/03/2003 3453.33 3366.67 3486.67 3400.00 0 810600.00 810600.00
17/03/2003 3333.33 3250.00 3450.00 3333.33 0 764400.00 764400.00
18/03/2003 3396.67 3340.00 3510.00 3466.67 0 1626900.00 1626900.00
19/03/2003 3456.67 3350.00 3456.67 3393.33 0 1280100.00 1280100.00
20/03/2003 3350.00 3350.00 3420.00 3406.67 0 663900.00 663900.00
21/03/2003 3420.00 3420.00 3510.00 3483.33 0 865200.00 865200.00
24/03/2003 3460.00 3420.00 3463.33 3460.00 0 623700.00 623700.00
25/03/2003 3450.00 3446.67 3500.00 3483.33 0 508800.00 508800.00
26/03/2003 3490.00 3490.00 3610.00 3583.33 0 1827900.00 1827900.00
27/03/2003 3513.33 3506.67 3656.67 3596.67 0 1322400.00 1322400.00
28/03/2003 3600.00 3546.67 3653.33 3570.00 0 948000.00 948000.00
31/03/2003 3533.33 3503.33 3566.67 3510.00 0 384900.00 384900.00
01/04/2003 3533.33 3506.67 3616.67 3563.33 0 723600.00 723600.00
02/04/2003 3583.33 3570.00 3700.00 3666.67 0 1300200.00 1300200.00
03/04/2003 3666.67 3610.00 3700.00 3700.00 0 938100.00 938100.00
04/04/2003 3663.33 3613.33 3723.33 3666.67 0 609300.00 609300.00
07/04/2003 3723.33 3723.33 3906.67 3896.67 0 1514100.00 1514100.00
08/04/2003 3866.67 3830.00 4066.67 3983.33 0 1597800.00 1597800.00
09/04/2003 3933.33 3933.33 4063.33 3966.67 0 1448700.00 1448700.00
10/04/2003 3966.67 3830.00 3966.67 3830.00 0 1002000.00 1002000.00
11/04/2003 3850.00 3830.00 4046.67 3970.00 0 941100.00 941100.00
14/04/2003 3996.67 3950.00 4150.00 4133.33 0 1440900.00 1440900.00
15/04/2003 4066.67 4006.67 4330.00 4266.67 0 1329300.00 1329300.00
16/04/2003 4266.67 4233.33 4500.00 4333.33 0 2496300.00 2496300.00
17/04/2003 4376.67 4360.00 4533.33 4373.33 0 1143000.00 1143000.00
18/04/2003 4373.33 4373.33 4373.33 4373.33 0 0.00 0.00
21/04/2003 4373.33 4373.33 4373.33 4373.33 0 0.00 0.00
22/04/2003 4336.67 4266.67 4436.67 4333.33 0 940800.00 940800.00
23/04/2003 4256.67 4166.67 4283.33 4240.00 0 876600.00 876600.00
24/04/2003 4216.67 4096.67 4250.00 4096.67 0 782700.00 782700.00
25/04/2003 4133.33 4093.33 4166.67 4093.33 0 581700.00 581700.00
28/04/2003 4120.00 4066.67 4310.00 4233.33 0 1021800.00 1021800.00
29/04/2003 4266.67 4266.67 4546.67 4500.00 0 2126700.00 2126700.00
30/04/2003 4483.33 4233.33 4546.67 4233.33 0 2103000.00 2103000.00
01/05/2003 4233.33 4233.33 4233.33 4233.33 0 0.00 0.00
02/05/2003 4253.33 4246.67 4406.67 4270.00 0 879300.00 879300.00
05/05/2003 4273.33 4216.67 4313.33 4266.67 0 757200.00 757200.00
06/05/2003 4216.67 4186.67 4350.00 4250.00 0 816300.00 816300.00
07/05/2003 4253.33 4250.00 4413.33 4403.33 0 1528500.00 1528500.00
08/05/2003 4410.00 4333.33 4566.67 4543.33 0 1057500.00 1057500.00
09/05/2003 4600.00 4573.33 4700.00 4616.67 0 1198500.00 1198500.00
12/05/2003 4633.33 4600.00 4900.00 4816.67 0 1173300.00 1173300.00
13/05/2003 4883.33 4543.33 4883.33 4590.00 0 2649300.00 2649300.00
14/05/2003 4583.33 4503.33 4663.33 4586.67 0 774000.00 774000.00
15/05/2003 4586.67 4466.67 4586.67 4486.67 0 1052700.00 1052700.00
16/05/2003 4540.00 4400.00 4600.00 4600.00 0 1103400.00 1103400.00
19/05/2003 4533.33 4456.67 4533.33 4466.67 0 576600.00 576600.00
20/05/2003 4500.00 4393.33 4613.33 4500.00 0 1226700.00 1226700.00
21/05/2003 4476.67 4476.67 4666.67 4600.00 0 779700.00 779700.00
22/05/2003 4600.00 4533.33 4763.33 4616.67 0 874800.00 874800.00
23/05/2003 4603.33 4576.67 4730.00 4666.67 0 518700.00 518700.00
26/05/2003 4640.00 4533.33 4706.67 4550.00 0 492900.00 492900.00
27/05/2003 4630.00 4516.67 4700.00 4670.00 0 621600.00 621600.00
28/05/2003 4700.00 4700.00 4863.33 4830.00 0 1422300.00 1422300.00
29/05/2003 4840.00 4840.00 5026.67 4966.67 0 1593900.00 1593900.00
30/05/2003 4870.00 4870.00 5150.00 5100.00 0 1121700.00 1121700.00
02/06/2003 5100.00 4946.67 5433.33 5266.67 0 1273200.00 1273200.00
03/06/2003 5333.33 5200.00 5530.00 5526.67 0 1567800.00 1567800.00
04/06/2003 5466.67 5183.33 5633.33 5266.67 0 2070900.00 2070900.00
05/06/2003 5230.00 5056.67 5383.33 5056.67 0 1578000.00 1578000.00
06/06/2003 5166.67 5116.67 5266.67 5166.67 0 1084200.00 1084200.00
09/06/2003 5166.67 5090.00 5266.67 5266.67 0 808800.00 808800.00
10/06/2003 5233.33 5233.33 5386.67 5386.67 0 1603200.00 1603200.00
11/06/2003 5383.33 5170.00 5433.33 5216.67 0 1522200.00 1522200.00
12/06/2003 5216.67 5033.33 5226.67 5150.00 0 452700.00 452700.00
13/06/2003 5163.33 4983.33 5226.67 5000.00 0 1141200.00 1141200.00
16/06/2003 5000.00 4853.33 5066.67 4900.00 0 691800.00 691800.00
17/06/2003 4923.33 4683.33 4966.67 4710.00 0 974400.00 974400.00
18/06/2003 4796.67 4553.33 4816.67 4616.67 0 1598700.00 1598700.00
19/06/2003 4616.67 4616.67 4616.67 4616.67 0 0.00 0.00
20/06/2003 4510.00 4400.00 4613.33 4516.67 0 1064700.00 1064700.00
23/06/2003 4600.00 4516.67 4623.33 4516.67 0 732600.00 732600.00
24/06/2003 4533.33 4466.67 4596.67 4486.67 0 794700.00 794700.00
25/06/2003 4466.67 4310.00 4563.33 4313.33 0 1479000.00 1479000.00
26/06/2003 4310.00 4250.00 4496.67 4456.67 0 858000.00 858000.00
27/06/2003 4516.67 4270.00 4516.67 4300.00 0 611100.00 611100.00
30/06/2003 4400.00 4200.00 4400.00 4363.33 0 641700.00 641700.00
01/07/2003 4330.00 4300.00 4526.67 4500.00 0 796200.00 796200.00
02/07/2003 4520.00 4483.33 4590.00 4510.00 0 601800.00 601800.00
03/07/2003 4483.33 4466.67 4550.00 4536.67 0 519600.00 519600.00
04/07/2003 4436.67 4436.67 4633.33 4600.00 0 151800.00 151800.00
07/07/2003 4550.00 4536.67 4660.00 4566.67 0 498000.00 498000.00
08/07/2003 4536.67 4536.67 4763.33 4696.67 0 879000.00 879000.00
09/07/2003 4696.67 4696.67 4696.67 4696.67 0 0.00 0.00
10/07/2003 4700.00 4566.67 4760.00 4713.33 0 699600.00 699600.00
11/07/2003 4733.33 4533.33 4746.67 4666.67 0 549900.00 549900.00
14/07/2003 4616.67 4566.67 4690.00 4616.67 0 399900.00 399900.00
15/07/2003 4606.67 4606.67 4733.33 4733.33 0 407400.00 407400.00
16/07/2003 4663.33 4600.00 4753.33 4600.00 0 318000.00 318000.00
17/07/2003 4600.00 4550.00 4830.00 4733.33 0 479400.00 479400.00
18/07/2003 4770.00 4766.67 4863.33 4800.00 0 379200.00 379200.00
21/07/2003 4770.00 4663.33 4833.33 4760.00 0 419700.00 419700.00
22/07/2003 4633.33 4633.33 4830.00 4783.33 0 471600.00 471600.00
23/07/2003 4783.33 4733.33 4833.33 4753.33 0 812700.00 812700.00
24/07/2003 4750.00 4740.00 4823.33 4753.33 0 780600.00 780600.00
25/07/2003 4763.33 4740.00 4843.33 4833.33 0 543900.00 543900.00
28/07/2003 4766.67 4736.67 4813.33 4766.67 0 247800.00 247800.00
29/07/2003 4766.67 4696.67 4783.33 4696.67 0 467100.00 467100.00
30/07/2003 4736.67 4533.33 4740.00 4633.33 0 441900.00 441900.00
31/07/2003 4666.67 4656.67 4780.00 4733.33 0 256200.00 256200.00
01/08/2003 4666.67 4613.33 4700.00 4633.33 0 634800.00 634800.00
04/08/2003 4613.33 4550.00 4663.33 4633.33 0 2433000.00 2433000.00
05/08/2003 4573.33 4573.33 4700.00 4660.00 0 2199000.00 2199000.00
06/08/2003 4550.00 4550.00 4690.00 4633.33 0 960900.00 960900.00
07/08/2003 4600.00 4600.00 4773.33 4733.33 0 386100.00 386100.00
08/08/2003 4773.33 4773.33 5076.67 5000.00 0 1359000.00 1359000.00
11/08/2003 5030.00 5000.00 5146.67 5086.67 0 726000.00 726000.00
12/08/2003 5083.33 4913.33 5086.67 4950.00 0 466200.00 466200.00
13/08/2003 4933.33 4926.67 5330.00 5206.67 0 1991400.00 1991400.00
14/08/2003 5210.00 5100.00 5293.33 5220.00 0 1032600.00 1032600.00
15/08/2003 5083.33 4983.33 5216.67 5083.33 0 623700.00 623700.00
18/08/2003 5166.67 5106.67 5233.33 5183.33 0 518100.00 518100.00
19/08/2003 5143.33 5100.00 5233.33 5153.33 0 712200.00 712200.00
20/08/2003 5080.00 5066.67 5263.33 5260.00 0 829500.00 829500.00
21/08/2003 5233.33 5106.67 5263.33 5200.00 0 593700.00 593700.00
22/08/2003 5133.33 5133.33 5250.00 5216.67 0 286800.00 286800.00
25/08/2003 5166.67 5150.00 5216.67 5183.33 0 321000.00 321000.00
26/08/2003 5133.33 5133.33 5300.00 5260.00 0 538800.00 538800.00
27/08/2003 5143.33 5143.33 5266.67 5266.67 0 687300.00 687300.00
28/08/2003 5300.00 5163.33 5330.00 5163.33 0 480600.00 480600.00
29/08/2003 5163.33 5050.00 5300.00 5133.33 0 1076400.00 1076400.00
01/09/2003 5083.33 5083.33 5293.33 5266.67 0 650400.00 650400.00
02/09/2003 5223.33 5223.33 5393.33 5393.33 0 981900.00 981900.00
03/09/2003 5393.33 5393.33 5916.67 5883.33 0 2505000.00 2505000.00
04/09/2003 5766.67 5633.33 5883.33 5700.00 0 1631100.00 1631100.00
05/09/2003 5676.67 5626.67 5833.33 5636.67 0 1462200.00 1462200.00
08/09/2003 5666.67 5580.00 5766.67 5616.67 0 1413900.00 1413900.00
09/09/2003 5600.00 5563.33 5623.33 5583.33 0 517800.00 517800.00
10/09/2003 5566.67 5533.33 5766.67 5700.00 0 2603100.00 2603100.00
11/09/2003 5733.33 5600.00 5786.67 5666.67 0 1856700.00 1856700.00
12/09/2003 5633.33 5630.00 5806.67 5780.00 0 627300.00 627300.00
15/09/2003 5766.67 5666.67 5800.00 5666.67 0 373800.00 373800.00
16/09/2003 5666.67 5666.67 5803.33 5683.33 0 1654500.00 1654500.00
17/09/2003 5636.67 5636.67 5770.00 5750.00 0 435900.00 435900.00
18/09/2003 5696.67 5683.33 5780.00 5686.67 0 392400.00 392400.00
19/09/2003 5686.67 5590.00 5700.00 5593.33 0 547800.00 547800.00
22/09/2003 5593.33 5576.67 5663.33 5616.67 0 532800.00 532800.00
23/09/2003 5586.67 5533.33 5633.33 5550.00 0 500100.00 500100.00
24/09/2003 5540.00 5433.33 5613.33 5433.33 0 521100.00 521100.00
25/09/2003 5436.67 5433.33 5550.00 5466.67 0 514800.00 514800.00
26/09/2003 5446.67 5170.00 5626.67 5170.00 0 429300.00 429300.00
29/09/2003 5273.33 5273.33 5463.33 5383.33 0 336000.00 336000.00
30/09/2003 5383.33 5293.33 5500.00 5333.33 0 486900.00 486900.00
01/10/2003 5336.67 5333.33 5533.33 5483.33 0 302100.00 302100.00
02/10/2003 5500.00 5466.67 5666.67 5516.67 0 656100.00 656100.00
03/10/2003 5573.33 5573.33 5783.33 5750.00 0 1578900.00 1578900.00
06/10/2003 5743.33 5683.33 5880.00 5866.67 0 977400.00 977400.00
07/10/2003 5786.67 5710.00 5896.67 5736.67 0 1034700.00 1034700.00
08/10/2003 5833.33 5736.67 5866.67 5773.33 0 525000.00 525000.00
09/10/2003 5803.33 5800.00 5933.33 5800.00 0 834000.00 834000.00
10/10/2003 5733.33 5533.33 5846.67 5766.67 0 599100.00 599100.00
13/10/2003 5673.33 5673.33 5950.00 5833.33 0 207900.00 207900.00
14/10/2003 5933.33 5743.33 5983.33 5833.33 0 620100.00 620100.00
15/10/2003 5770.00 5736.67 5900.00 5843.33 0 939900.00 939900.00
16/10/2003 5946.67 5703.33 5950.00 5916.67 0 385200.00 385200.00
17/10/2003 5966.67 5776.67 6000.00 5933.33 0 318600.00 318600.00
20/10/2003 5833.33 5770.00 6133.33 6096.67 0 542100.00 542100.00
21/10/2003 6133.33 6023.33 6283.33 6250.00 0 544800.00 544800.00
22/10/2003 6200.00 6033.33 6330.00 6250.00 0 879900.00 879900.00
23/10/2003 6140.00 6046.67 6400.00 6330.00 0 1632000.00 1632000.00
24/10/2003 6206.67 6206.67 6600.00 6433.33 0 852600.00 852600.00
27/10/2003 6616.67 6383.33 6616.67 6416.67 0 676200.00 676200.00
28/10/2003 6413.33 6400.00 6633.33 6466.67 0 503100.00 503100.00
29/10/2003 6500.00 6300.00 6583.33 6333.33 0 1300800.00 1300800.00
30/10/2003 6310.00 6266.67 6500.00 6466.67 0 866100.00 866100.00
31/10/2003 6466.67 6166.67 6540.00 6266.67 0 622800.00 622800.00
03/11/2003 6333.33 6333.33 6483.33 6466.67 0 520500.00 520500.00
04/11/2003 6483.33 6400.00 6500.00 6450.00 0 1170300.00 1170300.00
05/11/2003 6433.33 6400.00 6500.00 6416.67 0 1135200.00 1135200.00
06/11/2003 6403.33 6403.33 6616.67 6583.33 0 432600.00 432600.00
07/11/2003 6616.67 6500.00 6660.00 6516.67 0 644700.00 644700.00
10/11/2003 6516.67 6450.00 6646.67 6576.67 0 392700.00 392700.00
11/11/2003 6550.00 6473.33 6550.00 6516.67 0 597600.00 597600.00
12/11/2003 6533.33 6533.33 6630.00 6613.33 0 183600.00 183600.00
13/11/2003 6603.33 6466.67 6683.33 6566.67 0 604800.00 604800.00
14/11/2003 6500.00 6500.00 6600.00 6566.67 0 258900.00 258900.00
17/11/2003 6506.67 6506.67 6860.00 6766.67 0 811200.00 811200.00
18/11/2003 6896.67 6896.67 7100.00 7066.67 0 1438500.00 1438500.00
19/11/2003 7066.67 7033.33 7233.33 7216.67 0 1190100.00 1190100.00
20/11/2003 7266.67 7266.67 7466.67 7466.67 0 1263900.00 1263900.00
21/11/2003 7466.67 7443.33 7783.33 7533.33 0 1882500.00 1882500.00
24/11/2003 7433.33 7340.00 7566.67 7500.00 0 398400.00 398400.00
25/11/2003 7500.00 7426.67 7600.00 7476.67 0 505200.00 505200.00
26/11/2003 7583.33 7500.00 7633.33 7606.67 0 247500.00 247500.00
27/11/2003 7596.67 7536.67 8000.00 8000.00 0 567600.00 567600.00
28/11/2003 8000.00 8000.00 8300.00 8166.67 0 1117800.00 1117800.00
01/12/2003 8170.00 8000.00 8400.00 8300.00 0 667800.00 667800.00
02/12/2003 8273.33 8173.33 8350.00 8233.33 0 1026300.00 1026300.00
03/12/2003 8206.67 8120.00 8300.00 8246.67 0 825000.00 825000.00
04/12/2003 8296.67 8083.33 8296.67 8083.33 0 434100.00 434100.00
05/12/2003 8100.00 7896.67 8166.67 7966.67 0 975300.00 975300.00
08/12/2003 7983.33 7833.33 7983.33 7833.33 0 766800.00 766800.00
09/12/2003 7866.67 7833.33 8200.00 8146.67 0 1056000.00 1056000.00
10/12/2003 8100.00 8066.67 8200.00 8126.67 0 252900.00 252900.00
11/12/2003 8150.00 8150.00 8360.00 8300.00 0 1086900.00 1086900.00
12/12/2003 8363.33 8116.67 8366.67 8200.00 0 238800.00 238800.00
15/12/2003 8166.67 8166.67 8390.00 8166.67 0 677100.00 677100.00
16/12/2003 8166.67 8000.00 8333.33 8223.33 0 469500.00 469500.00
17/12/2003 8233.33 8166.67 8463.33 8333.33 0 1060200.00 1060200.00
18/12/2003 8333.33 8120.00 8350.00 8166.67 0 376500.00 376500.00
19/12/2003 8166.67 8100.00 8200.00 8100.00 0 694500.00 694500.00
22/12/2003 8133.33 8000.00 8250.00 8043.33 0 264000.00 264000.00
23/12/2003 8043.33 7933.33 8136.67 7950.00 0 404400.00 404400.00
24/12/2003 7950.00 7950.00 7950.00 7950.00 0 0.00 0.00
25/12/2003 7950.00 7950.00 7950.00 7950.00 0 0.00 0.00
26/12/2003 7936.67 7830.00 7946.67 7833.33 0 328200.00 328200.00
29/12/2003 8163.33 7766.67 8166.67 7813.33 0 144600.00 144600.00
30/12/2003 8000.00 7756.67 8000.00 8000.00 0 651900.00 651900.00
31/12/2003 8000.00 8000.00 8000.00 8000.00 0 0.00 0.00
01/01/2004 8000.00 8000.00 8000.00 8000.00 0 0.00 0.00
02/01/2004 8000.00 7833.33 8000.00 7900.00 0 214500.00 214500.00
05/01/2004 7900.00 7900.00 8650.00 8550.00 0 1157700.00 1157700.00
06/01/2004 8666.67 8203.33 8950.00 8866.67 0 1095300.00 1095300.00
07/01/2004 8863.33 8603.33 9050.00 8650.00 0 718500.00 718500.00
08/01/2004 8650.00 8366.67 8830.00 8683.33 0 750000.00 750000.00
09/01/2004 8700.00 8376.67 8783.33 8616.67 0 815400.00 815400.00
12/01/2004 8783.33 8666.67 9000.00 8716.67 0 914100.00 914100.00
13/01/2004 8716.67 8366.67 8876.67 8366.67 0 519900.00 519900.00
14/01/2004 8370.00 7666.67 8396.67 8133.33 0 767100.00 767100.00
15/01/2004 8133.33 7833.33 8496.67 7966.67 0 876900.00 876900.00
16/01/2004 8000.00 7840.00 8133.33 7950.00 0 398100.00 398100.00
19/01/2004 7940.00 7930.00 8116.67 7966.67 0 302100.00 302100.00
20/01/2004 8066.67 7966.67 8066.67 7986.67 0 377700.00 377700.00
21/01/2004 8033.33 7800.00 8033.33 7833.33 0 547200.00 547200.00
22/01/2004 7676.67 7633.33 8026.67 7666.67 0 456600.00 456600.00
23/01/2004 7673.33 7616.67 7830.00 7766.67 0 688200.00 688200.00
26/01/2004 7.93 7.79 8.07 7.91 0 645600.00 645600.00
27/01/2004 8.00 7.67 8.00 7.86 0 653100.00 653100.00
28/01/2004 7.77 7.67 7.95 7.70 0 574500.00 574500.00
29/01/2004 7.63 7.03 7.95 7.03 0 1192200.00 1192200.00
30/01/2004 7.04 6.70 7.30 6.80 0 546000.00 546000.00
02/02/2004 6.83 6.60 7.23 7.23 0 1190400.00 1190400.00
03/02/2004 7.25 7.25 7.50 7.48 0 401700.00 401700.00
04/02/2004 7.53 7.04 7.67 7.15 0 560100.00 560100.00
05/02/2004 7.15 6.93 7.23 6.93 0 509100.00 509100.00
06/02/2004 6.97 6.80 7.47 7.35 0 942300.00 942300.00
09/02/2004 7.45 6.81 7.60 6.95 0 582000.00 582000.00
10/02/2004 7.00 6.95 7.22 7.08 0 464700.00 464700.00
11/02/2004 7.10 7.01 7.53 7.37 0 909600.00 909600.00
12/02/2004 7.60 7.42 7.66 7.58 0 558000.00 558000.00
13/02/2004 7.58 7.47 7.93 7.65 0 1230300.00 1230300.00
16/02/2004 7.77 7.52 7.77 7.55 0 42600.00 42600.00
17/02/2004 7.85 7.50 7.93 7.83 0 1192500.00 1192500.00
18/02/2004 7.80 7.50 7.81 7.61 0 1026000.00 1026000.00
19/02/2004 7.50 7.03 7.50 7.03 0 1364700.00 1364700.00
20/02/2004 6.67 6.67 7.17 7.17 0 638700.00 638700.00
23/02/2004 7.17 7.17 7.17 7.17 0 0.00 0.00
24/02/2004 7.17 7.17 7.17 7.17 0 0.00 0.00
25/02/2004 7.27 7.17 7.63 7.29 0 121200.00 121200.00
26/02/2004 7.27 7.14 7.27 7.17 0 288300.00 288300.00
27/02/2004 7.17 7.11 7.25 7.22 0 457500.00 457500.00
01/03/2004 7.22 7.22 7.59 7.42 0 742800.00 742800.00
02/03/2004 7.10 7.10 7.68 7.68 0 830100.00 830100.00
03/03/2004 7.73 7.58 7.83 7.73 0 552000.00 552000.00
04/03/2004 7.67 7.60 7.90 7.62 0 894300.00 894300.00
05/03/2004 7.65 7.59 7.87 7.77 0 294300.00 294300.00
08/03/2004 7.77 7.77 8.06 7.98 0 674700.00 674700.00
09/03/2004 8.03 7.51 8.03 7.68 0 533400.00 533400.00
10/03/2004 7.68 7.37 7.80 7.37 0 390900.00 390900.00
11/03/2004 7.33 7.20 7.80 7.20 0 768300.00 768300.00
12/03/2004 7.53 7.35 7.78 7.67 0 511800.00 511800.00
15/03/2004 7.52 7.50 7.66 7.50 0 325500.00 325500.00
16/03/2004 7.57 7.40 7.87 7.73 0 397200.00 397200.00
17/03/2004 7.80 7.73 7.98 7.92 0 952200.00 952200.00
18/03/2004 7.93 7.67 8.16 8.00 0 765600.00 765600.00
19/03/2004 8.00 7.95 8.13 7.95 0 435000.00 435000.00
22/03/2004 7.95 7.73 7.95 7.73 0 252600.00 252600.00
23/03/2004 7.83 7.42 7.90 7.45 0 578100.00 578100.00
24/03/2004 7.47 7.43 7.65 7.47 0 432000.00 432000.00
25/03/2004 7.45 7.43 7.83 7.43 0 570600.00 570600.00
26/03/2004 7.70 7.47 7.73 7.57 0 350400.00 350400.00
29/03/2004 7.57 7.37 7.73 7.47 0 206700.00 206700.00
30/03/2004 7.59 7.46 7.80 7.77 0 336000.00 336000.00
31/03/2004 7.80 7.60 7.82 7.76 0 237600.00 237600.00
01/04/2004 7.76 7.75 7.83 7.77 0 402600.00 402600.00
02/04/2004 7.80 7.77 7.98 7.93 0 749100.00 749100.00
05/04/2004 7.95 7.88 8.13 8.04 0 738300.00 738300.00
06/04/2004 8.14 8.00 8.14 8.00 0 342900.00 342900.00
07/04/2004 8.13 7.64 8.13 7.64 0 319200.00 319200.00
08/04/2004 7.73 7.57 7.83 7.70 0 349800.00 349800.00
09/04/2004 7.70 7.70 7.70 7.70 0 0.00 0.00
12/04/2004 7.84 7.50 7.95 7.57 0 513300.00 513300.00
13/04/2004 7.60 7.56 7.80 7.57 0 225000.00 225000.00
14/04/2004 7.53 7.36 7.63 7.40 0 736200.00 736200.00
15/04/2004 7.42 7.14 7.42 7.23 0 1037100.00 1037100.00
16/04/2004 7.23 7.12 7.29 7.17 0 466200.00 466200.00
19/04/2004 7.17 7.07 7.21 7.16 0 687600.00 687600.00
20/04/2004 7.20 7.00 7.20 7.01 0 712800.00 712800.00
21/04/2004 7.01 7.01 7.01 7.01 0 0.00 0.00
22/04/2004 7.03 6.92 7.07 7.00 0 917400.00 917400.00
23/04/2004 7.00 7.00 7.00 7.00 0 0.00 0.00
26/04/2004 7.29 6.95 7.29 7.00 0 319500.00 319500.00
27/04/2004 7.11 6.90 7.28 6.93 0 260400.00 260400.00
28/04/2004 6.94 6.57 7.15 6.61 0 849300.00 849300.00
29/04/2004 6.70 6.30 6.73 6.33 0 512100.00 512100.00
30/04/2004 6.33 6.33 6.53 6.37 0 857400.00 857400.00
03/05/2004 6.37 6.12 6.50 6.28 0 927900.00 927900.00
04/05/2004 6.37 6.33 6.45 6.33 0 789600.00 789600.00
05/05/2004 6.42 6.37 6.64 6.63 0 430800.00 430800.00
06/05/2004 6.39 6.33 6.50 6.36 0 461700.00 461700.00
07/05/2004 6.33 6.07 6.33 6.23 0 501600.00 501600.00
10/05/2004 6.00 5.87 6.36 5.97 0 1080600.00 1080600.00
11/05/2004 6.17 6.07 6.37 6.27 0 648600.00 648600.00
12/05/2004 6.20 6.20 6.50 6.32 0 711000.00 711000.00
13/05/2004 6.32 6.30 6.53 6.35 0 624600.00 624600.00
14/05/2004 6.50 6.40 6.97 6.62 0 525300.00 525300.00
17/05/2004 6.62 6.44 7.00 6.73 0 578400.00 578400.00
18/05/2004 6.80 6.70 7.07 6.70 0 915300.00 915300.00
19/05/2004 6.81 6.60 6.92 6.60 0 512700.00 512700.00
20/05/2004 6.60 6.40 6.66 6.43 0 513300.00 513300.00
21/05/2004 6.41 6.33 6.60 6.40 0 298800.00 298800.00
24/05/2004 6.40 6.40 6.60 6.47 0 233100.00 233100.00
25/05/2004 6.48 6.47 6.66 6.51 0 247200.00 247200.00
26/05/2004 6.63 6.32 6.63 6.50 0 339000.00 339000.00
27/05/2004 6.50 6.50 6.83 6.80 0 1444200.00 1444200.00
28/05/2004 6.83 6.81 7.10 6.95 0 486900.00 486900.00
31/05/2004 6.95 6.68 7.00 6.93 0 176100.00 176100.00
01/06/2004 6.89 6.70 6.91 6.90 0 441900.00 441900.00
02/06/2004 6.90 6.90 7.20 7.07 0 356100.00 356100.00
03/06/2004 6.90 6.83 7.07 6.87 0 186300.00 186300.00
04/06/2004 7.00 7.00 7.16 7.06 0 208200.00 208200.00
07/06/2004 7.16 7.13 7.33 7.28 0 365400.00 365400.00
08/06/2004 7.29 7.12 7.37 7.30 0 332700.00 332700.00
09/06/2004 7.24 7.12 7.28 7.23 0 205200.00 205200.00
10/06/2004 7.23 7.23 7.23 7.23 0 0.00 0.00
11/06/2004 7.20 7.07 7.23 7.10 0 88800.00 88800.00
14/06/2004 7.13 6.91 7.13 6.95 0 330600.00 330600.00
15/06/2004 7.05 7.04 7.33 7.32 0 596400.00 596400.00
16/06/2004 7.32 7.20 7.47 7.40 0 1059300.00 1059300.00
17/06/2004 7.45 7.12 7.45 7.17 0 518700.00 518700.00
18/06/2004 7.17 7.06 7.31 7.22 0 417900.00 417900.00
21/06/2004 7.29 7.20 7.50 7.18 0 498300.00 498300.00
22/06/2004 7.18 7.04 7.27 7.10 0 498600.00 498600.00
23/06/2004 7.23 7.10 7.38 7.20 0 475200.00 475200.00
24/06/2004 7.20 7.13 7.30 7.14 0 444300.00 444300.00
25/06/2004 7.17 7.04 7.20 7.05 0 285300.00 285300.00
28/06/2004 7.10 7.04 7.30 7.07 0 270300.00 270300.00
29/06/2004 7.07 6.84 7.26 7.26 0 262200.00 262200.00
30/06/2004 7.26 7.18 7.60 7.50 0 925800.00 925800.00
01/07/2004 7.50 7.50 7.72 7.70 0 624900.00 624900.00
02/07/2004 7.69 7.60 7.83 7.60 0 520500.00 520500.00
05/07/2004 7.60 7.57 7.73 7.63 0 188700.00 188700.00
06/07/2004 7.57 7.45 7.60 7.50 0 264600.00 264600.00
07/07/2004 7.51 7.48 7.64 7.64 0 181500.00 181500.00
08/07/2004 7.48 7.37 7.67 7.38 0 330000.00 330000.00
09/07/2004 7.38 7.38 7.38 7.38 0 0.00 0.00
12/07/2004 7.44 7.30 7.67 7.55 0 466800.00 466800.00
13/07/2004 7.59 7.46 7.73 7.62 0 558600.00 558600.00
14/07/2004 7.60 7.50 7.82 7.63 0 710700.00 710700.00
15/07/2004 7.70 7.60 7.74 7.70 0 474300.00 474300.00
16/07/2004 7.73 7.50 7.87 7.83 0 653100.00 653100.00
19/07/2004 7.83 7.67 7.83 7.72 0 221100.00 221100.00
20/07/2004 7.73 7.61 7.90 7.87 0 286200.00 286200.00
21/07/2004 7.85 7.61 7.87 7.67 0 315000.00 315000.00
22/07/2004 7.67 7.53 7.85 7.60 0 425100.00 425100.00
23/07/2004 7.58 7.55 7.83 7.62 0 308400.00 308400.00
26/07/2004 7.63 7.41 7.77 7.65 0 432000.00 432000.00
27/07/2004 7.64 7.50 7.73 7.72 0 349500.00 349500.00
28/07/2004 7.68 7.55 7.80 7.77 0 408000.00 408000.00
29/07/2004 7.77 7.70 7.89 7.78 0 469200.00 469200.00
30/07/2004 7.73 7.67 7.88 7.67 0 617400.00 617400.00
02/08/2004 7.67 7.53 7.72 7.70 0 494700.00 494700.00
03/08/2004 7.59 7.55 7.69 7.60 0 419700.00 419700.00
04/08/2004 7.60 7.54 7.68 7.57 0 707400.00 707400.00
05/08/2004 7.54 7.32 7.57 7.33 0 1152300.00 1152300.00
06/08/2004 7.34 7.34 7.60 7.53 0 556500.00 556500.00
09/08/2004 7.42 7.37 7.47 7.39 0 375000.00 375000.00
10/08/2004 7.42 7.41 7.59 7.57 0 401400.00 401400.00
11/08/2004 7.63 7.34 7.63 7.38 0 1583700.00 1583700.00
12/08/2004 7.40 7.32 7.40 7.40 0 524700.00 524700.00
13/08/2004 7.42 7.33 7.43 7.35 0 732600.00 732600.00
16/08/2004 7.37 7.33 7.77 7.72 0 1159200.00 1159200.00
17/08/2004 7.72 7.72 8.04 8.03 0 1722600.00 1722600.00
18/08/2004 7.83 7.80 8.15 7.92 0 1783500.00 1783500.00
19/08/2004 8.13 7.75 8.13 7.77 0 546000.00 546000.00
20/08/2004 7.83 7.80 8.00 7.84 0 937200.00 937200.00
23/08/2004 7.84 7.74 8.03 7.90 0 438900.00 438900.00
24/08/2004 8.00 7.84 8.00 7.97 0 277200.00 277200.00
25/08/2004 8.00 7.94 8.20 8.13 0 1207500.00 1207500.00
26/08/2004 8.13 7.84 8.13 8.00 0 672600.00 672600.00
27/08/2004 8.03 7.92 8.30 8.05 0 572700.00 572700.00
30/08/2004 8.15 7.94 8.33 8.27 0 685500.00 685500.00
31/08/2004 8.33 8.02 8.33 8.08 0 1029600.00 1029600.00
01/09/2004 8.26 7.92 8.26 7.96 0 371100.00 371100.00
02/09/2004 7.94 7.84 8.27 8.14 0 489300.00 489300.00
03/09/2004 8.03 7.67 8.23 8.03 0 245400.00 245400.00
06/09/2004 8.00 7.88 8.03 7.97 0 153000.00 153000.00
07/09/2004 7.97 7.97 7.97 7.97 0 0.00 0.00
08/09/2004 8.03 8.03 8.27 8.20 0 517800.00 517800.00
09/09/2004 8.26 8.02 8.26 8.13 0 645900.00 645900.00
10/09/2004 8.04 7.90 8.07 7.95 0 343500.00 343500.00
13/09/2004 7.95 7.85 8.04 7.90 0 320700.00 320700.00
14/09/2004 7.95 7.90 8.13 8.01 0 479100.00 479100.00
15/09/2004 8.03 7.92 8.16 8.03 0 366000.00 366000.00
16/09/2004 8.16 8.08 8.32 8.27 0 793200.00 793200.00
17/09/2004 8.20 8.20 8.36 8.30 0 478200.00 478200.00
20/09/2004 8.43 8.27 8.61 8.27 0 411900.00 411900.00
21/09/2004 8.44 8.21 8.52 8.27 0 363900.00 363900.00
22/09/2004 8.32 8.15 8.33 8.15 0 274500.00 274500.00
23/09/2004 8.22 8.12 8.40 8.20 0 1006500.00 1006500.00
24/09/2004 8.18 8.17 8.42 8.27 0 221700.00 221700.00
27/09/2004 8.19 8.10 8.23 8.13 0 325800.00 325800.00
28/09/2004 8.33 8.03 8.39 8.33 0 774600.00 774600.00
29/09/2004 8.40 8.25 8.43 8.39 0 471300.00 471300.00
30/09/2004 8.33 8.33 8.47 8.40 0 976500.00 976500.00
01/10/2004 8.46 8.43 8.67 8.60 0 1171800.00 1171800.00
04/10/2004 8.66 8.60 8.93 8.85 0 1041000.00 1041000.00
05/10/2004 8.83 8.80 9.25 9.07 0 1717800.00 1717800.00
06/10/2004 9.07 8.94 9.15 8.98 0 543000.00 543000.00
07/10/2004 8.94 8.87 9.23 9.18 0 944100.00 944100.00
08/10/2004 9.23 9.20 9.38 9.23 0 808800.00 808800.00
11/10/2004 9.38 9.27 9.40 9.30 0 127500.00 127500.00
12/10/2004 9.30 9.30 9.30 9.30 0 0.00 0.00
13/10/2004 9.32 8.93 9.50 9.30 0 882600.00 882600.00
14/10/2004 9.30 9.10 9.36 9.18 0 484800.00 484800.00
15/10/2004 9.23 9.23 9.37 9.37 0 280800.00 280800.00
18/10/2004 9.27 9.27 9.43 9.31 0 594000.00 594000.00
19/10/2004 9.42 9.00 9.47 9.07 0 515400.00 515400.00
20/10/2004 9.07 9.02 9.30 9.18 0 189000.00 189000.00
21/10/2004 9.08 9.08 9.56 9.50 0 499200.00 499200.00
22/10/2004 9.54 9.34 9.62 9.46 0 820200.00 820200.00
25/10/2004 9.43 9.32 9.43 9.34 0 442200.00 442200.00
26/10/2004 9.34 9.30 9.43 9.37 0 382800.00 382800.00
27/10/2004 9.37 9.35 9.84 9.40 0 357600.00 357600.00
28/10/2004 9.44 9.33 9.70 9.38 0 371400.00 371400.00
29/10/2004 9.38 9.38 9.53 9.44 0 593400.00 593400.00
01/11/2004 9.43 9.33 9.50 9.40 0 133200.00 133200.00
02/11/2004 9.40 9.40 9.40 9.40 0 0.00 0.00
03/11/2004 9.50 9.47 9.70 9.65 0 810600.00 810600.00
04/11/2004 9.67 9.67 10.10 10.10 0 740100.00 740100.00
05/11/2004 10.13 9.96 10.30 10.12 0 525900.00 525900.00
08/11/2004 10.00 9.83 10.33 9.88 0 623700.00 623700.00
09/11/2004 9.93 9.75 10.02 10.02 0 274800.00 274800.00
10/11/2004 10.04 10.01 10.40 10.33 0 495000.00 495000.00
11/11/2004 10.26 10.18 10.53 10.27 0 565200.00 565200.00
12/11/2004 10.48 10.27 10.49 10.37 0 601200.00 601200.00
15/11/2004 10.37 10.37 10.37 10.37 0 0.00 0.00
16/11/2004 10.33 10.17 10.67 10.67 0 686400.00 686400.00
17/11/2004 10.67 10.57 11.17 10.57 0 944100.00 944100.00
18/11/2004 10.72 10.33 10.83 10.50 0 702600.00 702600.00
19/11/2004 10.57 10.19 10.57 10.30 0 234600.00 234600.00
22/11/2004 10.21 10.14 10.90 10.68 0 421200.00 421200.00
23/11/2004 10.77 10.37 10.77 10.37 0 450900.00 450900.00
24/11/2004 10.50 10.38 10.66 10.45 0 537900.00 537900.00
25/11/2004 10.67 10.67 10.88 10.67 0 443400.00 443400.00
26/11/2004 10.57 10.51 10.77 10.67 0 275100.00 275100.00
29/11/2004 10.57 10.57 10.73 10.63 0 506400.00 506400.00
30/11/2004 10.60 10.54 10.83 10.62 0 462000.00 462000.00
01/12/2004 10.67 10.53 10.73 10.53 0 1053300.00 1053300.00
02/12/2004 10.66 10.54 10.75 10.70 0 982800.00 982800.00
03/12/2004 10.70 10.67 10.93 10.77 0 676500.00 676500.00
06/12/2004 10.80 10.72 11.15 11.10 0 634800.00 634800.00
07/12/2004 11.14 11.02 11.33 11.03 0 627900.00 627900.00
08/12/2004 11.03 10.74 11.16 10.88 0 741900.00 741900.00
09/12/2004 11.08 10.51 11.08 10.53 0 678600.00 678600.00
10/12/2004 10.62 10.40 10.73 10.63 0 886200.00 886200.00
13/12/2004 10.73 10.51 11.03 11.00 0 891300.00 891300.00
14/12/2004 11.08 11.05 11.26 11.17 0 809400.00 809400.00
15/12/2004 11.27 10.48 11.27 10.96 0 2263200.00 2263200.00
16/12/2004 10.93 10.73 11.00 10.73 0 1176300.00 1176300.00
17/12/2004 10.75 10.61 10.93 10.93 0 524400.00 524400.00
20/12/2004 10.93 10.60 10.97 10.60 0 563100.00 563100.00
21/12/2004 10.60 10.60 10.85 10.83 0 448500.00 448500.00
22/12/2004 10.87 10.80 11.10 10.80 0 793500.00 793500.00
23/12/2004 10.77 10.77 10.97 10.84 0 485700.00 485700.00
24/12/2004 10.84 10.84 10.84 10.84 0 0.00 0.00
27/12/2004 10.84 10.83 11.02 10.92 0 313200.00 313200.00
28/12/2004 11.00 10.95 11.10 11.00 0 441000.00 441000.00
29/12/2004 11.02 10.93 11.13 11.01 0 362100.00 362100.00
30/12/2004 11.00 10.83 11.13 10.83 0 485700.00 485700.00
31/12/2004 10.83 10.83 10.83 10.83 0 0.00 0.00
03/01/2005 10.84 10.83 11.15 11.00 0 449100.00 449100.00
04/01/2005 11.00 10.73 11.09 10.73 0 991200.00 991200.00
05/01/2005 10.77 10.00 10.77 10.57 0 764100.00 764100.00
06/01/2005 10.56 10.02 10.57 10.43 0 605700.00 605700.00
07/01/2005 10.43 10.25 10.65 10.33 0 226800.00 226800.00
10/01/2005 10.34 10.02 10.34 10.07 0 487800.00 487800.00
11/01/2005 10.13 9.95 10.23 10.10 0 495000.00 495000.00
12/01/2005 10.17 9.90 10.30 10.17 0 285300.00 285300.00
13/01/2005 10.20 10.10 10.42 10.15 0 126900.00 126900.00
14/01/2005 10.14 10.00 10.33 10.33 0 380400.00 380400.00
17/01/2005 10.28 10.20 10.44 10.30 0 102600.00 102600.00
18/01/2005 10.20 10.18 10.60 10.38 0 275700.00 275700.00
19/01/2005 10.40 10.40 10.70 10.70 0 378000.00 378000.00
20/01/2005 10.70 10.20 10.70 10.37 0 411000.00 411000.00
21/01/2005 10.40 10.03 10.43 10.17 0 425700.00 425700.00
24/01/2005 10.17 10.13 10.53 10.43 0 370500.00 370500.00
25/01/2005 10.43 10.43 10.43 10.43 0 0.00 0.00
26/01/2005 10.62 10.39 10.62 10.46 0 136800.00 136800.00
27/01/2005 10.39 10.13 10.39 10.27 0 521400.00 521400.00
28/01/2005 10.33 10.00 10.33 10.12 0 593100.00 593100.00
31/01/2005 10.27 10.12 10.33 10.30 0 210900.00 210900.00
01/02/2005 10.30 10.02 10.30 10.03 0 741000.00 741000.00
02/02/2005 10.07 10.05 10.57 10.57 0 572400.00 572400.00
03/02/2005 10.56 10.54 10.99 10.90 0 1909200.00 1909200.00
04/02/2005 10.84 10.84 11.42 11.40 0 1449600.00 1449600.00
07/02/2005 11.40 11.40 11.40 11.40 0 0.00 0.00
08/02/2005 11.40 11.40 11.40 11.40 0 0.00 0.00
09/02/2005 11.50 11.05 11.53 11.50 0 422100.00 422100.00
10/02/2005 11.33 11.23 11.47 11.47 0 766200.00 766200.00
11/02/2005 11.40 11.13 11.45 11.40 0 512100.00 512100.00
14/02/2005 11.39 11.11 11.39 11.17 0 1888500.00 1888500.00
15/02/2005 11.13 11.03 11.83 11.83 0 1176600.00 1176600.00
16/02/2005 11.90 11.60 11.94 11.67 0 1495200.00 1495200.00
17/02/2005 11.87 11.87 12.15 12.00 0 1063500.00 1063500.00
18/02/2005 12.13 11.98 12.35 12.33 0 901800.00 901800.00
21/02/2005 12.33 11.87 12.35 11.87 0 1387200.00 1387200.00
22/02/2005 11.17 11.07 11.83 11.15 0 1878300.00 1878300.00
23/02/2005 11.30 10.71 11.38 10.71 0 1022100.00 1022100.00
24/02/2005 11.02 10.76 11.02 10.97 0 2027400.00 2027400.00
25/02/2005 11.03 10.70 11.23 10.70 0 1938300.00 1938300.00
28/02/2005 10.77 10.22 10.84 10.33 0 1500000.00 1500000.00
01/03/2005 10.33 10.13 10.58 10.17 0 1046700.00 1046700.00
02/03/2005 10.23 10.13 10.43 10.27 0 1125000.00 1125000.00
03/03/2005 10.42 10.27 10.50 10.36 0 2104800.00 2104800.00
04/03/2005 10.47 10.40 10.57 10.43 0 1304100.00 1304100.00
07/03/2005 10.47 10.47 10.92 10.92 0 1715400.00 1715400.00
08/03/2005 10.93 10.68 11.03 11.03 0 633300.00 633300.00
09/03/2005 11.00 10.77 11.43 10.77 0 2988900.00 2988900.00
10/03/2005 10.93 10.73 11.13 11.00 0 1378200.00 1378200.00
11/03/2005 11.17 10.79 11.23 10.90 0 805800.00 805800.00
14/03/2005 10.89 10.54 10.89 10.72 0 712200.00 712200.00
15/03/2005 10.75 10.50 10.78 10.60 0 503100.00 503100.00
16/03/2005 10.57 10.30 10.57 10.47 0 900900.00 900900.00
17/03/2005 10.35 10.34 10.73 10.67 0 723600.00 723600.00
18/03/2005 10.66 10.48 10.70 10.63 0 547200.00 547200.00
21/03/2005 10.63 10.33 10.66 10.44 0 519000.00 519000.00
22/03/2005 10.50 10.07 10.62 10.20 0 906600.00 906600.00
23/03/2005 10.22 9.76 10.22 9.83 0 1169400.00 1169400.00
24/03/2005 10.06 9.70 10.13 9.90 0 1339200.00 1339200.00
25/03/2005 9.90 9.90 9.90 9.90 0 0.00 0.00
28/03/2005 9.80 9.48 9.83 9.48 0 521400.00 521400.00
29/03/2005 9.53 9.10 9.53 9.28 0 1822200.00 1822200.00
30/03/2005 9.26 9.20 9.60 9.60 0 589200.00 589200.00
31/03/2005 9.63 9.63 9.87 9.87 0 792900.00 792900.00
01/04/2005 9.96 9.67 10.03 9.92 0 926100.00 926100.00
04/04/2005 9.77 9.23 9.77 9.63 0 399000.00 399000.00
05/04/2005 9.77 9.25 9.77 9.40 0 510900.00 510900.00
06/04/2005 9.42 9.30 9.63 9.44 0 641400.00 641400.00
07/04/2005 9.53 9.43 9.57 9.48 0 192300.00 192300.00
08/04/2005 9.48 9.17 9.48 9.33 0 319500.00 319500.00
11/04/2005 9.33 9.02 9.43 9.07 0 420600.00 420600.00
12/04/2005 9.07 9.00 9.37 9.23 0 1434600.00 1434600.00
13/04/2005 9.33 9.15 9.68 9.33 0 4074900.00 4074900.00
14/04/2005 9.43 8.93 9.50 9.17 0 2146200.00 2146200.00
15/04/2005 9.13 9.00 9.23 9.00 0 406200.00 406200.00
18/04/2005 9.00 8.93 9.33 9.33 0 763500.00 763500.00
19/04/2005 9.27 9.27 9.83 9.83 0 3800400.00 3800400.00
20/04/2005 9.83 9.50 9.99 9.83 0 1268400.00 1268400.00
21/04/2005 9.83 9.83 9.83 9.83 0 0.00 0.00
22/04/2005 9.88 9.73 10.09 9.97 0 1219800.00 1219800.00
25/04/2005 9.87 9.87 10.08 10.00 0 727200.00 727200.00
26/04/2005 9.97 9.94 10.08 10.00 0 1606800.00 1606800.00
27/04/2005 10.00 9.83 10.00 9.99 0 704700.00 704700.00
28/04/2005 9.97 9.67 10.00 9.72 0 572100.00 572100.00
29/04/2005 9.99 9.68 10.00 9.75 0 1293900.00 1293900.00
02/05/2005 9.83 9.67 9.86 9.73 0 725100.00 725100.00
03/05/2005 9.93 9.83 9.99 9.87 0 627000.00 627000.00
04/05/2005 9.99 9.93 10.40 10.38 0 1078200.00 1078200.00
05/05/2005 10.40 10.29 10.60 10.33 0 489300.00 489300.00
06/05/2005 10.40 10.16 10.43 10.24 0 1453800.00 1453800.00
09/05/2005 10.23 10.02 10.33 10.07 0 541800.00 541800.00
10/05/2005 10.16 9.75 10.16 9.83 0 863400.00 863400.00
11/05/2005 9.85 9.57 9.93 9.93 0 1164900.00 1164900.00
12/05/2005 9.93 9.77 10.05 9.97 0 404400.00 404400.00
13/05/2005 9.98 9.71 10.00 9.92 0 666300.00 666300.00
16/05/2005 10.00 9.95 10.17 10.08 0 947100.00 947100.00
17/05/2005 10.00 9.93 10.08 10.05 0 374100.00 374100.00
18/05/2005 10.00 10.00 10.17 10.07 0 975000.00 975000.00
19/05/2005 10.08 9.90 10.10 10.08 0 1963200.00 1963200.00
20/05/2005 9.97 9.83 10.08 10.00 0 418500.00 418500.00
23/05/2005 9.90 9.89 10.13 10.02 0 514800.00 514800.00
24/05/2005 9.98 9.85 10.08 10.08 0 482700.00 482700.00
25/05/2005 10.00 9.93 10.13 10.07 0 519300.00 519300.00
26/05/2005 10.07 10.07 10.07 10.07 0 0.00 0.00
27/05/2005 10.13 10.13 10.33 10.33 0 959400.00 959400.00
30/05/2005 10.33 10.27 10.40 10.30 0 308100.00 308100.00
31/05/2005 10.22 10.22 10.39 10.23 0 496200.00 496200.00
01/06/2005 10.30 10.18 10.47 10.30 0 715500.00 715500.00
02/06/2005 10.38 10.30 10.57 10.50 0 1001400.00 1001400.00
03/06/2005 10.50 10.50 10.83 10.73 0 1057500.00 1057500.00
06/06/2005 10.17 10.17 10.70 10.35 0 1190700.00 1190700.00
07/06/2005 10.33 10.08 10.33 10.13 0 963300.00 963300.00
08/06/2005 10.33 9.50 10.33 9.87 0 1058400.00 1058400.00
09/06/2005 9.77 9.57 9.90 9.63 0 460800.00 460800.00
10/06/2005 9.70 9.70 9.86 9.75 0 198900.00 198900.00
13/06/2005 9.86 9.53 9.89 9.62 0 396300.00 396300.00
14/06/2005 9.67 9.33 10.25 10.25 0 1402200.00 1402200.00
15/06/2005 10.08 9.67 10.15 10.15 0 898200.00 898200.00
16/06/2005 10.15 10.15 10.37 10.37 0 361800.00 361800.00
17/06/2005 10.21 10.21 10.80 10.76 0 2072400.00 2072400.00
20/06/2005 10.68 10.66 10.93 10.80 0 1030200.00 1030200.00
21/06/2005 10.80 10.40 11.00 10.67 0 700200.00 700200.00
22/06/2005 10.67 10.33 10.67 10.51 0 761700.00 761700.00
23/06/2005 10.46 10.05 10.46 10.30 0 562500.00 562500.00
24/06/2005 10.17 10.10 10.38 10.38 0 345600.00 345600.00
27/06/2005 10.07 10.07 10.38 10.30 0 301200.00 301200.00
28/06/2005 10.33 10.17 10.36 10.27 0 625800.00 625800.00
29/06/2005 10.36 10.00 10.38 10.30 0 1160100.00 1160100.00
30/06/2005 10.10 10.10 10.80 10.55 0 858600.00 858600.00
01/07/2005 10.55 10.50 10.63 10.57 0 395400.00 395400.00
04/07/2005 10.50 10.08 10.50 10.23 0 441000.00 441000.00
05/07/2005 10.17 9.90 10.27 10.00 0 708300.00 708300.00
06/07/2005 10.00 9.73 10.00 9.85 0 590100.00 590100.00
07/07/2005 9.67 9.67 9.80 9.68 0 466200.00 466200.00
08/07/2005 9.71 9.53 9.78 9.70 0 415200.00 415200.00
11/07/2005 9.75 9.69 9.96 9.95 0 219300.00 219300.00
12/07/2005 9.96 9.93 10.05 10.00 0 648900.00 648900.00
13/07/2005 10.02 10.02 10.32 10.30 0 414000.00 414000.00
14/07/2005 10.35 10.27 10.63 10.50 0 688200.00 688200.00
15/07/2005 10.25 10.23 10.37 10.33 0 366600.00 366600.00
18/07/2005 10.17 10.13 10.23 10.14 0 571500.00 571500.00
19/07/2005 10.09 9.90 10.09 10.05 0 850500.00 850500.00
20/07/2005 9.93 9.92 10.29 10.17 0 294600.00 294600.00
21/07/2005 10.17 10.08 10.26 10.25 0 321000.00 321000.00
22/07/2005 10.17 9.90 10.25 10.06 0 703800.00 703800.00
25/07/2005 9.70 9.40 9.80 9.58 0 973200.00 973200.00
26/07/2005 9.60 9.47 9.67 9.58 0 485400.00 485400.00
27/07/2005 9.58 9.58 9.92 9.86 0 456900.00 456900.00
28/07/2005 9.91 9.91 10.50 10.32 0 587700.00 587700.00
29/07/2005 10.32 10.30 10.49 10.43 0 419400.00 419400.00
01/08/2005 10.37 10.16 10.57 10.50 0 484800.00 484800.00
02/08/2005 10.49 10.49 10.83 10.83 0 559500.00 559500.00
03/08/2005 10.83 10.83 11.30 11.30 0 1327800.00 1327800.00
04/08/2005 11.10 11.00 11.87 11.72 0 1180500.00 1180500.00
05/08/2005 11.63 11.13 11.67 11.13 0 532500.00 532500.00
08/08/2005 11.17 10.90 11.40 11.00 0 478500.00 478500.00
09/08/2005 11.00 10.93 11.50 11.50 0 634200.00 634200.00
10/08/2005 11.47 11.20 11.71 11.55 0 1597500.00 1597500.00
11/08/2005 11.19 10.94 11.80 11.33 0 952500.00 952500.00
12/08/2005 10.80 10.67 11.50 11.50 0 490200.00 490200.00
15/08/2005 11.80 11.62 12.06 12.00 0 1186800.00 1186800.00
16/08/2005 11.73 11.62 11.89 11.83 0 452400.00 452400.00
17/08/2005 11.83 11.73 12.60 12.47 0 2027100.00 2027100.00
18/08/2005 12.27 11.87 12.70 12.30 0 624000.00 624000.00
19/08/2005 12.20 11.55 12.43 12.17 0 904200.00 904200.00
22/08/2005 12.24 12.00 12.27 12.05 0 769500.00 769500.00
23/08/2005 11.77 11.77 11.97 11.87 0 222300.00 222300.00
24/08/2005 11.67 11.50 11.84 11.72 0 676800.00 676800.00
25/08/2005 11.80 11.60 11.96 11.90 0 467400.00 467400.00
26/08/2005 11.66 11.47 12.00 11.66 0 532200.00 532200.00
29/08/2005 11.60 11.35 11.60 11.47 0 545100.00 545100.00
30/08/2005 11.60 11.23 11.60 11.46 0 606000.00 606000.00
31/08/2005 11.45 11.45 11.77 11.63 0 718200.00 718200.00
01/09/2005 11.67 11.46 11.73 11.46 0 321600.00 321600.00
02/09/2005 11.47 11.47 11.81 11.81 0 1094700.00 1094700.00
05/09/2005 11.90 11.77 12.00 11.77 0 295800.00 295800.00
06/09/2005 11.83 11.67 11.87 11.72 0 1413300.00 1413300.00
07/09/2005 11.72 11.72 11.72 11.72 0 0.00 0.00
08/09/2005 11.77 11.63 11.77 11.69 0 2173500.00 2173500.00
09/09/2005 11.77 11.67 11.83 11.76 0 1270200.00 1270200.00
12/09/2005 11.67 11.67 12.05 12.05 0 1041600.00 1041600.00
13/09/2005 12.02 11.47 12.16 11.70 0 534300.00 534300.00
14/09/2005 11.71 11.66 11.95 11.83 0 711600.00 711600.00
15/09/2005 11.94 11.93 12.23 12.13 0 788400.00 788400.00
16/09/2005 12.20 11.83 12.33 12.33 0 528000.00 528000.00
19/09/2005 12.38 12.00 12.63 12.59 0 681900.00 681900.00
20/09/2005 12.50 12.50 13.49 13.22 0 1241700.00 1241700.00
21/09/2005 13.20 13.00 14.17 14.00 0 1294200.00 1294200.00
22/09/2005 13.90 13.73 14.58 14.42 0 799500.00 799500.00
23/09/2005 14.42 14.42 14.97 14.69 0 696000.00 696000.00
26/09/2005 14.93 14.24 14.93 14.47 0 471300.00 471300.00
27/09/2005 14.43 13.70 14.43 13.83 0 619500.00 619500.00
28/09/2005 14.00 13.93 14.53 14.07 0 503700.00 503700.00
29/09/2005 14.33 13.80 14.40 14.28 0 201900.00 201900.00
30/09/2005 14.17 14.17 14.65 14.47 0 168600.00 168600.00
03/10/2005 14.35 14.07 14.83 14.47 0 498900.00 498900.00
04/10/2005 14.47 13.73 14.60 14.17 0 817800.00 817800.00
05/10/2005 14.00 13.80 14.50 14.13 0 711300.00 711300.00
06/10/2005 13.83 13.34 14.17 13.50 0 720000.00 720000.00
07/10/2005 13.97 13.41 14.00 13.67 0 372900.00 372900.00
10/10/2005 13.67 13.67 14.27 13.94 0 473700.00 473700.00
11/10/2005 14.01 13.93 14.33 14.33 0 597600.00 597600.00
12/10/2005 14.33 14.33 14.33 14.33 0 0.00 0.00
13/10/2005 13.77 13.77 14.00 13.82 0 696900.00 696900.00
14/10/2005 13.83 13.43 13.83 13.70 0 471600.00 471600.00
17/10/2005 13.78 13.47 13.96 13.60 0 258600.00 258600.00
18/10/2005 13.80 13.50 13.87 13.73 0 453300.00 453300.00
19/10/2005 13.80 13.35 13.80 13.47 0 465000.00 465000.00
20/10/2005 13.67 12.10 13.85 12.98 0 696600.00 696600.00
21/10/2005 13.06 12.73 13.65 13.17 0 525900.00 525900.00
24/10/2005 13.17 12.34 13.57 13.40 0 490500.00 490500.00
25/10/2005 13.40 13.30 13.80 13.53 0 425100.00 425100.00
26/10/2005 13.27 13.27 13.66 13.36 0 506700.00 506700.00
27/10/2005 13.33 13.32 13.50 13.48 0 321600.00 321600.00
28/10/2005 13.50 13.33 13.93 13.33 0 308100.00 308100.00
31/10/2005 13.60 13.40 13.89 13.80 0 350700.00 350700.00
01/11/2005 13.83 13.83 14.50 14.12 0 528900.00 528900.00
02/11/2005 14.12 14.12 14.12 14.12 0 0.00 0.00
03/11/2005 14.56 14.00 14.63 14.00 0 336300.00 336300.00
04/11/2005 14.00 13.49 14.06 13.80 0 737100.00 737100.00
07/11/2005 13.86 13.86 14.43 14.43 0 418200.00 418200.00
08/11/2005 14.33 14.11 14.57 14.45 0 289800.00 289800.00
09/11/2005 14.47 14.16 14.52 14.17 0 187200.00 187200.00
10/11/2005 14.30 13.88 14.77 14.77 0 405600.00 405600.00
11/11/2005 14.66 14.57 14.75 14.73 0 336600.00 336600.00
14/11/2005 14.63 14.18 14.63 14.18 0 542100.00 542100.00
15/11/2005 14.18 14.18 14.18 14.18 0 0.00 0.00
16/11/2005 14.10 13.62 14.13 13.67 0 1230000.00 1230000.00
17/11/2005 14.00 13.72 14.62 14.37 0 976500.00 976500.00
18/11/2005 14.33 13.90 14.33 14.00 0 332400.00 332400.00
21/11/2005 14.10 13.83 14.15 13.93 0 377100.00 377100.00
22/11/2005 13.83 13.43 13.83 13.67 0 1082400.00 1082400.00
23/11/2005 13.70 13.58 13.83 13.63 0 654000.00 654000.00
24/11/2005 13.59 13.59 13.95 13.70 0 314400.00 314400.00
25/11/2005 13.67 13.58 13.72 13.62 0 320100.00 320100.00
28/11/2005 13.68 13.30 13.83 13.34 0 579900.00 579900.00
29/11/2005 13.40 13.17 13.50 13.43 0 867600.00 867600.00
30/11/2005 13.43 13.00 13.48 13.07 0 918300.00 918300.00
01/12/2005 13.20 13.20 13.50 13.39 0 1672800.00 1672800.00
02/12/2005 13.47 13.47 14.23 14.23 0 1183500.00 1183500.00
05/12/2005 14.29 13.87 14.33 14.29 0 727500.00 727500.00
06/12/2005 14.52 14.18 14.60 14.52 0 781500.00 781500.00
07/12/2005 14.27 13.95 14.40 14.27 0 495900.00 495900.00
08/12/2005 13.93 13.85 14.33 13.93 0 297000.00 297000.00
09/12/2005 13.83 13.58 14.00 13.83 0 383400.00 383400.00
12/12/2005 14.06 14.00 14.26 14.06 0 395400.00 395400.00
13/12/2005 14.33 13.93 14.33 14.33 0 439800.00 439800.00
14/12/2005 14.66 14.22 14.67 14.66 0 687000.00 687000.00
15/12/2005 14.43 14.27 14.82 14.43 0 367500.00 367500.00
16/12/2005 14.18 14.04 14.61 14.18 0 273600.00 273600.00
19/12/2005 13.80 13.77 14.18 13.80 0 780000.00 780000.00
20/12/2005 13.92 13.70 14.00 13.92 0 376500.00 376500.00
21/12/2005 14.10 13.92 14.25 14.10 0 773400.00 773400.00
22/12/2005 14.08 13.90 14.13 14.08 0 271800.00 271800.00
23/12/2005 14.20 14.10 14.33 14.20 0 368400.00 368400.00
26/12/2005 14.16 13.85 14.32 14.16 0 24600.00 24600.00
27/12/2005 14.17 13.90 14.40 14.17 0 515100.00 515100.00
28/12/2005 14.07 13.97 14.17 14.07 0 239400.00 239400.00
29/12/2005 14.07 13.97 14.17 14.07 0 216000.00 216000.00
30/12/2005 14.07 14.07 14.07 14.07 0 0.00 0.00
02/01/2006 13.70 13.70 14.10 13.70 0 523800.00 523800.00
03/01/2006 14.00 13.80 14.07 14.00 0 850800.00 850800.00
04/01/2006 15.90 14.10 16.50 15.90 0 2667300.00 2667300.00
05/01/2006 16.37 15.54 16.40 16.37 0 1039800.00 1039800.00
06/01/2006 17.02 16.43 17.17 17.02 0 1173900.00 1173900.00
09/01/2006 17.00 16.92 17.67 17.66 0 689700.00 689700.00
10/01/2006 17.13 16.71 17.78 17.13 0 633900.00 633900.00
11/01/2006 17.20 17.20 17.60 17.33 0 432000.00 432000.00
12/01/2006 17.33 17.17 17.60 17.50 0 841200.00 841200.00
13/01/2006 17.33 17.33 17.67 17.67 0 351900.00 351900.00
16/01/2006 17.68 17.68 18.00 17.92 0 414900.00 414900.00
17/01/2006 17.77 17.60 17.92 17.80 0 666000.00 666000.00
18/01/2006 17.63 17.47 18.33 18.02 0 1026300.00 1026300.00
19/01/2006 18.20 18.20 19.20 19.05 0 791700.00 791700.00
20/01/2006 19.00 18.67 19.32 18.83 0 537300.00 537300.00
23/01/2006 18.83 18.42 18.99 18.78 0 357900.00 357900.00
24/01/2006 18.78 18.55 18.97 18.67 0 664200.00 664200.00
25/01/2006 18.67 18.67 18.67 18.67 0 0.00 0.00
26/01/2006 18.77 18.33 18.96 18.37 0 708600.00 708600.00
27/01/2006 18.52 17.20 18.83 17.69 0 833700.00 833700.00
30/01/2006 17.79 17.27 17.82 17.58 0 939600.00 939600.00
31/01/2006 17.80 17.80 18.47 17.85 0 1256700.00 1256700.00
01/02/2006 17.85 17.83 19.26 19.03 0 1090200.00 1090200.00
02/02/2006 19.48 19.34 21.23 20.00 0 2747700.00 2747700.00
03/02/2006 19.77 18.93 20.56 19.33 0 1701900.00 1701900.00
06/02/2006 19.34 18.77 19.55 19.45 0 1204800.00 1204800.00
07/02/2006 19.47 18.42 19.47 18.84 0 510900.00 510900.00
08/02/2006 18.90 18.47 19.33 18.47 0 381600.00 381600.00
09/02/2006 17.70 17.90 19.00 18.87 0 463500.00 463500.00
10/02/2006 19.13 18.77 19.33 19.17 0 781200.00 781200.00
13/02/2006 19.30 18.78 20.17 18.82 0 551400.00 551400.00
14/02/2006 19.00 19.00 19.99 19.99 0 612600.00 612600.00
15/02/2006 20.00 19.45 20.40 19.87 0 1701000.00 1701000.00
16/02/2006 20.53 19.98 20.90 20.17 0 1149900.00 1149900.00
17/02/2006 20.33 19.99 20.67 20.33 0 693000.00 693000.00
20/02/2006 19.90 19.23 19.90 19.33 0 1157100.00 1157100.00
21/02/2006 19.43 18.09 19.47 18.33 0 1139100.00 1139100.00
22/02/2006 18.42 18.00 18.82 18.00 0 716400.00 716400.00
23/02/2006 18.33 17.81 18.37 17.93 0 833400.00 833400.00
24/02/2006 17.99 17.84 18.27 18.19 0 432600.00 432600.00
27/02/2006 18.19 18.19 18.19 18.19 0 0.00 0.00
28/02/2006 18.33 18.33 18.33 18.33 0 0.00 0.00
01/03/2006 18.50 18.50 18.83 18.72 0 584700.00 584700.00
02/03/2006 18.72 18.51 18.88 18.51 0 705300.00 705300.00
03/03/2006 18.53 18.09 18.68 18.67 0 469800.00 469800.00
06/03/2006 18.67 18.12 18.68 18.33 0 556200.00 556200.00
07/03/2006 18.17 17.92 18.52 18.03 0 990600.00 990600.00
08/03/2006 17.87 17.70 18.30 18.30 0 778200.00 778200.00
09/03/2006 18.59 17.67 18.59 18.00 0 524100.00 524100.00
10/03/2006 18.20 17.80 18.78 18.73 0 575100.00 575100.00
13/03/2006 18.60 18.60 19.32 19.13 0 864600.00 864600.00
14/03/2006 19.00 18.77 19.30 19.30 0 429300.00 429300.00
15/03/2006 19.00 19.00 19.43 19.42 0 557100.00 557100.00
16/03/2006 19.44 19.02 19.57 19.43 0 583500.00 583500.00
17/03/2006 19.43 18.93 19.43 19.30 0 915000.00 915000.00
20/03/2006 19.28 18.84 19.36 19.10 0 472500.00 472500.00
21/03/2006 18.53 18.37 19.10 18.53 0 609300.00 609300.00
22/03/2006 18.65 18.43 19.27 19.27 0 578100.00 578100.00
23/03/2006 19.00 18.22 19.00 18.40 0 554100.00 554100.00
24/03/2006 18.67 18.03 18.67 18.56 0 307200.00 307200.00
27/03/2006 18.21 17.68 18.27 17.68 0 823500.00 823500.00
28/03/2006 17.68 16.51 17.68 16.53 0 1019700.00 1019700.00
29/03/2006 16.67 16.67 17.03 16.93 0 763800.00 763800.00
30/03/2006 17.07 16.69 17.23 17.03 0 463200.00 463200.00
31/03/2006 17.17 16.82 18.67 18.50 0 1515300.00 1515300.00
03/04/2006 18.50 18.04 18.80 18.38 0 478200.00 478200.00
04/04/2006 18.38 18.27 18.66 18.27 0 661200.00 661200.00
05/04/2006 18.26 17.50 18.27 17.67 0 1289100.00 1289100.00
06/04/2006 18.07 17.40 18.07 17.73 0 1251600.00 1251600.00
07/04/2006 17.91 17.75 18.47 18.20 0 905100.00 905100.00
10/04/2006 18.00 17.34 18.14 17.67 0 567000.00 567000.00
11/04/2006 17.72 17.53 17.77 17.67 0 556200.00 556200.00
12/04/2006 17.67 17.55 18.12 17.70 0 2238300.00 2238300.00
13/04/2006 17.70 17.33 17.80 17.33 0 893100.00 893100.00
14/04/2006 17.33 17.33 17.33 17.33 0 0.00 0.00
17/04/2006 17.50 17.27 17.53 17.37 0 569700.00 569700.00
18/04/2006 17.50 17.47 18.05 17.98 0 2096700.00 2096700.00
19/04/2006 18.00 18.00 18.68 18.64 0 1730100.00 1730100.00
20/04/2006 19.07 18.84 19.29 19.07 0 1533300.00 1533300.00
21/04/2006 19.07 19.07 19.07 19.07 0 0.00 0.00
24/04/2006 19.17 18.41 19.17 19.03 0 587400.00 587400.00
25/04/2006 19.10 18.84 19.30 19.20 0 742200.00 742200.00
26/04/2006 19.23 19.23 19.94 19.90 0 711600.00 711600.00
27/04/2006 19.67 19.33 19.96 19.77 0 604500.00 604500.00
28/04/2006 19.72 19.50 20.37 20.22 0 1158000.00 1158000.00
01/05/2006 20.22 20.22 20.22 20.22 0 0.00 0.00
02/05/2006 20.00 19.70 20.19 19.93 0 419400.00 419400.00
03/05/2006 20.23 19.50 20.23 19.83 0 660000.00 660000.00
04/05/2006 19.83 19.53 20.17 20.01 0 674100.00 674100.00
05/05/2006 20.01 19.83 20.04 19.83 0 1016700.00 1016700.00
08/05/2006 19.97 19.74 20.73 20.50 0 796200.00 796200.00
09/05/2006 20.67 20.27 20.70 20.65 0 718200.00 718200.00
10/05/2006 20.57 20.32 21.50 21.50 0 1648500.00 1648500.00
11/05/2006 21.51 21.17 21.67 21.42 0 911700.00 911700.00
12/05/2006 21.38 20.74 21.53 21.50 0 923700.00 923700.00
15/05/2006 21.34 20.74 21.53 21.33 0 1293300.00 1293300.00
16/05/2006 21.33 21.33 22.33 22.26 0 2278800.00 2278800.00
17/05/2006 22.33 21.42 22.40 21.42 0 973200.00 973200.00
18/05/2006 21.67 20.17 22.00 20.33 0 1364100.00 1364100.00
19/05/2006 20.57 19.17 20.67 19.57 0 1188000.00 1188000.00
22/05/2006 19.00 17.83 19.00 18.00 0 926400.00 926400.00
23/05/2006 18.52 17.00 18.66 17.27 0 1046400.00 1046400.00
24/05/2006 17.37 16.11 17.39 16.46 0 989400.00 989400.00
25/05/2006 17.00 16.80 19.00 19.00 0 1155900.00 1155900.00
26/05/2006 19.80 19.20 20.77 20.67 0 1142100.00 1142100.00
29/05/2006 20.67 19.58 20.87 19.70 0 594000.00 594000.00
30/05/2006 19.46 18.40 19.51 18.67 0 923400.00 923400.00
31/05/2006 18.93 18.17 19.47 18.73 0 858600.00 858600.00
01/06/2006 19.17 18.87 19.86 19.73 0 1113300.00 1113300.00
02/06/2006 20.48 19.00 20.48 19.64 0 972600.00 972600.00
05/06/2006 19.83 19.17 19.83 19.33 0 430500.00 430500.00
06/06/2006 19.27 18.50 19.66 19.66 0 525000.00 525000.00
07/06/2006 20.00 18.50 20.17 18.50 0 1384800.00 1384800.00
08/06/2006 18.63 17.83 18.67 17.94 0 1410300.00 1410300.00
09/06/2006 18.75 18.23 18.75 18.67 0 891900.00 891900.00
12/06/2006 18.70 17.37 18.92 17.67 0 1240500.00 1240500.00
13/06/2006 17.33 16.87 17.67 17.37 0 1259700.00 1259700.00
14/06/2006 17.37 16.17 17.78 16.37 0 2214600.00 2214600.00
15/06/2006 16.37 16.37 16.37 16.37 0 0.00 0.00
16/06/2006 17.00 16.77 17.33 17.07 0 736800.00 736800.00
19/06/2006 17.25 16.50 17.67 16.83 0 652500.00 652500.00
20/06/2006 16.83 16.27 17.17 16.27 0 714000.00 714000.00
21/06/2006 16.34 15.87 16.34 16.00 0 2096400.00 2096400.00
22/06/2006 16.20 15.86 16.26 15.86 0 1211400.00 1211400.00
23/06/2006 15.85 15.18 15.87 15.35 0 3961500.00 3961500.00
26/06/2006 15.40 15.00 15.40 15.30 0 2138700.00 2138700.00
27/06/2006 15.13 14.83 16.14 15.32 0 5316600.00 5316600.00
28/06/2006 15.17 15.03 15.87 15.80 0 6246900.00 6246900.00
29/06/2006 15.90 15.80 16.63 16.63 0 3877500.00 3877500.00
30/06/2006 16.67 16.37 17.00 16.66 0 2763900.00 2763900.00
03/07/2006 16.63 16.50 16.87 16.70 0 1749900.00 1749900.00
04/07/2006 16.70 16.50 16.78 16.63 0 1278600.00 1278600.00
05/07/2006 16.40 15.72 16.40 15.77 0 2371800.00 2371800.00
06/07/2006 15.88 15.83 16.13 15.99 0 1692000.00 1692000.00
07/07/2006 16.16 15.43 16.17 15.67 0 1486200.00 1486200.00
10/07/2006 15.80 15.45 15.97 15.60 0 802500.00 802500.00
11/07/2006 15.60 15.22 15.65 15.53 0 1868700.00 1868700.00
12/07/2006 15.67 15.47 15.82 15.77 0 1441200.00 1441200.00
13/07/2006 15.60 15.42 15.72 15.45 0 1369200.00 1369200.00
14/07/2006 15.50 15.43 15.66 15.58 0 683100.00 683100.00
17/07/2006 15.57 15.39 15.60 15.40 0 2020500.00 2020500.00
18/07/2006 15.42 15.27 15.67 15.37 0 1391700.00 1391700.00
19/07/2006 15.50 15.43 16.16 16.07 0 4248600.00 4248600.00
20/07/2006 16.17 15.59 16.26 15.60 0 1609500.00 1609500.00
21/07/2006 15.65 15.44 15.77 15.77 0 918900.00 918900.00
24/07/2006 15.88 15.75 16.20 16.01 0 1639200.00 1639200.00
25/07/2006 16.07 15.90 16.18 16.17 0 1443000.00 1443000.00
26/07/2006 16.10 16.03 16.32 16.16 0 1827300.00 1827300.00
27/07/2006 16.17 16.07 16.50 16.17 0 1676100.00 1676100.00
28/07/2006 16.23 16.20 16.67 16.67 0 2587800.00 2587800.00
31/07/2006 16.65 16.47 16.73 16.63 0 740400.00 740400.00
01/08/2006 16.53 16.13 16.57 16.20 0 1422900.00 1422900.00
02/08/2006 16.27 16.22 16.57 16.25 0 1761300.00 1761300.00
03/08/2006 16.20 16.12 16.63 16.46 0 1039800.00 1039800.00
04/08/2006 16.63 16.45 16.87 16.48 0 1823100.00 1823100.00
07/08/2006 16.48 16.34 16.70 16.70 0 1259700.00 1259700.00
08/08/2006 16.67 16.44 16.89 16.70 0 1836300.00 1836300.00
09/08/2006 16.80 16.67 16.98 16.67 0 2054100.00 2054100.00
10/08/2006 16.90 16.44 17.00 16.90 0 1985400.00 1985400.00
11/08/2006 17.00 17.00 17.60 17.50 0 1955700.00 1955700.00
14/08/2006 17.23 16.63 17.23 16.67 0 6339900.00 6339900.00
15/08/2006 16.36 16.17 16.67 16.27 0 2606100.00 2606100.00
16/08/2006 16.40 15.54 16.42 15.77 0 3509400.00 3509400.00
17/08/2006 15.82 15.62 15.93 15.83 0 1621500.00 1621500.00
18/08/2006 15.84 15.73 15.87 15.85 0 876900.00 876900.00
21/08/2006 15.87 15.73 15.90 15.83 0 453600.00 453600.00
22/08/2006 15.80 15.60 15.83 15.73 0 1418700.00 1418700.00
23/08/2006 15.74 15.04 15.74 15.10 0 2419800.00 2419800.00
24/08/2006 15.20 15.20 15.67 15.67 0 1347000.00 1347000.00
25/08/2006 15.38 15.13 16.03 15.22 0 1741200.00 1741200.00
28/08/2006 15.32 15.00 15.66 15.66 0 886800.00 886800.00
29/08/2006 15.80 15.50 15.93 15.80 0 1197900.00 1197900.00
30/08/2006 15.83 15.83 15.98 15.90 0 1285500.00 1285500.00
31/08/2006 15.98 15.83 16.14 16.00 0 2338800.00 2338800.00
01/09/2006 16.10 16.05 16.58 16.57 0 2214300.00 2214300.00
04/09/2006 16.50 16.50 16.91 16.91 0 1251900.00 1251900.00
05/09/2006 16.55 16.35 16.83 16.42 0 1774800.00 1774800.00
06/09/2006 16.34 16.00 16.46 16.27 0 2386200.00 2386200.00
07/09/2006 16.27 16.27 16.27 16.27 0 0.00 0.00
08/09/2006 16.27 16.18 16.35 16.27 0 815400.00 815400.00
11/09/2006 16.22 16.04 16.42 16.09 0 2202600.00 2202600.00
12/09/2006 16.09 15.73 16.25 16.25 0 2545200.00 2545200.00
13/09/2006 16.33 16.17 16.48 16.33 0 2946900.00 2946900.00
14/09/2006 16.27 15.83 16.37 15.97 0 1332600.00 1332600.00
15/09/2006 15.98 15.87 16.17 16.07 0 1023300.00 1023300.00
18/09/2006 16.07 15.84 16.23 16.10 0 399300.00 399300.00
19/09/2006 16.00 15.72 16.13 15.83 0 1087500.00 1087500.00
20/09/2006 15.86 15.03 16.07 15.37 0 1303800.00 1303800.00
21/09/2006 15.40 14.67 15.43 14.67 0 3169500.00 3169500.00
22/09/2006 14.67 14.59 15.17 15.13 0 1469100.00 1469100.00
25/09/2006 15.12 14.78 15.67 15.35 0 1903500.00 1903500.00
26/09/2006 15.65 15.47 15.83 15.83 0 1596600.00 1596600.00
27/09/2006 15.76 15.48 15.80 15.78 0 759600.00 759600.00
28/09/2006 15.66 15.50 15.89 15.86 0 2252400.00 2252400.00
29/09/2006 15.86 15.61 15.87 15.83 0 1493100.00 1493100.00
02/10/2006 16.05 16.02 16.54 16.43 0 4523100.00 4523100.00
03/10/2006 16.26 16.10 16.71 16.50 0 2846700.00 2846700.00
04/10/2006 16.50 16.40 17.33 17.08 0 3313800.00 3313800.00
05/10/2006 17.07 16.53 17.20 17.16 0 1522800.00 1522800.00
06/10/2006 16.93 16.83 17.17 17.17 0 987000.00 987000.00
09/10/2006 17.00 17.00 17.57 17.57 0 5400.00 5400.00
10/10/2006 17.56 17.38 17.71 17.50 0 3134100.00 3134100.00
11/10/2006 17.17 16.53 17.20 16.53 0 4029300.00 4029300.00
12/10/2006 16.53 16.53 16.53 16.53 0 0.00 0.00
13/10/2006 16.93 16.60 16.98 16.60 0 2429700.00 2429700.00
16/10/2006 16.58 16.58 16.80 16.73 0 1155600.00 1155600.00
17/10/2006 16.72 16.40 16.82 16.66 0 1720500.00 1720500.00
18/10/2006 16.72 16.63 16.99 16.80 0 3187800.00 3187800.00
19/10/2006 16.77 16.60 16.85 16.71 0 1481100.00 1481100.00
20/10/2006 16.70 16.27 16.79 16.47 0 1541100.00 1541100.00
23/10/2006 16.47 16.27 16.88 16.88 0 1143300.00 1143300.00
24/10/2006 16.87 16.73 17.13 17.03 0 1210200.00 1210200.00
25/10/2006 17.10 16.96 17.26 17.16 0 1133400.00 1133400.00
26/10/2006 17.28 17.20 17.47 17.28 0 2270100.00 2270100.00
27/10/2006 17.28 17.12 17.33 17.24 0 2362200.00 2362200.00
30/10/2006 17.16 16.83 17.26 17.11 0 1075500.00 1075500.00
31/10/2006 17.04 17.04 17.31 17.31 0 633600.00 633600.00
01/11/2006 17.33 17.23 17.62 17.55 0 1975200.00 1975200.00
02/11/2006 17.55 17.55 17.55 17.55 0 0.00 0.00
03/11/2006 17.50 17.43 17.77 17.53 0 1594800.00 1594800.00
06/11/2006 17.60 17.60 18.52 18.50 0 2684100.00 2684100.00
07/11/2006 18.21 18.12 18.40 18.23 0 3144000.00 3144000.00
08/11/2006 18.13 17.83 18.20 18.19 0 1167900.00 1167900.00
09/11/2006 18.20 17.44 18.34 17.50 0 1488000.00 1488000.00
10/11/2006 17.73 17.50 18.00 18.00 0 1272900.00 1272900.00
13/11/2006 17.70 17.50 18.33 18.33 0 2017500.00 2017500.00
14/11/2006 18.33 18.01 18.55 18.17 0 2513700.00 2513700.00
15/11/2006 18.17 18.17 18.17 18.17 0 0.00 0.00
16/11/2006 18.33 18.17 18.54 18.30 0 1793700.00 1793700.00
17/11/2006 18.33 18.07 18.33 18.33 0 1083600.00 1083600.00
20/11/2006 18.33 18.33 18.33 18.33 0 0.00 0.00
21/11/2006 18.10 18.10 18.56 18.56 0 1887300.00 1887300.00
22/11/2006 18.53 18.53 19.33 19.33 0 1886400.00 1886400.00
23/11/2006 19.21 19.10 19.50 19.33 0 1778100.00 1778100.00
24/11/2006 18.99 18.83 19.19 18.83 0 699600.00 699600.00
27/11/2006 18.84 18.13 18.92 18.16 0 2036100.00 2036100.00
28/11/2006 18.26 18.18 18.75 18.73 0 986400.00 986400.00
29/11/2006 18.86 18.83 19.21 19.17 0 1340400.00 1340400.00
30/11/2006 19.17 18.89 19.72 19.72 0 2174700.00 2174700.00
01/12/2006 19.62 19.50 20.67 20.40 0 3853200.00 3853200.00
04/12/2006 20.31 20.27 21.23 21.18 0 2011800.00 2011800.00
05/12/2006 21.10 20.80 21.22 20.80 0 1620000.00 1620000.00
06/12/2006 20.77 20.33 21.00 20.42 0 1163400.00 1163400.00
07/12/2006 20.60 20.07 20.73 20.47 0 1164000.00 1164000.00
08/12/2006 20.83 20.37 21.17 21.01 0 1153200.00 1153200.00
11/12/2006 21.13 21.01 21.67 21.66 0 1922100.00 1922100.00
12/12/2006 21.26 20.74 21.67 20.83 0 2480400.00 2480400.00
13/12/2006 21.07 20.66 21.77 21.43 0 3294900.00 3294900.00
14/12/2006 21.33 21.10 21.65 21.40 0 1832700.00 1832700.00
15/12/2006 21.23 21.17 21.83 21.20 0 735300.00 735300.00
18/12/2006 21.50 20.80 21.67 20.80 0 783900.00 783900.00
19/12/2006 20.97 20.41 20.97 20.83 0 1058700.00 1058700.00
20/12/2006 20.87 20.70 21.33 20.92 0 1283100.00 1283100.00
21/12/2006 20.92 20.67 21.33 21.02 0 1112700.00 1112700.00
22/12/2006 21.01 20.67 21.15 20.67 0 1981800.00 1981800.00
25/12/2006 20.67 20.67 20.67 20.67 0 0.00 0.00
26/12/2006 20.67 20.60 21.03 20.80 0 930600.00 930600.00
27/12/2006 21.00 20.80 21.23 21.20 0 832200.00 832200.00
28/12/2006 21.11 21.10 21.43 21.33 0 1727700.00 1727700.00
29/12/2006 21.33 21.33 21.33 21.33 0 0.00 0.00
01/01/2007 21.33 21.33 21.33 21.33 0 0.00 0.00
02/01/2007 21.17 21.17 22.03 21.91 0 1952400.00 1952400.00
03/01/2007 21.83 21.52 22.20 21.52 0 819000.00 819000.00
04/01/2007 21.67 21.56 22.30 22.30 0 1742400.00 1742400.00
05/01/2007 22.07 21.00 22.28 21.33 0 4957800.00 4957800.00
08/01/2007 21.40 21.33 21.93 21.83 0 2096100.00 2096100.00
09/01/2007 21.80 21.33 22.00 21.60 0 1513200.00 1513200.00
10/01/2007 21.03 21.03 21.67 21.53 0 896100.00 896100.00
11/01/2007 21.63 21.23 22.03 21.86 0 1024200.00 1024200.00
12/01/2007 21.83 21.74 22.33 21.93 0 1625700.00 1625700.00
15/01/2007 22.04 22.04 22.33 22.27 0 891600.00 891600.00
16/01/2007 22.03 22.02 22.25 22.14 0 1686600.00 1686600.00
17/01/2007 22.06 21.84 22.66 22.41 0 1633500.00 1633500.00
18/01/2007 22.51 22.51 23.07 22.74 0 1779000.00 1779000.00
19/01/2007 22.83 22.70 23.07 23.03 0 1231500.00 1231500.00
22/01/2007 23.02 22.60 23.26 23.00 0 1476900.00 1476900.00
23/01/2007 23.00 22.67 23.07 22.67 0 1401600.00 1401600.00
24/01/2007 22.90 22.77 23.16 23.07 0 2361900.00 2361900.00
25/01/2007 23.07 23.07 23.07 23.07 0 0.00 0.00
26/01/2007 23.00 22.82 23.06 22.92 0 1515900.00 1515900.00
29/01/2007 22.85 22.72 22.92 22.83 0 1912200.00 1912200.00
30/01/2007 22.85 22.77 23.33 23.23 0 1197000.00 1197000.00
31/01/2007 23.00 22.87 23.33 23.17 0 1886400.00 1886400.00
01/02/2007 23.17 23.03 23.33 23.03 0 1160400.00 1160400.00
02/02/2007 23.30 22.80 23.31 22.93 0 1145700.00 1145700.00
05/02/2007 22.95 22.87 23.30 23.08 0 1436700.00 1436700.00
06/02/2007 23.17 22.93 23.23 23.03 0 1975500.00 1975500.00
07/02/2007 23.00 22.83 23.15 22.83 0 1074900.00 1074900.00
08/02/2007 22.77 21.83 22.77 22.60 0 1926000.00 1926000.00
09/02/2007 22.96 22.00 22.96 22.16 0 1593300.00 1593300.00
12/02/2007 22.32 22.00 22.50 22.00 0 1042500.00 1042500.00
13/02/2007 22.08 22.04 22.48 22.33 0 978300.00 978300.00
14/02/2007 22.33 22.33 23.28 23.13 0 2738100.00 2738100.00
15/02/2007 23.13 22.34 23.17 22.77 0 1121700.00 1121700.00
16/02/2007 22.72 22.30 22.92 22.34 0 730800.00 730800.00
19/02/2007 22.34 22.34 22.34 22.34 0 0.00 0.00
20/02/2007 22.34 22.34 22.34 22.34 0 0.00 0.00
21/02/2007 22.34 22.34 23.28 22.90 0 1323900.00 1323900.00
22/02/2007 22.83 22.83 23.32 23.32 0 1280400.00 1280400.00
23/02/2007 23.17 22.73 23.33 22.73 0 1167600.00 1167600.00
26/02/2007 22.83 22.77 23.26 23.13 0 894600.00 894600.00
27/02/2007 22.86 22.00 24.16 22.57 0 4154700.00 4154700.00
28/02/2007 23.16 22.70 23.16 22.87 0 3194100.00 3194100.00
01/03/2007 22.67 21.37 23.23 23.00 0 1404000.00 1404000.00
02/03/2007 22.38 21.83 22.80 21.83 0 1299000.00 1299000.00
05/03/2007 21.33 21.33 22.22 21.40 0 1181400.00 1181400.00
06/03/2007 22.03 21.66 22.30 22.30 0 2142900.00 2142900.00
07/03/2007 22.34 21.90 22.51 22.07 0 1466400.00 1466400.00
08/03/2007 22.40 22.01 22.67 22.20 0 952200.00 952200.00
09/03/2007 22.40 22.33 22.92 22.77 0 1243500.00 1243500.00
12/03/2007 22.93 22.25 22.93 22.48 0 1650900.00 1650900.00
13/03/2007 22.33 21.68 22.33 21.70 0 1671600.00 1671600.00
14/03/2007 21.40 21.40 22.67 22.00 0 4607400.00 4607400.00
15/03/2007 22.13 21.53 22.29 22.00 0 1501200.00 1501200.00
16/03/2007 22.20 21.55 22.20 21.63 0 829800.00 829800.00
19/03/2007 22.18 21.64 22.50 22.50 0 1144200.00 1144200.00
20/03/2007 22.35 22.27 22.83 22.71 0 995100.00 995100.00
21/03/2007 22.67 22.37 23.16 23.03 0 3140100.00 3140100.00
22/03/2007 23.12 22.83 23.33 23.15 0 1740600.00 1740600.00
23/03/2007 23.00 22.72 23.17 23.08 0 786300.00 786300.00
26/03/2007 23.09 22.70 23.10 23.03 0 777300.00 777300.00
27/03/2007 22.90 22.43 22.99 22.43 0 588900.00 588900.00
28/03/2007 22.41 21.67 22.41 21.77 0 1502400.00 1502400.00
29/03/2007 21.97 21.54 22.20 21.83 0 2343300.00 2343300.00
30/03/2007 21.83 21.83 22.38 22.23 0 1562700.00 1562700.00
02/04/2007 22.23 21.50 22.23 21.72 0 1380300.00 1380300.00
03/04/2007 21.87 21.87 23.03 22.83 0 2975700.00 2975700.00
04/04/2007 22.67 22.50 23.17 22.72 0 722400.00 722400.00
05/04/2007 22.72 22.50 23.27 23.17 0 817800.00 817800.00
06/04/2007 23.17 23.17 23.17 23.17 0 0.00 0.00
09/04/2007 23.20 23.17 23.73 23.37 0 1704000.00 1704000.00
10/04/2007 23.33 23.01 23.37 23.02 0 1166400.00 1166400.00
11/04/2007 23.15 22.40 23.27 22.62 0 1079400.00 1079400.00
12/04/2007 22.63 22.40 22.76 22.56 0 1317000.00 1317000.00
13/04/2007 22.67 22.40 22.70 22.65 0 885300.00 885300.00
16/04/2007 23.20 22.67 23.36 23.30 0 1419900.00 1419900.00
17/04/2007 23.33 23.17 23.62 23.33 0 985800.00 985800.00
18/04/2007 23.17 23.00 23.97 23.47 0 1891200.00 1891200.00
19/04/2007 23.23 23.10 23.90 23.75 0 1469100.00 1469100.00
20/04/2007 24.00 23.91 24.30 24.17 0 1156200.00 1156200.00
23/04/2007 24.33 24.00 24.39 24.33 0 873900.00 873900.00
24/04/2007 24.30 23.69 24.30 23.83 0 1477500.00 1477500.00
25/04/2007 24.03 23.90 24.66 24.43 0 1746900.00 1746900.00
26/04/2007 24.60 23.87 24.60 24.02 0 917400.00 917400.00
27/04/2007 23.82 23.36 23.82 23.80 0 2019600.00 2019600.00
30/04/2007 23.77 23.20 23.77 23.20 0 785700.00 785700.00
01/05/2007 23.20 23.20 23.20 23.20 0 0.00 0.00
02/05/2007 23.40 23.25 23.73 23.48 0 1620000.00 1620000.00
03/05/2007 23.67 23.67 24.13 24.10 0 1525500.00 1525500.00
04/05/2007 24.22 23.93 24.59 24.50 0 1356000.00 1356000.00
07/05/2007 24.50 24.21 24.52 24.52 0 1629600.00 1629600.00
08/05/2007 24.40 24.07 25.61 25.60 0 3721800.00 3721800.00
09/05/2007 25.62 25.17 26.43 26.24 0 3413700.00 3413700.00
10/05/2007 26.13 25.60 26.13 25.63 0 2485800.00 2485800.00
11/05/2007 25.67 25.67 26.16 25.93 0 862200.00 862200.00
14/05/2007 26.00 25.49 26.14 26.00 0 980100.00 980100.00
15/05/2007 26.21 26.17 26.87 26.70 0 2623800.00 2623800.00
16/05/2007 26.67 26.23 27.17 26.98 0 2661000.00 2661000.00
17/05/2007 26.98 26.60 27.16 26.82 0 1524900.00 1524900.00
18/05/2007 26.70 26.50 27.30 27.30 0 1862700.00 1862700.00
21/05/2007 27.33 27.17 28.57 27.72 0 3091800.00 3091800.00
22/05/2007 27.88 26.97 27.97 27.05 0 3127500.00 3127500.00
23/05/2007 27.33 26.23 27.53 26.63 0 4413900.00 4413900.00
24/05/2007 26.63 25.67 26.64 25.83 0 2934000.00 2934000.00
25/05/2007 25.97 25.78 26.61 26.50 0 1684200.00 1684200.00
28/05/2007 26.77 26.43 27.00 26.90 0 1006800.00 1006800.00
29/05/2007 26.97 26.11 27.13 26.43 0 2642700.00 2642700.00
30/05/2007 26.17 25.64 26.55 26.33 0 3480600.00 3480600.00
31/05/2007 26.63 26.32 26.67 26.40 0 2127600.00 2127600.00
01/06/2007 26.57 26.54 27.09 27.00 0 2524200.00 2524200.00
04/06/2007 26.98 26.70 27.30 27.20 0 1988500.00 1988500.00
05/06/2007 27.48 27.29 27.80 27.80 0 3070900.00 3070900.00
06/06/2007 27.60 26.90 27.68 27.40 0 2773600.00 2773600.00
07/06/2007 27.40 27.40 27.40 27.40 0 0.00 0.00
08/06/2007 26.84 26.70 27.90 27.85 0 3517200.00 3517200.00
11/06/2007 27.95 27.54 28.15 27.83 0 2161700.00 2161700.00
12/06/2007 27.69 26.88 27.69 26.90 0 1776700.00 1776700.00
13/06/2007 27.20 26.91 27.60 27.25 0 4593100.00 4593100.00
14/06/2007 27.33 27.33 28.00 27.98 0 2203300.00 2203300.00
15/06/2007 28.20 28.20 28.82 28.65 0 2443000.00 2443000.00
18/06/2007 28.90 28.21 29.00 28.40 0 2535800.00 2535800.00
19/06/2007 28.48 28.01 28.48 28.20 0 2392900.00 2392900.00
20/06/2007 28.50 27.90 28.50 27.95 0 1833700.00 1833700.00
21/06/2007 28.01 27.50 28.50 28.40 0 1909700.00 1909700.00
22/06/2007 28.16 28.00 28.55 28.30 0 2555300.00 2555300.00
25/06/2007 28.10 27.85 28.40 27.90 0 1390900.00 1390900.00
26/06/2007 27.95 27.90 28.29 27.94 0 792400.00 792400.00
27/06/2007 27.89 27.21 27.94 27.70 0 1904900.00 1904900.00
28/06/2007 27.91 27.80 28.39 27.90 0 1087700.00 1087700.00
29/06/2007 28.04 27.59 28.18 27.89 0 1871300.00 1871300.00
02/07/2007 28.00 27.86 28.30 28.20 0 1014000.00 1014000.00
03/07/2007 28.23 28.19 29.00 28.72 0 1327900.00 1327900.00
04/07/2007 28.91 28.63 28.95 28.69 0 1055900.00 1055900.00
05/07/2007 28.68 28.10 29.47 29.40 0 1319200.00 1319200.00
06/07/2007 29.81 29.81 29.81 29.81 0 3384200.00 3384200.00
09/07/2007 29.81 29.81 29.81 29.81 0 0.00 0.00
10/07/2007 30.00 29.20 30.00 29.30 0 3331400.00 3331400.00
11/07/2007 29.21 29.04 29.79 29.34 0 1386300.00 1386300.00
12/07/2007 29.70 29.36 30.30 30.10 0 2507500.00 2507500.00
13/07/2007 30.21 29.54 30.32 29.79 0 2189400.00 2189400.00
16/07/2007 29.70 29.69 30.49 30.20 0 1559600.00 1559600.00
17/07/2007 30.02 30.02 31.00 30.90 0 2160200.00 2160200.00
18/07/2007 30.64 30.30 31.55 30.64 0 1374200.00 1374200.00
19/07/2007 31.42 30.22 31.70 30.30 0 3978400.00 3978400.00
20/07/2007 30.30 29.02 30.30 29.89 0 2192000.00 2192000.00
23/07/2007 30.10 29.50 30.54 30.39 0 1893900.00 1893900.00
24/07/2007 30.00 28.51 30.35 28.86 0 2292500.00 2292500.00
25/07/2007 29.68 28.03 29.72 28.90 0 2029400.00 2029400.00
26/07/2007 28.40 27.04 28.66 28.50 0 2209000.00 2209000.00
27/07/2007 28.00 27.81 29.40 28.05 0 2930700.00 2930700.00
30/07/2007 28.64 28.35 29.30 29.19 0 1170800.00 1170800.00
31/07/2007 30.15 29.50 30.60 29.60 0 2084600.00 2084600.00
01/08/2007 29.15 28.90 30.00 29.80 0 2469700.00 2469700.00
02/08/2007 30.01 29.65 30.27 29.98 0 1152000.00 1152000.00
03/08/2007 29.98 28.85 30.00 29.16 0 1331700.00 1331700.00
06/08/2007 29.01 28.20 29.88 29.15 0 2561400.00 2561400.00
07/08/2007 29.40 28.51 29.75 29.01 0 1421200.00 1421200.00
08/08/2007 29.50 29.20 30.37 29.80 0 1422000.00 1422000.00
09/08/2007 29.51 28.82 29.90 29.45 0 1740500.00 1740500.00
10/08/2007 28.70 28.27 29.40 29.40 0 3218100.00 3218100.00
13/08/2007 29.90 28.56 30.20 29.00 0 1454100.00 1454100.00
14/08/2007 29.10 27.50 29.34 28.00 0 3712000.00 3712000.00
15/08/2007 27.50 25.74 28.33 26.71 0 5051700.00 5051700.00
16/08/2007 25.09 23.76 25.70 25.50 0 5687700.00 5687700.00
17/08/2007 27.00 24.71 27.10 25.20 0 4158800.00 4158800.00
20/08/2007 25.95 25.50 26.49 26.10 0 2217100.00 2217100.00
21/08/2007 26.49 25.75 26.88 26.01 0 1652200.00 1652200.00
22/08/2007 26.48 26.46 27.24 27.20 0 1737700.00 1737700.00
23/08/2007 27.40 26.89 27.72 27.20 0 1953000.00 1953000.00
24/08/2007 27.29 27.01 28.92 28.20 0 1618000.00 1618000.00
27/08/2007 28.10 27.90 28.88 28.27 0 1197200.00 1197200.00
28/08/2007 28.00 27.21 28.10 27.55 0 1099300.00 1099300.00
29/08/2007 27.83 27.21 27.90 27.40 0 1666100.00 1666100.00
30/08/2007 27.49 27.30 28.10 28.00 0 1500700.00 1500700.00
31/08/2007 28.50 28.20 28.90 28.20 0 2181200.00 2181200.00
03/09/2007 28.32 28.06 28.68 28.55 0 668200.00 668200.00
04/09/2007 28.59 27.74 28.68 27.87 0 2336300.00 2336300.00
05/09/2007 27.50 27.11 27.88 27.34 0 1633500.00 1633500.00
06/09/2007 27.59 27.01 27.98 27.01 0 1638200.00 1638200.00
07/09/2007 27.01 27.01 27.01 27.01 0 0.00 0.00
10/09/2007 26.55 25.75 26.79 26.19 0 1900200.00 1900200.00
11/09/2007 26.50 25.90 26.97 26.50 0 2306200.00 2306200.00
12/09/2007 26.47 26.20 27.21 26.50 0 3241800.00 3241800.00
13/09/2007 26.66 26.45 27.62 27.62 0 1960800.00 1960800.00
14/09/2007 27.50 27.32 28.17 27.96 0 2163000.00 2163000.00
17/09/2007 27.75 27.10 28.23 27.10 0 1765500.00 1765500.00
18/09/2007 27.51 26.71 28.15 28.10 0 3435500.00 3435500.00
19/09/2007 28.40 28.20 28.92 28.20 0 2440000.00 2440000.00
20/09/2007 28.40 27.53 28.40 27.70 0 1374200.00 1374200.00
21/09/2007 28.20 27.87 28.31 28.02 0 1407900.00 1407900.00
24/09/2007 28.21 27.90 28.40 28.34 0 926400.00 926400.00
25/09/2007 28.07 27.85 28.78 28.70 0 1925100.00 1925100.00
26/09/2007 28.90 28.80 29.60 29.60 0 2017200.00 2017200.00
27/09/2007 29.72 29.60 30.80 30.80 0 2703100.00 2703100.00
28/09/2007 29.90 29.70 31.00 30.89 0 2459300.00 2459300.00
01/10/2007 31.20 30.73 31.93 31.41 0 2419500.00 2419500.00
02/10/2007 31.35 31.00 32.06 31.95 0 3082100.00 3082100.00
03/10/2007 32.00 29.70 32.00 30.20 0 6111800.00 6111800.00
04/10/2007 29.89 29.70 30.50 29.89 0 2860900.00 2860900.00
05/10/2007 30.35 30.30 31.40 30.85 0 2849900.00 2849900.00
08/10/2007 31.09 29.94 31.15 30.30 0 2544100.00 2544100.00
09/10/2007 30.60 29.75 30.90 30.20 0 2869400.00 2869400.00
10/10/2007 30.44 29.71 30.47 29.98 0 1093800.00 1093800.00
11/10/2007 30.39 29.10 30.60 29.38 0 2051700.00 2051700.00
12/10/2007 29.38 29.38 29.38 29.38 0 0.00 0.00
15/10/2007 29.98 28.56 30.08 29.38 0 2761600.00 2761600.00
16/10/2007 28.80 28.60 29.10 28.70 0 2090300.00 2090300.00
17/10/2007 29.03 28.27 29.39 28.89 0 3029400.00 3029400.00
18/10/2007 28.60 28.05 29.25 29.25 0 1998100.00 1998100.00
19/10/2007 29.37 28.19 29.40 28.40 0 2102900.00 2102900.00
22/10/2007 28.01 28.00 29.38 29.15 0 1314000.00 1314000.00
23/10/2007 29.49 28.90 30.35 30.25 0 1896500.00 1896500.00
24/10/2007 30.20 29.70 30.28 29.70 0 3342400.00 3342400.00
25/10/2007 30.05 29.33 30.18 29.50 0 1733600.00 1733600.00
26/10/2007 29.81 29.80 30.50 30.50 0 1312300.00 1312300.00
29/10/2007 30.60 30.31 31.10 30.60 0 1701800.00 1701800.00
30/10/2007 30.40 30.11 31.54 31.10 0 2428200.00 2428200.00
31/10/2007 31.25 31.25 32.00 31.30 0 1985300.00 1985300.00
01/11/2007 30.82 30.50 31.04 30.80 0 1185300.00 1185300.00
02/11/2007 30.80 30.80 30.80 30.80 0 0.00 0.00
05/11/2007 30.49 29.45 30.60 29.45 0 1463100.00 1463100.00
06/11/2007 30.20 29.85 30.78 30.77 0 2328100.00 2328100.00
07/11/2007 30.21 29.95 30.73 30.40 0 2074000.00 2074000.00
08/11/2007 30.30 28.50 30.69 28.85 0 2371100.00 2371100.00
09/11/2007 29.50 28.00 29.98 29.39 0 2083300.00 2083300.00
12/11/2007 29.14 28.01 29.42 28.10 0 3104000.00 3104000.00
13/11/2007 28.55 28.30 28.88 28.50 0 3549400.00 3549400.00
14/11/2007 28.92 28.60 29.25 28.90 0 1958200.00 1958200.00
15/11/2007 28.90 28.90 28.90 28.90 0 0.00 0.00
16/11/2007 28.89 28.00 28.89 28.26 0 3561900.00 3561900.00
19/11/2007 28.32 26.87 28.48 26.87 0 2458100.00 2458100.00
20/11/2007 26.87 26.87 26.87 26.87 0 0.00 0.00
21/11/2007 26.50 24.57 26.50 24.92 0 7359600.00 7359600.00
22/11/2007 25.30 24.90 25.90 25.90 0 2768800.00 2768800.00
23/11/2007 26.48 25.64 26.48 25.91 0 2320500.00 2320500.00
26/11/2007 25.89 25.31 27.14 25.40 0 2489500.00 2489500.00
27/11/2007 25.50 25.20 27.08 26.70 0 2373800.00 2373800.00
28/11/2007 27.00 26.85 28.68 28.48 0 3580700.00 3580700.00
29/11/2007 28.27 27.82 28.94 28.80 0 4734000.00 4734000.00
30/11/2007 30.06 29.05 31.80 31.80 0 6611300.00 6611300.00
03/12/2007 31.01 30.51 31.20 30.90 0 4863400.00 4863400.00
04/12/2007 29.73 29.35 30.45 30.00 0 2886100.00 2886100.00
05/12/2007 30.20 29.20 30.45 30.00 0 3006600.00 3006600.00
06/12/2007 30.23 29.80 31.49 31.45 0 4090300.00 4090300.00
07/12/2007 31.50 30.51 31.50 31.30 0 4270200.00 4270200.00
10/12/2007 30.85 30.24 31.49 31.10 0 2197800.00 2197800.00
11/12/2007 31.30 30.60 31.70 30.95 0 3238800.00 3238800.00
12/12/2007 30.82 30.15 31.34 30.50 0 4356000.00 4356000.00
13/12/2007 29.80 29.05 29.80 29.60 0 2737000.00 2737000.00
14/12/2007 29.50 29.40 32.40 31.50 0 15440900.00 15440900.00
17/12/2007 30.16 30.00 31.00 30.21 0 7330700.00 7330700.00
18/12/2007 30.30 29.31 30.65 30.56 0 4344000.00 4344000.00
19/12/2007 30.38 30.35 31.22 31.00 0 3324100.00 3324100.00
20/12/2007 31.10 30.80 31.25 31.10 0 3978400.00 3978400.00
21/12/2007 31.15 30.95 31.27 31.10 0 1935400.00 1935400.00
24/12/2007 31.10 31.10 31.10 31.10 0 0.00 0.00
25/12/2007 31.10 31.10 31.10 31.10 0 0.00 0.00
26/12/2007 31.52 30.85 31.64 31.30 0 2374600.00 2374600.00
27/12/2007 31.20 30.89 31.30 31.28 0 1977400.00 1977400.00
28/12/2007 31.09 30.01 31.19 30.40 0 2717800.00 2717800.00
31/12/2007 30.40 30.40 30.40 30.40 0 0.00 0.00
01/01/2008 30.40 30.40 30.40 30.40 0 0.00 0.00
02/01/2008 30.10 29.25 30.82 29.80 0 4728300.00 4728300.00
03/01/2008 29.51 28.85 29.84 29.35 0 5213700.00 5213700.00
04/01/2008 29.35 28.51 29.74 29.01 0 4230800.00 4230800.00
07/01/2008 29.00 28.67 30.23 29.70 0 2734200.00 2734200.00
08/01/2008 30.00 29.60 30.63 30.31 0 3126600.00 3126600.00
09/01/2008 29.90 29.60 30.87 30.85 0 3357800.00 3357800.00
10/01/2008 30.61 30.02 31.74 31.74 0 2691600.00 2691600.00
11/01/2008 30.80 30.07 30.96 30.12 0 1902100.00 1902100.00
14/01/2008 30.28 29.66 30.42 30.00 0 2157700.00 2157700.00
15/01/2008 29.60 29.20 29.93 29.31 0 2839400.00 2839400.00
16/01/2008 29.00 28.50 29.59 29.30 0 5113800.00 5113800.00
17/01/2008 29.15 28.60 29.42 28.99 0 3246600.00 3246600.00
18/01/2008 29.10 28.10 29.16 28.55 0 2846000.00 2846000.00
21/01/2008 27.00 26.55 27.40 27.09 0 3048400.00 3048400.00
22/01/2008 26.80 26.75 29.15 28.70 0 3204300.00 3204300.00
23/01/2008 28.00 26.40 28.00 27.40 0 4482100.00 4482100.00
24/01/2008 28.50 27.92 29.95 29.45 0 3408500.00 3408500.00
25/01/2008 29.45 29.45 29.45 29.45 0 0.00 0.00
28/01/2008 28.36 28.26 29.26 29.10 0 3494600.00 3494600.00
29/01/2008 29.20 29.10 30.00 29.70 0 3124700.00 3124700.00
30/01/2008 29.32 28.45 30.40 30.40 0 4022400.00 4022400.00
31/01/2008 29.65 28.75 29.70 29.25 0 3800000.00 3800000.00
01/02/2008 29.61 28.53 30.00 29.00 0 3993900.00 3993900.00
04/02/2008 29.00 29.00 29.00 29.00 0 0.00 0.00
05/02/2008 29.00 29.00 29.00 29.00 0 0.00 0.00
06/02/2008 28.00 28.00 28.63 28.35 0 3879000.00 3879000.00
07/02/2008 28.05 27.80 28.29 28.00 0 3220700.00 3220700.00
08/02/2008 28.30 27.92 28.34 28.00 0 3144600.00 3144600.00
11/02/2008 28.17 28.00 28.50 28.25 0 2136600.00 2136600.00
12/02/2008 28.40 28.40 29.91 28.75 0 2578000.00 2578000.00
13/02/2008 28.91 28.76 29.46 28.76 0 3587400.00 3587400.00
14/02/2008 29.20 28.15 29.60 28.25 0 2973700.00 2973700.00
15/02/2008 28.30 28.10 29.10 28.55 0 1396500.00 1396500.00
18/02/2008 29.00 28.80 29.78 29.60 0 1584200.00 1584200.00
19/02/2008 29.71 29.71 30.29 30.05 0 4392700.00 4392700.00
20/02/2008 29.60 29.21 30.97 30.89 0 3434500.00 3434500.00
21/02/2008 31.18 30.82 31.80 31.70 0 3772200.00 3772200.00
22/02/2008 31.52 30.62 31.67 31.15 0 2911500.00 2911500.00
25/02/2008 31.13 30.00 31.13 30.00 0 4341100.00 4341100.00
26/02/2008 28.01 28.01 29.09 28.51 0 14855000.00 14855000.00
27/02/2008 28.45 28.13 28.98 28.25 0 8778700.00 8778700.00
28/02/2008 28.30 28.03 28.40 28.10 0 3435200.00 3435200.00
29/02/2008 27.83 27.50 28.27 28.27 0 5816400.00 5816400.00
03/03/2008 28.03 27.73 28.42 27.80 0 5697900.00 5697900.00
04/03/2008 27.95 27.16 28.05 27.20 0 6012900.00 6012900.00
05/03/2008 27.60 27.30 28.05 27.74 0 4448700.00 4448700.00
06/03/2008 27.80 27.05 27.89 27.20 0 3240700.00 3240700.00
07/03/2008 26.99 26.21 27.16 26.80 0 8906200.00 8906200.00
10/03/2008 26.69 26.33 27.13 26.50 0 2784500.00 2784500.00
11/03/2008 27.15 26.05 27.34 26.59 0 5975000.00 5975000.00
12/03/2008 26.90 25.69 26.91 25.77 0 3921300.00 3921300.00
13/03/2008 25.43 24.96 26.06 25.80 0 4909400.00 4909400.00
14/03/2008 26.38 25.70 27.19 26.50 0 5490700.00 5490700.00
17/03/2008 26.50 26.50 26.50 26.50 0 0.00 0.00
18/03/2008 25.82 25.41 26.00 25.75 0 3084400.00 3084400.00
19/03/2008 25.89 25.05 26.15 25.25 0 3957000.00 3957000.00
20/03/2008 25.00 24.50 25.28 24.90 0 2654800.00 2654800.00
21/03/2008 24.90 24.90 24.90 24.90 0 0.00 0.00
24/03/2008 25.27 25.19 26.18 25.50 0 1821800.00 1821800.00
25/03/2008 26.09 25.77 26.39 26.00 0 2275000.00 2275000.00
26/03/2008 26.00 24.51 26.00 25.50 0 6762400.00 6762400.00
27/03/2008 25.56 24.60 25.77 24.65 0 3321900.00 3321900.00
28/03/2008 24.90 23.42 24.93 23.42 0 8485200.00 8485200.00
31/03/2008 23.43 22.81 23.55 23.11 0 5940300.00 5940300.00
01/04/2008 23.95 23.69 24.98 24.66 0 8356500.00 8356500.00
02/04/2008 25.10 24.51 25.47 25.25 0 5182500.00 5182500.00
03/04/2008 24.93 24.61 25.42 24.90 0 3627500.00 3627500.00
04/04/2008 25.16 24.54 25.24 24.66 0 3253900.00 3253900.00
07/04/2008 25.00 24.87 25.39 24.95 0 2644500.00 2644500.00
08/04/2008 24.89 24.62 25.16 25.10 0 2363600.00 2363600.00
09/04/2008 24.92 24.35 24.99 24.35 0 2932400.00 2932400.00
10/04/2008 24.43 23.42 24.43 23.56 0 6590800.00 6590800.00
11/04/2008 23.60 23.40 23.83 23.40 0 2452100.00 2452100.00
14/04/2008 23.41 22.55 23.41 22.62 0 4827900.00 4827900.00
15/04/2008 22.81 22.50 23.12 22.77 0 4465600.00 4465600.00
16/04/2008 23.13 23.12 24.35 24.35 0 6169600.00 6169600.00
17/04/2008 24.00 23.79 25.35 25.35 0 5141200.00 5141200.00
18/04/2008 25.66 25.16 26.35 25.40 0 7150000.00 7150000.00
21/04/2008 25.40 25.40 25.40 25.40 0 0.00 0.00
22/04/2008 25.19 24.73 25.90 25.10 0 3110400.00 3110400.00
23/04/2008 24.90 24.50 25.20 24.55 0 3987100.00 3987100.00
24/04/2008 24.57 24.21 25.44 25.32 0 2366800.00 2366800.00
25/04/2008 25.50 25.50 26.70 26.60 0 5777800.00 5777800.00
28/04/2008 26.82 26.72 27.40 26.75 0 4438600.00 4438600.00
29/04/2008 26.50 26.00 26.80 26.36 0 2973300.00 2973300.00
30/04/2008 26.52 26.46 29.06 28.90 0 8391300.00 8391300.00
01/05/2008 28.90 28.90 28.90 28.90 0 0.00 0.00
02/05/2008 30.50 29.53 31.00 30.43 0 11560300.00 11560300.00
05/05/2008 30.46 29.10 30.47 30.00 0 5987000.00 5987000.00
06/05/2008 29.80 28.71 29.80 28.90 0 4407800.00 4407800.00
07/05/2008 28.93 27.46 29.39 27.99 0 5524100.00 5524100.00
08/05/2008 28.30 28.25 28.79 28.75 0 2735700.00 2735700.00
09/05/2008 28.30 27.90 28.76 28.55 0 2750800.00 2750800.00
12/05/2008 28.65 28.09 28.99 28.99 0 2351300.00 2351300.00
13/05/2008 29.15 28.40 29.25 28.40 0 2899100.00 2899100.00
14/05/2008 29.00 28.75 29.19 28.93 0 7697300.00 7697300.00
15/05/2008 28.85 28.55 29.99 29.50 0 6250100.00 6250100.00
16/05/2008 29.90 29.65 30.20 29.90 0 3270900.00 3270900.00
19/05/2008 30.00 29.85 30.49 30.15 0 3530100.00 3530100.00
20/05/2008 29.40 29.20 30.19 30.10 0 2271400.00 2271400.00
21/05/2008 29.85 28.64 29.90 29.15 0 2627700.00 2627700.00
22/05/2008 29.15 29.15 29.15 29.15 0 0.00 0.00
23/05/2008 28.99 28.01 29.50 28.33 0 2417500.00 2417500.00
26/05/2008 28.37 28.31 28.70 28.35 0 1074500.00 1074500.00
27/05/2008 28.34 28.25 29.10 29.10 0 2801400.00 2801400.00
28/05/2008 29.29 29.28 30.88 30.85 0 6507100.00 6507100.00
29/05/2008 30.50 29.90 31.85 31.01 0 4597300.00 4597300.00
30/05/2008 31.30 31.00 32.78 32.54 0 9514000.00 9514000.00
02/06/2008 31.85 30.90 32.36 31.67 0 4677900.00 4677900.00
03/06/2008 31.50 30.24 31.80 30.50 0 3449600.00 3449600.00
04/06/2008 30.00 29.85 30.98 30.21 0 2825000.00 2825000.00
05/06/2008 30.60 30.42 31.80 31.80 0 2556400.00 2556400.00
06/06/2008 31.75 30.42 31.76 30.93 0 2453700.00 2453700.00
09/06/2008 30.85 29.85 31.00 30.45 0 3624500.00 3624500.00
10/06/2008 29.76 29.70 30.30 30.30 0 2451700.00 2451700.00
11/06/2008 30.05 29.60 30.21 29.70 0 3899900.00 3899900.00
12/06/2008 29.70 29.48 30.46 29.61 0 3024300.00 3024300.00
13/06/2008 29.70 28.80 30.00 28.80 0 2364100.00 2364100.00
16/06/2008 29.00 28.62 29.67 29.40 0 2017100.00 2017100.00
17/06/2008 29.91 29.34 30.18 29.75 0 4095900.00 4095900.00
18/06/2008 29.46 28.50 29.50 28.50 0 3680800.00 3680800.00
19/06/2008 28.64 28.30 28.82 28.50 0 2173600.00 2173600.00
20/06/2008 28.30 27.41 28.66 27.41 0 1917500.00 1917500.00
23/06/2008 27.72 26.80 28.10 27.04 0 1827800.00 1827800.00
24/06/2008 27.00 26.53 27.49 26.97 0 1692900.00 1692900.00
25/06/2008 27.13 26.85 29.31 28.35 0 6127000.00 6127000.00
26/06/2008 27.85 27.05 28.40 27.26 0 2220400.00 2220400.00
27/06/2008 27.58 26.39 27.97 26.74 0 5253800.00 5253800.00
30/06/2008 26.88 25.91 27.24 26.15 0 4433600.00 4433600.00
01/07/2008 25.89 24.50 25.89 24.65 0 9140900.00 9140900.00
02/07/2008 24.95 24.00 25.17 24.00 0 4780200.00 4780200.00
03/07/2008 24.01 23.62 24.76 23.62 0 3606400.00 3606400.00
04/07/2008 23.70 23.40 24.30 23.80 0 2033800.00 2033800.00
07/07/2008 24.30 23.07 24.40 23.07 0 2467100.00 2467100.00
08/07/2008 23.15 22.93 24.29 24.25 0 4496400.00 4496400.00
09/07/2008 24.25 24.25 24.25 24.25 0 0.00 0.00
10/07/2008 23.48 23.30 24.77 24.20 0 3826900.00 3826900.00
11/07/2008 24.00 23.66 24.46 23.80 0 2630500.00 2630500.00
14/07/2008 24.45 23.85 24.85 24.15 0 3794100.00 3794100.00
15/07/2008 24.32 23.15 24.61 24.40 0 4493500.00 4493500.00
16/07/2008 24.21 24.21 25.87 25.36 0 4712100.00 4712100.00
17/07/2008 25.70 24.61 26.20 24.61 0 3866700.00 3866700.00
18/07/2008 24.89 24.60 25.74 24.95 0 3414200.00 3414200.00
21/07/2008 25.41 25.02 25.66 25.02 0 2379300.00 2379300.00
22/07/2008 24.70 23.92 24.79 24.00 0 4321400.00 4321400.00
23/07/2008 24.21 24.06 24.85 24.80 0 4707700.00 4707700.00
24/07/2008 24.88 24.50 25.00 24.73 0 4140600.00 4140600.00
25/07/2008 24.50 24.12 24.89 24.25 0 2655400.00 2655400.00
28/07/2008 24.53 23.07 24.53 23.07 0 3451200.00 3451200.00
29/07/2008 23.40 23.27 24.40 24.40 0 2324900.00 2324900.00
30/07/2008 24.55 24.53 25.30 25.28 0 3445900.00 3445900.00
31/07/2008 25.19 24.72 25.95 25.10 0 2869200.00 2869200.00
01/08/2008 24.85 23.80 24.85 23.81 0 4585300.00 4585300.00
04/08/2008 23.91 22.47 23.95 22.58 0 3462200.00 3462200.00
05/08/2008 23.41 22.68 23.74 23.00 0 2986900.00 2986900.00
06/08/2008 23.53 23.12 24.30 24.15 0 2494200.00 2494200.00
07/08/2008 24.00 23.41 24.17 23.80 0 2339700.00 2339700.00
08/08/2008 23.41 23.13 23.85 23.40 0 2263300.00 2263300.00
11/08/2008 23.51 22.53 23.71 22.57 0 2914300.00 2914300.00
12/08/2008 22.85 21.75 22.92 21.80 0 4252300.00 4252300.00
13/08/2008 21.80 21.16 21.98 21.20 0 6416500.00 6416500.00
14/08/2008 21.52 21.40 21.80 21.80 0 2057600.00 2057600.00
15/08/2008 22.20 22.00 22.59 22.29 0 3777200.00 3777200.00
18/08/2008 22.31 21.85 22.86 22.31 0 2578300.00 2578300.00
19/08/2008 21.80 21.52 22.28 22.20 0 2808300.00 2808300.00
20/08/2008 22.49 22.31 22.84 22.65 0 2361500.00 2361500.00
21/08/2008 22.76 22.38 23.30 23.30 0 2476700.00 2476700.00
22/08/2008 23.30 23.19 23.84 23.51 0 2903900.00 2903900.00
25/08/2008 23.39 22.65 23.39 22.78 0 1551700.00 1551700.00
26/08/2008 22.60 22.12 22.80 22.20 0 2481900.00 2481900.00
27/08/2008 22.41 22.19 23.40 23.40 0 2688300.00 2688300.00
28/08/2008 23.70 23.61 24.21 24.20 0 8496000.00 8496000.00
29/08/2008 24.29 23.45 24.32 23.79 0 1658600.00 1658600.00
01/09/2008 23.79 23.10 23.79 23.13 0 1242600.00 1242600.00
02/09/2008 23.50 22.98 23.73 23.34 0 2645500.00 2645500.00
03/09/2008 23.43 22.75 23.68 23.10 0 4264400.00 4264400.00
04/09/2008 23.00 22.09 23.37 22.40 0 3097100.00 3097100.00
05/09/2008 21.93 21.81 22.71 22.50 0 3463200.00 3463200.00
08/09/2008 23.72 21.90 23.72 21.95 0 3458900.00 3458900.00
09/09/2008 21.64 21.34 22.54 21.49 0 3371100.00 3371100.00
10/09/2008 21.72 21.57 22.35 22.24 0 2566600.00 2566600.00
11/09/2008 21.60 21.06 22.60 22.60 0 2424800.00 2424800.00
12/09/2008 22.79 22.22 23.15 22.45 0 1776800.00 1776800.00
15/09/2008 20.95 20.40 21.70 20.46 0 2853800.00 2853800.00
16/09/2008 19.92 19.23 21.83 21.83 0 3807600.00 3807600.00
17/09/2008 21.40 19.89 21.40 19.90 0 3568500.00 3568500.00
18/09/2008 20.40 19.71 21.70 21.00 0 4571600.00 4571600.00
19/09/2008 22.71 21.90 23.02 22.98 0 4201800.00 4201800.00
22/09/2008 23.05 22.00 23.45 22.00 0 2187400.00 2187400.00
23/09/2008 21.81 21.81 22.75 22.29 0 3535700.00 3535700.00
24/09/2008 22.50 21.70 22.82 22.20 0 2356500.00 2356500.00
25/09/2008 22.45 22.20 23.00 22.80 0 2403000.00 2403000.00
26/09/2008 21.99 21.86 22.89 22.75 0 2509800.00 2509800.00
29/09/2008 21.25 19.80 22.30 20.47 0 3633600.00 3633600.00
30/09/2008 20.75 20.75 22.75 22.75 0 3116200.00 3116200.00
01/10/2008 22.70 21.70 22.77 22.50 0 3959400.00 3959400.00
02/10/2008 22.25 20.06 22.25 20.30 0 5797600.00 5797600.00
03/10/2008 20.88 19.00 21.30 19.00 0 3639300.00 3639300.00
06/10/2008 17.10 15.72 17.63 17.63 0 4698900.00 4698900.00
07/10/2008 17.33 16.32 18.00 16.60 0 3869000.00 3869000.00
08/10/2008 15.10 15.00 17.01 15.90 0 6742900.00 6742900.00
09/10/2008 16.51 14.65 16.68 14.65 0 4248400.00 4248400.00
10/10/2008 14.05 12.70 15.28 14.00 0 4705700.00 4705700.00
13/10/2008 15.50 15.02 17.34 16.90 0 4868700.00 4868700.00
14/10/2008 18.20 17.22 19.00 17.99 0 6740500.00 6740500.00
15/10/2008 16.92 15.12 17.42 16.11 0 4043300.00 4043300.00
16/10/2008 16.20 14.51 16.49 15.35 0 4602400.00 4602400.00
17/10/2008 15.40 14.95 16.29 15.09 0 2026300.00 2026300.00
20/10/2008 15.69 15.52 16.60 16.60 0 2482300.00 2482300.00
21/10/2008 16.00 15.88 16.91 16.40 0 2037000.00 2037000.00
22/10/2008 15.10 13.88 15.40 13.88 0 4147500.00 4147500.00
23/10/2008 13.51 12.70 14.70 13.09 0 4895200.00 4895200.00
24/10/2008 12.30 11.50 12.90 12.75 0 4047300.00 4047300.00
27/10/2008 12.50 11.70 12.57 11.70 0 4215400.00 4215400.00
28/10/2008 12.50 11.84 13.42 13.25 0 5363400.00 5363400.00
29/10/2008 13.40 13.20 14.25 14.00 0 7259700.00 7259700.00
30/10/2008 14.36 14.36 15.18 14.66 0 6046100.00 6046100.00
31/10/2008 14.10 13.90 14.88 14.77 0 5007200.00 5007200.00
03/11/2008 15.10 14.25 15.19 14.32 0 5643700.00 5643700.00
04/11/2008 15.10 14.70 16.56 16.56 0 14906700.00 14906700.00
05/11/2008 16.70 15.43 16.75 16.05 0 5535400.00 5535400.00
06/11/2008 15.30 14.50 15.38 15.00 0 4593000.00 4593000.00
07/11/2008 15.44 15.02 15.79 15.30 0 3328700.00 3328700.00
10/11/2008 16.00 14.37 16.00 14.41 0 5947700.00 5947700.00
11/11/2008 14.10 13.67 14.40 14.24 0 4365200.00 4365200.00
12/11/2008 14.22 13.11 14.35 13.19 0 7550700.00 7550700.00
13/11/2008 13.61 13.20 14.25 14.10 0 5199100.00 5199100.00
14/11/2008 14.10 13.61 14.10 13.94 0 4391700.00 4391700.00
17/11/2008 13.53 13.36 14.44 14.10 0 3313300.00 3313300.00
18/11/2008 13.70 13.40 14.23 13.40 0 4171400.00 4171400.00
19/11/2008 13.41 13.31 13.92 13.32 0 4674500.00 4674500.00
20/11/2008 13.32 13.32 13.32 13.32 0 0.00 0.00
21/11/2008 12.70 11.02 12.80 11.41 0 10844900.00 10844900.00
24/11/2008 12.15 11.91 12.50 12.50 0 4208900.00 4208900.00
25/11/2008 12.25 12.01 13.28 12.88 0 3980400.00 3980400.00
26/11/2008 12.60 12.56 14.35 14.09 0 7478200.00 7478200.00
27/11/2008 14.05 13.90 14.35 14.15 0 1866400.00 1866400.00
28/11/2008 14.09 13.90 14.55 14.30 0 2202000.00 2202000.00
01/12/2008 13.83 13.63 14.30 14.30 0 2487500.00 2487500.00
02/12/2008 14.40 14.21 14.85 14.25 0 5174300.00 5174300.00
03/12/2008 14.25 13.82 14.52 14.30 0 3913800.00 3913800.00
04/12/2008 14.55 14.15 15.05 14.60 0 3066700.00 3066700.00
05/12/2008 14.30 14.16 15.78 15.75 0 5790100.00 5790100.00
08/12/2008 16.08 16.07 17.55 17.17 0 5984100.00 5984100.00
09/12/2008 17.15 16.32 17.26 16.95 0 5587300.00 5587300.00
10/12/2008 17.00 16.30 17.59 16.30 0 4556600.00 4556600.00
11/12/2008 16.40 15.60 16.90 15.60 0 3520900.00 3520900.00
12/12/2008 15.01 14.89 15.65 15.65 0 4649100.00 4649100.00
15/12/2008 15.80 14.90 16.10 14.90 0 3402400.00 3402400.00
16/12/2008 15.50 15.12 15.79 15.65 0 5326400.00 5326400.00
17/12/2008 15.60 15.02 15.94 15.25 0 5985500.00 5985500.00
18/12/2008 15.45 15.00 15.68 15.35 0 3851100.00 3851100.00
19/12/2008 15.07 15.05 15.55 15.20 0 2507200.00 2507200.00
22/12/2008 15.28 14.92 15.35 15.05 0 3487800.00 3487800.00
23/12/2008 15.01 14.00 15.22 14.00 0 2094900.00 2094900.00
24/12/2008 14.00 14.00 14.00 14.00 0 0.00 0.00
25/12/2008 14.00 14.00 14.00 14.00 0 0.00 0.00
26/12/2008 14.03 13.81 14.28 14.00 0 1087100.00 1087100.00
29/12/2008 14.20 13.96 14.30 14.00 0 1757900.00 1757900.00
30/12/2008 14.16 14.07 14.68 14.68 0 2836300.00 2836300.00
31/12/2008 14.68 14.68 14.68 14.68 0 0.00 0.00
01/01/2009 14.68 14.68 14.68 14.68 0 0.00 0.00
02/01/2009 14.68 14.60 15.25 15.00 0 2801600.00 2801600.00
05/01/2009 15.00 14.67 15.60 15.28 0 5261500.00 5261500.00
06/01/2009 15.48 15.18 16.23 16.12 0 4042500.00 4042500.00
07/01/2009 15.89 15.45 15.95 15.76 0 1807700.00 1807700.00
08/01/2009 15.53 15.07 15.69 15.40 0 6381600.00 6381600.00
09/01/2009 16.01 15.49 16.48 15.88 0 9610900.00 9610900.00
12/01/2009 15.65 15.56 16.10 15.75 0 4331100.00 4331100.00
13/01/2009 15.50 15.13 15.75 15.13 0 5201700.00 5201700.00
14/01/2009 15.19 14.05 15.22 14.11 0 5314300.00 5314300.00
15/01/2009 14.19 13.85 15.02 15.00 0 4111000.00 4111000.00
16/01/2009 15.27 14.40 15.47 14.40 0 4357500.00 4357500.00
19/01/2009 14.69 14.36 14.72 14.44 0 2754200.00 2754200.00
20/01/2009 14.40 13.43 14.69 13.45 0 4574300.00 4574300.00
21/01/2009 13.74 13.30 13.96 13.75 0 4870200.00 4870200.00
22/01/2009 14.00 13.17 14.00 13.55 0 4460500.00 4460500.00
23/01/2009 13.29 12.98 13.72 13.30 0 4981700.00 4981700.00
26/01/2009 13.50 13.45 14.17 14.11 0 6107100.00 6107100.00
27/01/2009 14.00 13.91 14.50 14.35 0 4154500.00 4154500.00
28/01/2009 14.80 14.61 14.92 14.71 0 5392900.00 5392900.00
29/01/2009 14.39 14.10 14.54 14.15 0 2523500.00 2523500.00
30/01/2009 14.12 14.05 14.35 14.20 0 2499100.00 2499100.00
02/02/2009 13.90 13.74 14.10 13.76 0 2669800.00 2669800.00
03/02/2009 13.90 13.81 14.37 14.18 0 2779600.00 2779600.00
04/02/2009 14.25 13.90 14.55 13.96 0 4653200.00 4653200.00
05/02/2009 13.96 13.91 14.47 14.40 0 3253400.00 3253400.00
06/02/2009 14.51 14.28 14.66 14.58 0 5566500.00 5566500.00
09/02/2009 14.36 14.25 14.67 14.30 0 3673800.00 3673800.00
10/02/2009 14.42 14.00 14.68 14.14 0 4462200.00 4462200.00
11/02/2009 14.28 14.08 14.48 14.33 0 2440600.00 2440600.00
12/02/2009 14.05 13.85 14.30 13.95 0 3801200.00 3801200.00
13/02/2009 14.35 14.18 14.40 14.23 0 3434600.00 3434600.00
16/02/2009 14.10 14.04 14.26 14.14 0 2349900.00 2349900.00
17/02/2009 13.85 13.65 13.97 13.65 0 3933200.00 3933200.00
18/02/2009 13.66 13.46 13.83 13.51 0 3716500.00 3716500.00
19/02/2009 14.21 13.76 14.22 13.80 0 4933500.00 4933500.00
20/02/2009 13.26 13.12 13.70 13.64 0 3240800.00 3240800.00
25/02/2009 13.57 13.32 14.04 13.90 0 2901700.00 2901700.00
26/02/2009 14.11 13.92 14.35 14.01 0 3666400.00 3666400.00
27/02/2009 13.71 13.62 13.94 13.85 0 2133900.00 2133900.00
02/03/2009 13.52 13.01 13.76 13.10 0 3566400.00 3566400.00
03/03/2009 13.26 13.00 13.55 13.28 0 2946900.00 2946900.00
04/03/2009 13.70 13.52 13.94 13.85 0 2486900.00 2486900.00
05/03/2009 13.51 13.22 13.66 13.31 0 3465700.00 3465700.00
06/03/2009 13.35 13.22 13.76 13.57 0 2926300.00 2926300.00
09/03/2009 13.30 13.25 13.89 13.45 0 1331800.00 1331800.00
10/03/2009 13.64 13.61 14.04 14.03 0 2480900.00 2480900.00
11/03/2009 14.15 13.96 14.30 14.13 0 4318300.00 4318300.00
12/03/2009 14.06 14.01 14.55 14.30 0 3032700.00 3032700.00
13/03/2009 14.52 14.31 14.72 14.59 0 2731300.00 2731300.00
16/03/2009 14.70 14.32 14.83 14.55 0 3558400.00 3558400.00
17/03/2009 14.45 14.40 14.98 14.98 0 4249700.00 4249700.00
