01/01/2003 1.38 1.38 1.38 1.38 0 0.00 0.00
02/01/2003 1.34 1.33 1.38 1.34 0 4294967200.00 4294967200.00
03/01/2003 1.35 1.34 1.36 1.35 0 4294967200.00 4294967200.00
06/01/2003 1.38 1.36 1.39 1.39 0 4294967200.00 4294967200.00
07/01/2003 1.40 1.37 1.41 1.39 0 4294967200.00 4294967200.00
08/01/2003 1.38 1.37 1.39 1.39 0 4294967200.00 4294967200.00
09/01/2003 1.38 1.37 1.39 1.39 0 4294967200.00 4294967200.00
10/01/2003 1.39 1.39 1.42 1.42 0 4294967200.00 4294967200.00
13/01/2003 1.40 1.38 1.43 1.39 0 4294967200.00 4294967200.00
14/01/2003 1.40 1.38 1.41 1.40 0 4294967200.00 4294967200.00
15/01/2003 1.38 1.37 1.39 1.38 0 4294967200.00 4294967200.00
16/01/2003 1.38 1.38 1.40 1.38 0 4294967200.00 4294967200.00
17/01/2003 1.37 1.36 1.38 1.37 0 4294967200.00 4294967200.00
20/01/2003 1.37 1.34 1.37 1.34 0 4294967200.00 4294967200.00
21/01/2003 1.33 1.31 1.35 1.34 0 4294967200.00 4294967200.00
22/01/2003 1.32 1.24 1.32 1.25 0 4294967200.00 4294967200.00
23/01/2003 1.27 1.24 1.28 1.25 0 4294967200.00 4294967200.00
24/01/2003 1.26 1.24 1.26 1.24 0 4294967200.00 4294967200.00
27/01/2003 1.23 1.23 1.25 1.23 0 4294967200.00 4294967200.00
28/01/2003 1.23 1.22 1.24 1.22 0 4294967200.00 4294967200.00
29/01/2003 1.21 1.20 1.24 1.24 0 4294967200.00 4294967200.00
30/01/2003 1.26 1.21 1.26 1.21 0 4294967200.00 4294967200.00
31/01/2003 1.22 1.22 1.24 1.24 0 4294967200.00 4294967200.00
03/02/2003 1.25 1.25 1.27 1.26 0 4294967200.00 4294967200.00
04/02/2003 1.25 1.23 1.26 1.26 0 4294967200.00 4294967200.00
05/02/2003 1.25 1.23 1.26 1.24 0 4294967200.00 4294967200.00
06/02/2003 1.23 1.22 1.24 1.24 0 4294967200.00 4294967200.00
07/02/2003 1.24 1.21 1.25 1.22 0 4294967200.00 4294967200.00
10/02/2003 1.22 1.20 1.23 1.21 0 4294967200.00 4294967200.00
11/02/2003 1.21 1.21 1.23 1.22 0 4294967200.00 4294967200.00
12/02/2003 1.22 1.21 1.24 1.23 0 4294967200.00 4294967200.00
13/02/2003 1.22 1.20 1.24 1.23 0 4294967200.00 4294967200.00
14/02/2003 1.23 1.22 1.25 1.24 0 4294967200.00 4294967200.00
17/02/2003 1.25 1.23 1.25 1.23 0 2968000000.00 2968000000.00
18/02/2003 1.24 1.23 1.28 1.28 0 4294967200.00 4294967200.00
19/02/2003 1.27 1.23 1.27 1.23 0 4294967200.00 4294967200.00
20/02/2003 1.21 1.21 1.23 1.21 0 4294967200.00 4294967200.00
21/02/2003 1.21 1.20 1.23 1.23 0 4294967200.00 4294967200.00
24/02/2003 1.23 1.22 1.23 1.22 0 4294967200.00 4294967200.00
25/02/2003 1.21 1.20 1.23 1.23 0 4294967200.00 4294967200.00
26/02/2003 1.22 1.22 1.25 1.22 0 4294967200.00 4294967200.00
27/02/2003 1.22 1.21 1.24 1.24 0 4294967200.00 4294967200.00
28/02/2003 1.24 1.24 1.27 1.27 0 4294967200.00 4294967200.00
03/03/2003 1.27 1.27 1.27 1.27 0 0.00 0.00
04/03/2003 1.27 1.27 1.27 1.27 0 0.00 0.00
05/03/2003 1.26 1.26 1.31 1.30 0 4294967200.00 4294967200.00
06/03/2003 1.30 1.29 1.36 1.36 0 4294967200.00 4294967200.00
07/03/2003 1.32 1.29 1.36 1.33 0 4294967200.00 4294967200.00
10/03/2003 1.30 1.30 1.32 1.31 0 4294967200.00 4294967200.00
11/03/2003 1.30 1.28 1.30 1.28 0 4294967200.00 4294967200.00
12/03/2003 1.29 1.28 1.33 1.33 0 4294967200.00 4294967200.00
13/03/2003 1.36 1.33 1.37 1.36 0 4294967200.00 4294967200.00
14/03/2003 1.37 1.36 1.39 1.38 0 4294967200.00 4294967200.00
17/03/2003 1.34 1.34 1.38 1.36 0 4294967200.00 4294967200.00
18/03/2003 1.37 1.37 1.43 1.40 0 4294967200.00 4294967200.00
19/03/2003 1.40 1.38 1.41 1.39 0 4294967200.00 4294967200.00
20/03/2003 1.38 1.37 1.42 1.42 0 4294967200.00 4294967200.00
21/03/2003 1.43 1.42 1.46 1.45 0 4294967200.00 4294967200.00
24/03/2003 1.42 1.41 1.44 1.42 0 4294967200.00 4294967200.00
25/03/2003 1.42 1.42 1.46 1.44 0 4294967200.00 4294967200.00
26/03/2003 1.45 1.45 1.49 1.48 0 4294967200.00 4294967200.00
27/03/2003 1.48 1.46 1.48 1.48 0 4294967200.00 4294967200.00
28/03/2003 1.47 1.46 1.48 1.46 0 4294967200.00 4294967200.00
31/03/2003 1.45 1.43 1.46 1.46 0 4294967200.00 4294967200.00
01/04/2003 1.47 1.44 1.48 1.44 0 4294967200.00 4294967200.00
02/04/2003 1.47 1.44 1.49 1.46 0 4294967200.00 4294967200.00
03/04/2003 1.46 1.44 1.47 1.44 0 4294967200.00 4294967200.00
04/04/2003 1.44 1.44 1.50 1.49 0 4294967200.00 4294967200.00
07/04/2003 1.51 1.51 1.56 1.55 0 4294967200.00 4294967200.00
08/04/2003 1.53 1.50 1.54 1.51 0 4294967200.00 4294967200.00
09/04/2003 1.52 1.48 1.53 1.49 0 4294967200.00 4294967200.00
10/04/2003 1.49 1.42 1.49 1.42 0 4294967200.00 4294967200.00
11/04/2003 1.44 1.41 1.44 1.43 0 4294967200.00 4294967200.00
14/04/2003 1.43 1.40 1.45 1.41 0 4294967200.00 4294967200.00
15/04/2003 1.43 1.41 1.49 1.49 0 4294967200.00 4294967200.00
16/04/2003 1.49 1.45 1.50 1.45 0 4294967200.00 4294967200.00
17/04/2003 1.47 1.47 1.51 1.49 0 4294967200.00 4294967200.00
18/04/2003 1.49 1.49 1.49 1.49 0 0.00 0.00
21/04/2003 1.49 1.49 1.49 1.49 0 0.00 0.00
22/04/2003 1.48 1.47 1.52 1.51 0 4294967200.00 4294967200.00
23/04/2003 1.50 1.49 1.55 1.52 0 4294967200.00 4294967200.00
24/04/2003 1.52 1.49 1.53 1.51 0 4294967200.00 4294967200.00
25/04/2003 1.51 1.47 1.51 1.49 0 4294967200.00 4294967200.00
28/04/2003 1.50 1.46 1.53 1.53 0 4294967200.00 4294967200.00
29/04/2003 1.54 1.52 1.57 1.53 0 4294967200.00 4294967200.00
30/04/2003 1.53 1.49 1.53 1.49 0 4294967200.00 4294967200.00
01/05/2003 1.49 1.49 1.49 1.49 0 0.00 0.00
02/05/2003 1.49 1.49 1.54 1.51 0 4294967200.00 4294967200.00
05/05/2003 1.51 1.51 1.55 1.54 0 4294967200.00 4294967200.00
06/05/2003 1.53 1.49 1.54 1.50 0 4294967200.00 4294967200.00
07/05/2003 1.51 1.49 1.52 1.50 0 4294967200.00 4294967200.00
08/05/2003 1.51 1.48 1.52 1.48 0 4294967200.00 4294967200.00
09/05/2003 1.50 1.44 1.50 1.48 0 4294967200.00 4294967200.00
12/05/2003 1.48 1.46 1.51 1.51 0 4294967200.00 4294967200.00
13/05/2003 1.50 1.49 1.54 1.49 0 4294967200.00 4294967200.00
14/05/2003 1.50 1.49 1.53 1.51 0 4294967200.00 4294967200.00
15/05/2003 1.50 1.46 1.51 1.47 0 4294967200.00 4294967200.00
16/05/2003 1.48 1.44 1.48 1.46 0 4294967200.00 4294967200.00
19/05/2003 1.44 1.41 1.45 1.42 0 4294967200.00 4294967200.00
20/05/2003 1.43 1.40 1.43 1.42 0 4294967200.00 4294967200.00
21/05/2003 1.41 1.41 1.47 1.46 0 4294967200.00 4294967200.00
22/05/2003 1.48 1.44 1.48 1.44 0 4294967200.00 4294967200.00
23/05/2003 1.45 1.42 1.46 1.43 0 4294967200.00 4294967200.00
26/05/2003 1.43 1.41 1.45 1.41 0 4294967200.00 4294967200.00
27/05/2003 1.42 1.41 1.48 1.47 0 4294967200.00 4294967200.00
28/05/2003 1.47 1.47 1.50 1.47 0 4294967200.00 4294967200.00
29/05/2003 1.48 1.47 1.51 1.47 0 4294967200.00 4294967200.00
30/05/2003 1.48 1.47 1.50 1.48 0 4294967200.00 4294967200.00
02/06/2003 1.49 1.46 1.49 1.47 0 4294967200.00 4294967200.00
03/06/2003 1.47 1.46 1.49 1.48 0 4294967200.00 4294967200.00
04/06/2003 1.49 1.49 1.51 1.51 0 4294967200.00 4294967200.00
05/06/2003 1.50 1.48 1.50 1.48 0 4294967200.00 4294967200.00
06/06/2003 1.50 1.48 1.50 1.49 0 4294967200.00 4294967200.00
09/06/2003 1.48 1.47 1.50 1.48 0 4294967200.00 4294967200.00
10/06/2003 1.48 1.46 1.49 1.47 0 4294967200.00 4294967200.00
11/06/2003 1.47 1.45 1.48 1.46 0 4294967200.00 4294967200.00
12/06/2003 1.48 1.45 1.48 1.47 0 4294967200.00 4294967200.00
13/06/2003 1.46 1.44 1.47 1.44 0 4294967200.00 4294967200.00
16/06/2003 1.44 1.44 1.46 1.45 0 4294967200.00 4294967200.00
17/06/2003 1.45 1.42 1.45 1.43 0 4294967200.00 4294967200.00
18/06/2003 1.43 1.41 1.45 1.41 0 4294967200.00 4294967200.00
19/06/2003 1.41 1.41 1.41 1.41 0 0.00 0.00
20/06/2003 1.41 1.39 1.41 1.39 0 4294967200.00 4294967200.00
23/06/2003 1.40 1.38 1.42 1.39 0 4294967200.00 4294967200.00
24/06/2003 1.39 1.38 1.41 1.38 0 4294967200.00 4294967200.00
25/06/2003 1.39 1.36 1.40 1.36 0 4294967200.00 4294967200.00
26/06/2003 1.37 1.35 1.38 1.37 0 4294967200.00 4294967200.00
27/06/2003 1.38 1.35 1.40 1.35 0 4294967200.00 4294967200.00
30/06/2003 1.36 1.33 1.36 1.33 0 4294967200.00 4294967200.00
01/07/2003 1.33 1.32 1.38 1.38 0 4294967200.00 4294967200.00
02/07/2003 1.38 1.37 1.40 1.39 0 4294967200.00 4294967200.00
03/07/2003 1.39 1.37 1.40 1.37 0 4294967200.00 4294967200.00
04/07/2003 1.37 1.36 1.38 1.38 0 4294967200.00 4294967200.00
07/07/2003 1.38 1.36 1.39 1.36 0 4294967200.00 4294967200.00
08/07/2003 1.37 1.36 1.39 1.39 0 4294967200.00 4294967200.00
09/07/2003 1.39 1.39 1.39 1.39 0 0.00 0.00
10/07/2003 1.38 1.37 1.39 1.38 0 4294967200.00 4294967200.00
11/07/2003 1.38 1.37 1.38 1.38 0 4294967200.00 4294967200.00
14/07/2003 1.38 1.38 1.41 1.41 0 4294967200.00 4294967200.00
15/07/2003 1.41 1.40 1.42 1.40 0 4294967200.00 4294967200.00
16/07/2003 1.40 1.39 1.41 1.40 0 4294967200.00 4294967200.00
17/07/2003 1.39 1.39 1.41 1.41 0 4294967200.00 4294967200.00
18/07/2003 1.41 1.40 1.43 1.43 0 4294967200.00 4294967200.00
21/07/2003 1.42 1.39 1.43 1.39 0 4294967200.00 4294967200.00
22/07/2003 1.40 1.40 1.41 1.41 0 4294967200.00 4294967200.00
23/07/2003 1.41 1.41 1.45 1.45 0 4294967200.00 4294967200.00
24/07/2003 1.46 1.44 1.49 1.48 0 4294967200.00 4294967200.00
25/07/2003 1.47 1.45 1.48 1.48 0 4294967200.00 4294967200.00
28/07/2003 1.48 1.47 1.50 1.49 0 4294967200.00 4294967200.00
29/07/2003 1.49 1.48 1.50 1.49 0 4294967200.00 4294967200.00
30/07/2003 1.50 1.46 1.50 1.47 0 4294967200.00 4294967200.00
31/07/2003 1.48 1.47 1.50 1.50 0 4294967200.00 4294967200.00
01/08/2003 1.50 1.46 1.50 1.46 0 4294967200.00 4294967200.00
04/08/2003 1.46 1.40 1.46 1.41 0 4294967200.00 4294967200.00
05/08/2003 1.41 1.39 1.42 1.41 0 4294967200.00 4294967200.00
06/08/2003 1.41 1.38 1.42 1.39 0 4294967200.00 4294967200.00
07/08/2003 1.39 1.39 1.47 1.45 0 4294967200.00 4294967200.00
08/08/2003 1.48 1.48 1.50 1.49 0 4294967200.00 4294967200.00
11/08/2003 1.50 1.47 1.50 1.47 0 4294967200.00 4294967200.00
12/08/2003 1.47 1.46 1.50 1.47 0 4294967200.00 4294967200.00
13/08/2003 1.46 1.45 1.48 1.47 0 4294967200.00 4294967200.00
14/08/2003 1.46 1.45 1.48 1.48 0 4294967200.00 4294967200.00
15/08/2003 1.47 1.47 1.50 1.49 0 4294967200.00 4294967200.00
18/08/2003 1.49 1.49 1.51 1.50 0 4294967200.00 4294967200.00
19/08/2003 1.50 1.49 1.51 1.50 0 4294967200.00 4294967200.00
20/08/2003 1.49 1.48 1.53 1.52 0 4294967200.00 4294967200.00
21/08/2003 1.52 1.51 1.58 1.56 0 4294967200.00 4294967200.00
22/08/2003 1.55 1.55 1.59 1.57 0 4294967200.00 4294967200.00
25/08/2003 1.56 1.54 1.59 1.55 0 4294967200.00 4294967200.00
26/08/2003 1.58 1.53 1.60 1.60 0 4294967200.00 4294967200.00
27/08/2003 1.59 1.59 1.64 1.64 0 4294967200.00 4294967200.00
28/08/2003 1.64 1.60 1.64 1.61 0 4294967200.00 4294967200.00
29/08/2003 1.59 1.56 1.60 1.58 0 4294967200.00 4294967200.00
01/09/2003 1.58 1.57 1.62 1.61 0 4294967200.00 4294967200.00
02/09/2003 1.62 1.60 1.62 1.61 0 4294967200.00 4294967200.00
03/09/2003 1.61 1.61 1.63 1.61 0 4294967200.00 4294967200.00
04/09/2003 1.63 1.59 1.63 1.60 0 4294967200.00 4294967200.00
05/09/2003 1.60 1.60 1.64 1.61 0 4294967200.00 4294967200.00
08/09/2003 1.62 1.61 1.64 1.61 0 4294967200.00 4294967200.00
09/09/2003 1.62 1.56 1.62 1.56 0 4294967200.00 4294967200.00
10/09/2003 1.55 1.54 1.59 1.59 0 4294967200.00 4294967200.00
11/09/2003 1.59 1.58 1.64 1.62 0 4294967200.00 4294967200.00
12/09/2003 1.60 1.59 1.62 1.60 0 4294967200.00 4294967200.00
15/09/2003 1.60 1.56 1.62 1.56 0 4294967200.00 4294967200.00
16/09/2003 1.58 1.54 1.59 1.55 0 4294967200.00 4294967200.00
17/09/2003 1.55 1.54 1.57 1.56 0 4294967200.00 4294967200.00
18/09/2003 1.56 1.55 1.58 1.55 0 4294967200.00 4294967200.00
19/09/2003 1.56 1.52 1.57 1.53 0 4294967200.00 4294967200.00
22/09/2003 1.52 1.51 1.54 1.52 0 4294967200.00 4294967200.00
23/09/2003 1.52 1.51 1.53 1.51 0 4294967200.00 4294967200.00
24/09/2003 1.52 1.48 1.54 1.48 0 4294967200.00 4294967200.00
25/09/2003 1.50 1.46 1.50 1.48 0 4294967200.00 4294967200.00
26/09/2003 1.49 1.45 1.49 1.46 0 4294967200.00 4294967200.00
29/09/2003 1.47 1.43 1.48 1.47 0 4294967200.00 4294967200.00
30/09/2003 1.48 1.44 1.50 1.44 0 4294967200.00 4294967200.00
01/10/2003 1.45 1.45 1.52 1.51 0 4294967200.00 4294967200.00
02/10/2003 1.52 1.51 1.57 1.52 0 4294967200.00 4294967200.00
03/10/2003 1.55 1.52 1.55 1.53 0 4294967200.00 4294967200.00
06/10/2003 1.54 1.50 1.54 1.51 0 4294967200.00 4294967200.00
07/10/2003 1.52 1.49 1.52 1.52 0 4294967200.00 4294967200.00
08/10/2003 1.55 1.53 1.56 1.54 0 4294967200.00 4294967200.00
09/10/2003 1.55 1.51 1.55 1.53 0 4294967200.00 4294967200.00
10/10/2003 1.52 1.50 1.53 1.51 0 4294967200.00 4294967200.00
13/10/2003 1.51 1.51 1.54 1.52 0 4294967200.00 4294967200.00
14/10/2003 1.52 1.51 1.52 1.52 0 4294967200.00 4294967200.00
15/10/2003 1.53 1.50 1.53 1.50 0 4294967200.00 4294967200.00
16/10/2003 1.51 1.49 1.53 1.52 0 4294967200.00 4294967200.00
17/10/2003 1.51 1.50 1.52 1.51 0 4294967200.00 4294967200.00
20/10/2003 1.51 1.50 1.56 1.56 0 4294967200.00 4294967200.00
21/10/2003 1.57 1.56 1.58 1.56 0 4294967200.00 4294967200.00
22/10/2003 1.56 1.51 1.56 1.52 0 4294967200.00 4294967200.00
23/10/2003 1.50 1.46 1.50 1.47 0 4294967200.00 4294967200.00
24/10/2003 1.46 1.45 1.52 1.52 0 4294967200.00 4294967200.00
27/10/2003 1.53 1.49 1.54 1.50 0 4294967200.00 4294967200.00
28/10/2003 1.51 1.49 1.52 1.51 0 4294967200.00 4294967200.00
29/10/2003 1.51 1.48 1.53 1.48 0 4294967200.00 4294967200.00
30/10/2003 1.49 1.48 1.51 1.50 0 4294967200.00 4294967200.00
31/10/2003 1.50 1.50 1.53 1.51 0 4294967200.00 4294967200.00
03/11/2003 1.52 1.51 1.54 1.52 0 4294967200.00 4294967200.00
04/11/2003 1.53 1.49 1.53 1.49 0 4294967200.00 4294967200.00
05/11/2003 1.50 1.49 1.51 1.49 0 4294967200.00 4294967200.00
06/11/2003 1.50 1.49 1.51 1.50 0 4294967200.00 4294967200.00
07/11/2003 1.50 1.50 1.52 1.52 0 4294967200.00 4294967200.00
10/11/2003 1.52 1.50 1.53 1.51 0 4294967200.00 4294967200.00
11/11/2003 1.50 1.50 1.51 1.50 0 4294967200.00 4294967200.00
12/11/2003 1.51 1.50 1.56 1.55 0 4294967200.00 4294967200.00
13/11/2003 1.55 1.52 1.56 1.53 0 4294967200.00 4294967200.00
14/11/2003 1.54 1.52 1.56 1.55 0 4294967200.00 4294967200.00
17/11/2003 1.54 1.51 1.55 1.51 0 4294967200.00 4294967200.00
18/11/2003 1.54 1.51 1.55 1.51 0 4294967200.00 4294967200.00
19/11/2003 1.52 1.50 1.52 1.51 0 4294967200.00 4294967200.00
20/11/2003 1.53 1.53 1.59 1.59 0 4294967200.00 4294967200.00
21/11/2003 1.59 1.59 1.65 1.65 0 4294967200.00 4294967200.00
24/11/2003 1.66 1.66 1.69 1.68 0 4294967200.00 4294967200.00
25/11/2003 1.68 1.64 1.69 1.66 0 4294967200.00 4294967200.00
26/11/2003 1.67 1.67 1.71 1.70 0 4294967200.00 4294967200.00
27/11/2003 1.69 1.69 1.75 1.75 0 4294967200.00 4294967200.00
28/11/2003 1.75 1.73 1.78 1.78 0 4294967200.00 4294967200.00
01/12/2003 1.79 1.76 1.80 1.78 0 4294967200.00 4294967200.00
02/12/2003 1.79 1.75 1.79 1.77 0 4294967200.00 4294967200.00
03/12/2003 1.77 1.76 1.83 1.82 0 4294967200.00 4294967200.00
04/12/2003 1.81 1.78 1.81 1.78 0 4294967200.00 4294967200.00
05/12/2003 1.80 1.78 1.84 1.83 0 4294967200.00 4294967200.00
08/12/2003 1.76 1.72 1.77 1.76 0 4294967200.00 4294967200.00
09/12/2003 1.76 1.76 1.79 1.77 0 4294967200.00 4294967200.00
10/12/2003 1.77 1.76 1.79 1.77 0 4294967200.00 4294967200.00
11/12/2003 1.76 1.75 1.80 1.76 0 4294967200.00 4294967200.00
12/12/2003 1.78 1.74 1.79 1.74 0 4294967200.00 4294967200.00
15/12/2003 1.76 1.71 1.79 1.72 0 4294967200.00 4294967200.00
16/12/2003 1.70 1.69 1.72 1.71 0 4294967200.00 4294967200.00
17/12/2003 1.71 1.71 1.79 1.75 0 4294967200.00 4294967200.00
18/12/2003 1.74 1.74 1.80 1.80 0 4294967200.00 4294967200.00
19/12/2003 1.79 1.79 1.83 1.82 0 4294967200.00 4294967200.00
22/12/2003 1.81 1.81 1.85 1.85 0 4294967200.00 4294967200.00
23/12/2003 1.85 1.84 1.89 1.87 0 4294967200.00 4294967200.00
24/12/2003 1.87 1.87 1.87 1.87 0 0.00 0.00
25/12/2003 1.87 1.87 1.87 1.87 0 0.00 0.00
26/12/2003 1.87 1.87 1.91 1.91 0 4294967200.00 4294967200.00
29/12/2003 1.91 1.89 1.93 1.90 0 4294967200.00 4294967200.00
30/12/2003 1.91 1.90 1.92 1.90 0 4294967200.00 4294967200.00
31/12/2003 1.90 1.90 1.90 1.90 0 0.00 0.00
01/01/2004 1.90 1.90 1.90 1.90 0 0.00 0.00
02/01/2004 1.90 1.89 1.91 1.91 0 4294967200.00 4294967200.00
05/01/2004 1.91 1.90 1.98 1.97 0 4294967200.00 4294967200.00
06/01/2004 1.96 1.91 1.99 1.95 0 4294967200.00 4294967200.00
07/01/2004 1.93 1.92 1.96 1.92 0 4294967200.00 4294967200.00
08/01/2004 1.92 1.88 1.93 1.92 0 4294967200.00 4294967200.00
09/01/2004 1.92 1.91 1.94 1.92 0 4294967200.00 4294967200.00
12/01/2004 1.92 1.91 1.95 1.92 0 4294967200.00 4294967200.00
13/01/2004 1.93 1.91 1.95 1.94 0 4294967200.00 4294967200.00
14/01/2004 1.94 1.88 1.96 1.91 0 4294967200.00 4294967200.00
15/01/2004 1.90 1.84 1.91 1.89 0 4294967200.00 4294967200.00
16/01/2004 1.89 1.85 1.89 1.89 0 4294967200.00 4294967200.00
19/01/2004 1.89 1.88 1.92 1.88 0 4294967200.00 4294967200.00
20/01/2004 1.90 1.88 1.91 1.88 0 4294967200.00 4294967200.00
21/01/2004 1.88 1.83 1.88 1.83 0 4294967200.00 4294967200.00
22/01/2004 1.79 1.78 1.89 1.85 0 4294967200.00 4294967200.00
23/01/2004 1.85 1.82 1.88 1.88 0 4294967200.00 4294967200.00
26/01/2004 1.88 1.87 1.96 1.96 0 4294967200.00 4294967200.00
27/01/2004 1.95 1.91 1.98 1.96 0 4294967200.00 4294967200.00
28/01/2004 1.95 1.90 1.98 1.91 0 4294967200.00 4294967200.00
29/01/2004 1.90 1.80 1.90 1.85 0 4294967200.00 4294967200.00
30/01/2004 1.84 1.80 1.89 1.80 0 4294967200.00 4294967200.00
02/02/2004 1.82 1.73 1.85 1.85 0 4294967200.00 4294967200.00
03/02/2004 1.88 1.81 1.89 1.81 0 4294967200.00 4294967200.00
04/02/2004 1.83 1.76 1.85 1.76 0 4294967200.00 4294967200.00
05/02/2004 1.76 1.70 1.77 1.70 0 4294967200.00 4294967200.00
06/02/2004 1.69 1.66 1.75 1.74 0 4294967200.00 4294967200.00
09/02/2004 1.77 1.75 1.78 1.77 0 4294967200.00 4294967200.00
10/02/2004 1.77 1.75 1.80 1.78 0 4294967200.00 4294967200.00
11/02/2004 1.79 1.76 1.88 1.88 0 4294967200.00 4294967200.00
12/02/2004 1.89 1.83 1.89 1.86 0 4294967200.00 4294967200.00
13/02/2004 1.86 1.83 1.87 1.87 0 4294967200.00 4294967200.00
16/02/2004 1.86 1.83 1.86 1.85 0 1272800000.00 1272800000.00
17/02/2004 1.85 1.83 1.88 1.88 0 4294967200.00 4294967200.00
18/02/2004 1.88 1.82 1.89 1.86 0 4294967200.00 4294967200.00
19/02/2004 1.83 1.73 1.83 1.73 0 4294967200.00 4294967200.00
20/02/2004 1.67 1.66 1.81 1.80 0 4294967200.00 4294967200.00
23/02/2004 1.80 1.80 1.80 1.80 0 0.00 0.00
24/02/2004 1.80 1.80 1.80 1.80 0 0.00 0.00
25/02/2004 1.80 1.80 1.86 1.82 0 4294967200.00 4294967200.00
26/02/2004 1.81 1.78 1.81 1.79 0 4294967200.00 4294967200.00
27/02/2004 1.80 1.79 1.83 1.83 0 4294967200.00 4294967200.00
01/03/2004 1.83 1.83 1.88 1.88 0 4294967200.00 4294967200.00
02/03/2004 1.84 1.83 1.92 1.85 0 4294967200.00 4294967200.00
03/03/2004 1.88 1.85 1.91 1.89 0 4294967200.00 4294967200.00
04/03/2004 1.88 1.85 1.89 1.86 0 4294967200.00 4294967200.00
05/03/2004 1.86 1.84 1.90 1.89 0 4294967200.00 4294967200.00
08/03/2004 1.89 1.87 1.93 1.89 0 4294967200.00 4294967200.00
09/03/2004 1.90 1.83 1.91 1.84 0 4294967200.00 4294967200.00
10/03/2004 1.83 1.76 1.85 1.76 0 4294967200.00 4294967200.00
11/03/2004 1.76 1.69 1.79 1.73 0 4294967200.00 4294967200.00
12/03/2004 1.77 1.76 1.80 1.80 0 4294967200.00 4294967200.00
15/03/2004 1.80 1.75 1.80 1.77 0 4294967200.00 4294967200.00
16/03/2004 1.78 1.76 1.80 1.76 0 4294967200.00 4294967200.00
17/03/2004 1.78 1.78 1.81 1.79 0 4294967200.00 4294967200.00
18/03/2004 1.81 1.76 1.83 1.80 0 4294967200.00 4294967200.00
19/03/2004 1.81 1.78 1.83 1.79 0 4294967200.00 4294967200.00
22/03/2004 17.63 17.38 17.88 17.40 0 1593600.00 1593600.00
23/03/2004 17.39 17.06 17.62 17.24 0 1196000.00 1196000.00
24/03/2004 17.38 16.88 17.38 16.88 0 1463200.00 1463200.00
25/03/2004 16.88 16.81 17.06 16.81 0 1184000.00 1184000.00
26/03/2004 16.88 16.88 17.19 16.92 0 860000.00 860000.00
29/03/2004 17.02 17.02 17.69 17.44 0 1180800.00 1180800.00
30/03/2004 17.51 17.50 17.94 17.73 0 1292800.00 1292800.00
31/03/2004 17.75 17.21 17.75 17.38 0 1975200.00 1975200.00
01/04/2004 17.50 17.50 18.00 17.81 0 2062400.00 2062400.00
02/04/2004 18.06 17.88 18.12 18.09 0 1746400.00 1746400.00
05/04/2004 18.00 17.93 18.06 18.01 0 884000.00 884000.00
06/04/2004 18.00 17.56 18.00 17.88 0 1544800.00 1544800.00
07/04/2004 17.62 17.50 18.00 17.50 0 1451200.00 1451200.00
08/04/2004 17.65 17.48 17.65 17.55 0 1037600.00 1037600.00
09/04/2004 17.55 17.55 17.55 17.55 0 0.00 0.00
12/04/2004 17.73 17.41 17.74 17.56 0 837600.00 837600.00
13/04/2004 17.63 17.44 17.65 17.56 0 1010400.00 1010400.00
14/04/2004 17.80 17.13 17.80 17.50 0 2143200.00 2143200.00
15/04/2004 17.50 17.08 17.50 17.12 0 2200000.00 2200000.00
16/04/2004 17.12 17.00 17.22 17.00 0 998400.00 998400.00
19/04/2004 17.02 16.75 17.06 16.91 0 1038400.00 1038400.00
20/04/2004 16.88 16.88 17.12 16.88 0 1786400.00 1786400.00
21/04/2004 16.88 16.88 16.88 16.88 0 0.00 0.00
22/04/2004 16.87 16.62 16.88 16.70 0 1924800.00 1924800.00
23/04/2004 16.70 16.70 16.70 16.70 0 0.00 0.00
26/04/2004 16.97 16.75 17.19 16.75 0 1428800.00 1428800.00
27/04/2004 16.81 16.75 17.12 16.75 0 1289600.00 1289600.00
28/04/2004 16.73 15.94 16.73 15.94 0 2798400.00 2798400.00
29/04/2004 16.06 15.06 16.12 15.06 0 2389600.00 2389600.00
30/04/2004 15.07 14.90 15.38 14.90 0 2490400.00 2490400.00
03/05/2004 15.06 14.69 15.12 15.00 0 1297600.00 1297600.00
04/05/2004 14.98 14.98 15.62 15.38 0 1251200.00 1251200.00
05/05/2004 15.38 15.38 15.69 15.41 0 867200.00 867200.00
06/05/2004 15.41 14.90 15.41 14.96 0 952800.00 952800.00
07/05/2004 14.63 14.56 14.88 14.62 0 1560800.00 1560800.00
10/05/2004 13.76 13.75 14.69 13.75 0 2094400.00 2094400.00
11/05/2004 14.00 14.00 14.49 14.44 0 2832800.00 2832800.00
12/05/2004 14.49 14.25 14.69 14.69 0 2091200.00 2091200.00
13/05/2004 14.50 14.27 15.35 15.19 0 2176000.00 2176000.00
14/05/2004 15.35 14.95 15.62 14.96 0 1573600.00 1573600.00
17/05/2004 14.63 14.38 14.69 14.69 0 1498400.00 1498400.00
18/05/2004 14.73 14.69 15.05 14.90 0 1962400.00 1962400.00
19/05/2004 15.05 15.05 15.62 15.46 0 2351200.00 2351200.00
20/05/2004 15.38 15.26 15.59 15.38 0 1964800.00 1964800.00
21/05/2004 15.25 15.07 15.62 15.56 0 1193600.00 1193600.00
24/05/2004 15.59 15.59 15.98 15.94 0 1197600.00 1197600.00
25/05/2004 16.06 15.87 16.24 16.17 0 1135200.00 1135200.00
26/05/2004 16.06 16.00 16.34 16.34 0 1781600.00 1781600.00
27/05/2004 16.39 16.39 16.82 16.65 0 1349600.00 1349600.00
28/05/2004 16.84 16.44 16.84 16.44 0 1248800.00 1248800.00
31/05/2004 16.62 16.38 16.62 16.38 0 388000.00 388000.00
01/06/2004 16.50 16.38 16.75 16.69 0 792000.00 792000.00
02/06/2004 16.72 16.72 16.96 16.75 0 713600.00 713600.00
03/06/2004 16.62 16.34 16.73 16.48 0 1142400.00 1142400.00
04/06/2004 16.60 16.60 16.90 16.66 0 1486400.00 1486400.00
07/06/2004 16.75 16.75 17.16 17.04 0 1089600.00 1089600.00
08/06/2004 17.04 16.82 17.17 17.16 0 706400.00 706400.00
09/06/2004 16.95 16.74 17.12 16.79 0 731200.00 731200.00
10/06/2004 16.79 16.79 16.79 16.79 0 0.00 0.00
11/06/2004 16.65 16.63 16.79 16.63 0 200800.00 200800.00
14/06/2004 16.51 16.21 16.51 16.29 0 852000.00 852000.00
15/06/2004 16.51 16.51 17.00 17.00 0 1030400.00 1030400.00
16/06/2004 17.00 16.82 17.12 16.94 0 2353600.00 2353600.00
17/06/2004 16.94 16.62 17.17 16.74 0 1052000.00 1052000.00
18/06/2004 16.75 16.58 16.91 16.70 0 431200.00 431200.00
21/06/2004 16.86 16.79 17.12 16.91 0 678400.00 678400.00
22/06/2004 16.88 16.73 16.97 16.76 0 900800.00 900800.00
23/06/2004 16.75 16.73 17.09 17.05 0 1234400.00 1234400.00
24/06/2004 17.10 16.94 17.17 17.01 0 692800.00 692800.00
25/06/2004 17.00 17.00 17.40 17.34 0 641600.00 641600.00
28/06/2004 17.49 17.33 17.74 17.50 0 1364800.00 1364800.00
29/06/2004 17.62 17.50 17.94 17.90 0 599200.00 599200.00
30/06/2004 17.90 17.56 17.99 17.69 0 1288800.00 1288800.00
01/07/2004 17.50 17.50 18.21 18.21 0 2202400.00 2202400.00
02/07/2004 18.17 17.94 18.47 18.25 0 1809600.00 1809600.00
05/07/2004 18.20 17.88 18.31 18.20 0 647200.00 647200.00
06/07/2004 17.88 17.76 18.06 17.88 0 669600.00 669600.00
07/07/2004 17.82 17.75 17.88 17.77 0 1595200.00 1595200.00
08/07/2004 17.51 17.51 17.62 17.54 0 794400.00 794400.00
09/07/2004 17.54 17.54 17.54 17.54 0 0.00 0.00
12/07/2004 17.70 17.70 18.31 18.25 0 1326400.00 1326400.00
13/07/2004 18.25 18.06 18.31 18.15 0 1002400.00 1002400.00
14/07/2004 18.15 17.88 18.59 17.88 0 1653600.00 1653600.00
15/07/2004 18.00 17.90 18.19 17.95 0 1423200.00 1423200.00
16/07/2004 18.25 18.25 18.87 18.61 0 1801600.00 1801600.00
19/07/2004 18.55 18.46 18.65 18.55 0 703200.00 703200.00
20/07/2004 18.52 18.39 18.69 18.39 0 1082400.00 1082400.00
21/07/2004 18.40 17.77 18.50 17.84 0 2223200.00 2223200.00
22/07/2004 17.83 17.50 17.87 17.51 0 1925600.00 1925600.00
23/07/2004 17.50 17.44 18.14 17.56 0 1095200.00 1095200.00
26/07/2004 17.73 17.26 18.00 17.28 0 1376800.00 1376800.00
27/07/2004 17.44 17.44 18.24 17.88 0 1032000.00 1032000.00
28/07/2004 17.88 17.88 18.15 17.95 0 1392000.00 1392000.00
29/07/2004 18.08 17.64 18.12 17.75 0 653600.00 653600.00
30/07/2004 17.75 17.54 17.98 17.54 0 1300800.00 1300800.00
02/08/2004 17.69 17.45 17.74 17.54 0 1721600.00 1721600.00
03/08/2004 17.62 17.37 17.62 17.39 0 1823200.00 1823200.00
04/08/2004 17.29 17.19 17.48 17.25 0 1542400.00 1542400.00
05/08/2004 17.24 16.40 17.34 16.65 0 1919200.00 1919200.00
06/08/2004 16.88 16.49 16.92 16.80 0 977600.00 977600.00
09/08/2004 16.80 16.38 16.88 16.50 0 1435200.00 1435200.00
10/08/2004 16.74 16.55 16.99 16.99 0 1180800.00 1180800.00
11/08/2004 16.99 16.56 16.99 16.81 0 3744000.00 3744000.00
12/08/2004 16.88 16.69 17.17 17.11 0 2100000.00 2100000.00
13/08/2004 17.08 16.96 17.24 17.24 0 792000.00 792000.00
16/08/2004 17.02 17.01 17.26 17.21 0 1640000.00 1640000.00
17/08/2004 17.26 17.21 17.76 17.66 0 1618400.00 1618400.00
18/08/2004 17.65 17.62 18.42 18.12 0 2662400.00 2662400.00
19/08/2004 18.12 18.12 18.68 18.69 0 2000800.00 2000800.00
20/08/2004 18.67 18.67 19.10 18.87 0 1960800.00 1960800.00
23/08/2004 18.67 18.23 18.69 18.50 0 1044800.00 1044800.00
24/08/2004 18.75 18.31 18.75 18.46 0 996000.00 996000.00
25/08/2004 18.62 18.31 18.69 18.64 0 1138400.00 1138400.00
26/08/2004 18.50 18.19 18.50 18.30 0 1498400.00 1498400.00
27/08/2004 18.38 18.09 18.48 18.34 0 1312800.00 1312800.00
30/08/2004 18.15 17.90 18.40 18.26 0 1297600.00 1297600.00
31/08/2004 18.40 17.64 18.42 17.84 0 2886400.00 2886400.00
01/09/2004 17.84 17.56 17.94 17.62 0 1109600.00 1109600.00
02/09/2004 17.60 17.50 17.87 17.81 0 1196800.00 1196800.00
03/09/2004 17.84 17.49 17.84 17.56 0 663200.00 663200.00
06/09/2004 17.56 17.44 17.62 17.50 0 348800.00 348800.00
07/09/2004 17.50 17.50 17.50 17.50 0 0.00 0.00
08/09/2004 17.56 17.56 18.00 17.62 0 1464000.00 1464000.00
09/09/2004 17.63 17.40 17.81 17.75 0 921600.00 921600.00
10/09/2004 17.50 17.45 17.69 17.69 0 767200.00 767200.00
13/09/2004 17.71 17.44 18.00 17.56 0 693600.00 693600.00
14/09/2004 17.56 17.56 18.00 18.00 0 680800.00 680800.00
15/09/2004 18.00 17.94 18.18 18.12 0 1213600.00 1213600.00
16/09/2004 18.12 17.94 18.61 18.44 0 1253600.00 1253600.00
17/09/2004 18.61 18.38 18.81 18.62 0 1167200.00 1167200.00
20/09/2004 18.75 18.58 18.88 18.64 0 1142400.00 1142400.00
21/09/2004 18.75 18.56 18.86 18.69 0 908800.00 908800.00
22/09/2004 18.73 18.48 18.74 18.54 0 674400.00 674400.00
23/09/2004 18.66 18.31 18.71 18.38 0 1124000.00 1124000.00
24/09/2004 18.43 18.26 18.50 18.38 0 772800.00 772800.00
27/09/2004 18.27 17.96 18.38 18.09 0 845600.00 845600.00
28/09/2004 18.00 17.92 18.50 18.50 0 1417600.00 1417600.00
29/09/2004 18.50 18.29 18.69 18.68 0 1111200.00 1111200.00
30/09/2004 18.71 18.50 18.85 18.84 0 1583200.00 1583200.00
01/10/2004 18.88 18.85 19.75 19.50 0 2612000.00 2612000.00
04/10/2004 19.62 19.50 19.95 19.95 0 2017600.00 2017600.00
05/10/2004 19.87 19.69 20.00 19.98 0 2072800.00 2072800.00
06/10/2004 19.80 19.76 20.01 20.00 0 1364000.00 1364000.00
07/10/2004 19.88 19.88 20.11 20.11 0 1387200.00 1387200.00
08/10/2004 20.11 20.11 20.69 20.52 0 2292800.00 2292800.00
11/10/2004 20.38 20.38 20.88 20.65 0 1047200.00 1047200.00
12/10/2004 20.65 20.65 20.65 20.65 0 0.00 0.00
13/10/2004 20.65 20.51 20.97 20.62 0 3219200.00 3219200.00
14/10/2004 20.50 20.19 20.51 20.44 0 1311200.00 1311200.00
15/10/2004 20.38 20.38 20.97 20.56 0 2388800.00 2388800.00
18/10/2004 20.50 20.24 20.77 20.58 0 1536800.00 1536800.00
19/10/2004 20.82 20.50 20.85 20.60 0 1756800.00 1756800.00
20/10/2004 20.44 20.38 20.81 20.81 0 1259200.00 1259200.00
21/10/2004 20.81 20.69 21.94 21.94 0 3480800.00 3480800.00
22/10/2004 21.94 21.75 22.38 21.88 0 2729600.00 2729600.00
25/10/2004 21.56 21.50 21.88 21.75 0 1554400.00 1554400.00
26/10/2004 21.75 21.45 22.00 21.56 0 1615200.00 1615200.00
27/10/2004 21.56 21.27 21.62 21.50 0 1377600.00 1377600.00
28/10/2004 21.50 21.38 22.49 21.92 0 2176000.00 2176000.00
29/10/2004 21.94 21.52 22.24 21.63 0 1896000.00 1896000.00
01/11/2004 21.62 21.39 21.62 21.44 0 848800.00 848800.00
02/11/2004 21.44 21.44 21.44 21.44 0 0.00 0.00
03/11/2004 21.75 21.38 21.75 21.42 0 1017600.00 1017600.00
04/11/2004 21.50 21.45 22.00 21.88 0 2529600.00 2529600.00
05/11/2004 21.87 21.62 22.12 21.88 0 2060800.00 2060800.00
08/11/2004 21.87 21.18 21.88 21.21 0 1463200.00 1463200.00
09/11/2004 21.31 21.00 21.38 21.16 0 1448800.00 1448800.00
10/11/2004 21.38 21.33 21.62 21.51 0 907200.00 907200.00
11/11/2004 21.50 21.25 21.56 21.31 0 935200.00 935200.00
12/11/2004 21.39 21.31 21.55 21.39 0 1708800.00 1708800.00
15/11/2004 21.39 21.39 21.39 21.39 0 0.00 0.00
16/11/2004 21.31 21.01 21.31 21.06 0 856000.00 856000.00
17/11/2004 21.25 21.16 21.55 21.25 0 1308800.00 1308800.00
18/11/2004 21.38 20.98 21.44 21.12 0 1176800.00 1176800.00
19/11/2004 21.12 20.75 21.25 20.77 0 1154400.00 1154400.00
22/11/2004 20.96 20.56 20.99 20.93 0 1591200.00 1591200.00
23/11/2004 21.12 20.95 21.31 21.06 0 2099200.00 2099200.00
24/11/2004 21.13 21.10 21.38 21.16 0 1160000.00 1160000.00
25/11/2004 21.38 21.09 21.47 21.38 0 1075200.00 1075200.00
26/11/2004 21.51 21.49 22.17 21.91 0 1804000.00 1804000.00
29/11/2004 21.91 21.81 22.18 22.08 0 1120000.00 1120000.00
30/11/2004 22.08 21.94 22.37 22.25 0 1496000.00 1496000.00
01/12/2004 22.54 22.27 22.92 22.92 0 2181600.00 2181600.00
02/12/2004 22.89 22.89 24.12 23.88 0 3560800.00 3560800.00
03/12/2004 23.69 23.57 24.69 24.36 0 2921600.00 2921600.00
06/12/2004 24.25 24.13 24.78 24.78 0 2849600.00 2849600.00
07/12/2004 24.11 23.79 24.31 23.94 0 1905600.00 1905600.00
08/12/2004 23.88 23.56 24.06 23.90 0 1208000.00 1208000.00
09/12/2004 23.75 23.62 23.89 23.81 0 1624800.00 1624800.00
10/12/2004 23.76 23.56 24.62 24.61 0 1633600.00 1633600.00
13/12/2004 24.61 24.50 25.55 25.40 0 1076000.00 1076000.00
14/12/2004 17.25 16.50 17.25 16.75 0 2021200.00 2021200.00
15/12/2004 16.75 16.40 17.00 16.42 0 5300400.00 5300400.00
16/12/2004 16.67 16.26 16.67 16.50 0 4342800.00 4342800.00
17/12/2004 16.45 15.77 16.45 15.87 0 3085600.00 3085600.00
20/12/2004 15.94 15.52 15.95 15.62 0 2035600.00 2035600.00
21/12/2004 15.62 15.43 16.00 15.96 0 1985200.00 1985200.00
22/12/2004 16.12 16.08 16.42 16.12 0 2150000.00 2150000.00
23/12/2004 16.10 16.10 16.69 16.38 0 1879600.00 1879600.00
24/12/2004 16.38 16.38 16.38 16.38 0 0.00 0.00
27/12/2004 16.48 16.33 16.88 16.33 0 949200.00 949200.00
28/12/2004 16.40 16.33 16.70 16.38 0 1452400.00 1452400.00
29/12/2004 16.45 16.25 16.70 16.25 0 1200800.00 1200800.00
30/12/2004 16.25 16.06 16.39 16.06 0 1871200.00 1871200.00
31/12/2004 16.06 16.06 16.06 16.06 0 0.00 0.00
03/01/2005 16.25 16.25 16.58 16.58 0 2380800.00 2380800.00
04/01/2005 16.58 16.01 16.76 16.01 0 2690400.00 2690400.00
05/01/2005 16.20 15.52 16.20 15.62 0 3080000.00 3080000.00
06/01/2005 15.71 15.20 15.75 15.20 0 1626000.00 1626000.00
07/01/2005 15.28 15.03 15.48 15.30 0 3080800.00 3080800.00
10/01/2005 15.35 15.25 15.48 15.45 0 3817200.00 3817200.00
11/01/2005 15.51 15.19 15.62 15.23 0 2194400.00 2194400.00
12/01/2005 15.27 14.68 15.35 14.80 0 2047600.00 2047600.00
13/01/2005 15.00 14.96 15.18 15.12 0 2571200.00 2571200.00
14/01/2005 15.09 14.90 15.16 15.05 0 2478000.00 2478000.00
17/01/2005 15.09 14.96 15.10 15.00 0 2058800.00 2058800.00
18/01/2005 14.98 14.85 15.56 15.56 0 3332000.00 3332000.00
19/01/2005 15.62 15.59 15.95 15.75 0 2509200.00 2509200.00
20/01/2005 15.72 15.26 15.72 15.38 0 2040400.00 2040400.00
21/01/2005 15.50 14.98 15.57 15.01 0 1978800.00 1978800.00
24/01/2005 15.02 15.00 15.32 15.25 0 948400.00 948400.00
25/01/2005 15.25 15.25 15.25 15.25 0 0.00 0.00
26/01/2005 15.31 15.18 15.38 15.38 0 1874000.00 1874000.00
27/01/2005 15.25 15.25 15.62 15.50 0 2742400.00 2742400.00
28/01/2005 15.50 15.26 15.62 15.62 0 932800.00 932800.00
31/01/2005 15.90 15.90 16.23 16.20 0 2500400.00 2500400.00
01/02/2005 16.12 15.90 16.12 16.04 0 2561200.00 2561200.00
02/02/2005 16.00 16.00 16.66 16.60 0 2588000.00 2588000.00
03/02/2005 16.62 16.59 17.38 17.33 0 3421600.00 3421600.00
04/02/2005 17.33 17.27 18.58 18.54 0 4162400.00 4162400.00
07/02/2005 18.54 18.54 18.54 18.54 0 0.00 0.00
08/02/2005 18.54 18.54 18.54 18.54 0 0.00 0.00
09/02/2005 18.62 18.15 18.88 18.62 0 3725600.00 3725600.00
10/02/2005 18.45 18.00 18.45 18.42 0 3404400.00 3404400.00
11/02/2005 18.37 18.16 18.75 18.70 0 2946000.00 2946000.00
14/02/2005 18.70 18.70 19.65 19.65 0 3452000.00 3452000.00
15/02/2005 19.40 19.25 20.02 19.95 0 7886400.00 7886400.00
16/02/2005 19.73 19.58 19.88 19.62 0 5077200.00 5077200.00
17/02/2005 19.64 19.64 20.02 19.77 0 3279200.00 3279200.00
18/02/2005 19.65 19.02 19.67 19.15 0 3220800.00 3220800.00
21/02/2005 19.25 18.46 19.25 18.61 0 2351600.00 2351600.00
22/02/2005 18.40 18.40 19.42 19.25 0 2701200.00 2701200.00
23/02/2005 19.13 19.13 19.64 19.58 0 2630000.00 2630000.00
24/02/2005 19.56 19.56 20.75 20.56 0 3656400.00 3656400.00
25/02/2005 20.50 20.00 20.75 20.55 0 2794800.00 2794800.00
28/02/2005 20.50 20.12 20.60 20.48 0 3772000.00 3772000.00
01/03/2005 20.30 20.30 21.31 21.23 0 4039200.00 4039200.00
02/03/2005 21.17 21.00 21.37 21.16 0 3392000.00 3392000.00
03/03/2005 21.25 21.23 21.69 21.44 0 2863200.00 2863200.00
04/03/2005 21.52 21.52 22.00 21.70 0 5164000.00 5164000.00
07/03/2005 21.70 21.70 22.38 22.00 0 3080000.00 3080000.00
08/03/2005 21.97 21.63 21.97 21.69 0 3617200.00 3617200.00
09/03/2005 21.62 21.15 21.70 21.31 0 2246800.00 2246800.00
10/03/2005 21.25 20.78 21.33 21.00 0 4872000.00 4872000.00
11/03/2005 21.32 20.75 21.32 20.75 0 2322400.00 2322400.00
14/03/2005 20.73 20.52 20.92 20.70 0 3442000.00 3442000.00
15/03/2005 20.75 20.39 21.00 20.50 0 2544000.00 2544000.00
16/03/2005 20.49 20.10 20.83 20.83 0 2993600.00 2993600.00
17/03/2005 20.73 20.50 21.30 21.08 0 2257200.00 2257200.00
18/03/2005 21.12 20.68 21.25 20.76 0 2858400.00 2858400.00
21/03/2005 20.75 20.00 20.75 20.00 0 1959200.00 1959200.00
22/03/2005 20.08 19.93 20.75 20.25 0 3035200.00 3035200.00
23/03/2005 20.00 19.56 20.12 19.81 0 3848800.00 3848800.00
24/03/2005 20.00 19.75 20.30 20.25 0 2520800.00 2520800.00
25/03/2005 20.25 20.25 20.25 20.25 0 0.00 0.00
28/03/2005 20.05 19.62 20.25 19.67 0 1699200.00 1699200.00
29/03/2005 19.68 19.25 19.99 19.38 0 1884400.00 1884400.00
30/03/2005 19.40 19.25 19.65 19.38 0 2004000.00 2004000.00
31/03/2005 19.65 19.07 19.65 19.33 0 2438800.00 2438800.00
01/04/2005 19.62 19.25 19.75 19.27 0 2978400.00 2978400.00
04/04/2005 19.25 19.12 19.38 19.25 0 2401600.00 2401600.00
05/04/2005 19.17 19.17 19.50 19.50 0 2223200.00 2223200.00
06/04/2005 19.50 19.39 19.85 19.64 0 2114000.00 2114000.00
07/04/2005 19.84 19.38 20.00 19.96 0 1415600.00 1415600.00
08/04/2005 19.95 19.58 20.00 19.75 0 2138400.00 2138400.00
11/04/2005 19.75 19.55 20.00 19.80 0 1353600.00 1353600.00
12/04/2005 19.70 19.58 19.85 19.76 0 2243600.00 2243600.00
13/04/2005 19.85 19.68 20.00 19.81 0 3050000.00 3050000.00
14/04/2005 19.75 19.25 19.90 19.44 0 2284800.00 2284800.00
15/04/2005 19.48 19.27 19.75 19.42 0 5652800.00 5652800.00
18/04/2005 19.43 18.90 19.45 19.17 0 1673200.00 1673200.00
19/04/2005 19.38 19.20 19.50 19.50 0 2490400.00 2490400.00
20/04/2005 18.90 18.83 19.50 18.90 0 2523600.00 2523600.00
21/04/2005 18.90 18.90 18.90 18.90 0 0.00 0.00
22/04/2005 18.91 18.62 18.91 18.75 0 1578000.00 1578000.00
25/04/2005 18.75 18.63 19.05 19.00 0 1870800.00 1870800.00
26/04/2005 19.12 18.88 19.70 19.70 0 2460800.00 2460800.00
27/04/2005 19.50 19.14 20.00 20.00 0 3448800.00 3448800.00
28/04/2005 19.90 18.95 19.99 18.95 0 2742000.00 2742000.00
29/04/2005 19.25 19.00 19.94 19.94 0 1609200.00 1609200.00
02/05/2005 19.75 19.56 20.62 20.45 0 2382400.00 2382400.00
03/05/2005 20.38 20.00 20.75 20.06 0 1546800.00 1546800.00
04/05/2005 20.24 19.90 20.83 20.66 0 2657200.00 2657200.00
05/05/2005 20.75 20.45 21.05 20.65 0 1333200.00 1333200.00
06/05/2005 20.88 20.55 20.88 20.56 0 983600.00 983600.00
09/05/2005 21.00 21.00 21.50 21.42 0 3523600.00 3523600.00
10/05/2005 21.30 20.75 21.42 20.89 0 1651600.00 1651600.00
11/05/2005 21.00 20.17 21.00 20.35 0 2764400.00 2764400.00
12/05/2005 20.39 19.39 20.55 19.88 0 2280400.00 2280400.00
13/05/2005 19.92 19.40 20.00 19.70 0 1874800.00 1874800.00
16/05/2005 19.92 19.50 20.16 20.10 0 663600.00 663600.00
17/05/2005 20.10 19.64 20.10 19.89 0 1607200.00 1607200.00
18/05/2005 20.05 19.91 20.56 20.37 0 1626800.00 1626800.00
19/05/2005 20.30 20.04 20.40 20.19 0 1794800.00 1794800.00
20/05/2005 20.01 19.67 20.12 19.77 0 1802000.00 1802000.00
23/05/2005 19.85 19.50 19.90 19.54 0 1224000.00 1224000.00
24/05/2005 19.49 19.12 19.55 19.45 0 2262800.00 2262800.00
25/05/2005 19.50 19.31 19.73 19.73 0 2173200.00 2173200.00
26/05/2005 19.73 19.73 19.73 19.73 0 0.00 0.00
27/05/2005 19.73 19.39 20.00 19.50 0 1836000.00 1836000.00
30/05/2005 19.65 19.38 19.75 19.55 0 571200.00 571200.00
31/05/2005 19.50 19.34 19.59 19.39 0 2559200.00 2559200.00
01/06/2005 19.35 19.33 19.60 19.44 0 3760000.00 3760000.00
02/06/2005 19.58 19.54 19.98 19.83 0 4516400.00 4516400.00
03/06/2005 19.88 19.77 20.58 20.52 0 3378000.00 3378000.00
06/06/2005 20.27 19.88 21.12 20.88 0 3857600.00 3857600.00
07/06/2005 20.54 20.38 21.25 20.75 0 2578800.00 2578800.00
08/06/2005 21.00 20.05 21.00 20.23 0 1907200.00 1907200.00
09/06/2005 20.00 19.75 20.25 20.08 0 1374800.00 1374800.00
10/06/2005 20.13 20.13 20.48 20.30 0 1303600.00 1303600.00
13/06/2005 20.50 19.95 20.50 20.08 0 1120400.00 1120400.00
14/06/2005 20.08 19.65 20.85 20.65 0 2774400.00 2774400.00
15/06/2005 20.30 20.00 20.68 20.68 0 2628400.00 2628400.00
16/06/2005 20.62 20.62 20.95 20.77 0 1722000.00 1722000.00
17/06/2005 21.09 20.86 21.12 21.02 0 1226000.00 1226000.00
20/06/2005 21.00 20.62 21.08 21.05 0 1616400.00 1616400.00
21/06/2005 21.00 20.58 21.71 20.72 0 2164800.00 2164800.00
22/06/2005 20.72 20.18 20.75 20.34 0 1578400.00 1578400.00
23/06/2005 20.35 20.02 20.35 20.10 0 1048000.00 1048000.00
24/06/2005 20.17 20.02 20.22 20.06 0 708000.00 708000.00
27/06/2005 20.05 19.95 20.81 20.45 0 2412800.00 2412800.00
28/06/2005 20.50 20.50 20.98 20.88 0 1394800.00 1394800.00
29/06/2005 20.88 20.76 21.10 20.88 0 1062400.00 1062400.00
30/06/2005 20.88 20.65 21.00 20.82 0 1188800.00 1188800.00
01/07/2005 20.82 20.70 21.09 21.00 0 1055600.00 1055600.00
04/07/2005 20.75 20.67 21.00 20.80 0 688000.00 688000.00
05/07/2005 20.75 20.40 20.95 20.43 0 2051200.00 2051200.00
06/07/2005 20.48 19.95 20.48 20.08 0 2505600.00 2505600.00
07/07/2005 20.00 19.62 20.08 19.88 0 2155200.00 2155200.00
08/07/2005 19.66 19.65 20.12 19.66 0 1746800.00 1746800.00
11/07/2005 20.00 19.76 20.20 20.05 0 1229600.00 1229600.00
12/07/2005 20.30 19.88 20.38 20.12 0 971600.00 971600.00
13/07/2005 20.25 20.12 20.67 20.55 0 1448000.00 1448000.00
14/07/2005 20.62 20.62 20.92 20.88 0 1999200.00 1999200.00
15/07/2005 20.80 20.38 20.85 20.70 0 1019200.00 1019200.00
18/07/2005 20.69 20.38 21.20 21.08 0 1430800.00 1430800.00
19/07/2005 20.50 20.50 21.15 21.04 0 2975600.00 2975600.00
20/07/2005 20.71 20.70 21.23 21.12 0 1706000.00 1706000.00
21/07/2005 21.12 20.82 21.25 21.02 0 810800.00 810800.00
22/07/2005 20.88 20.42 21.02 20.48 0 1520800.00 1520800.00
25/07/2005 20.25 19.75 20.26 19.75 0 2253200.00 2253200.00
26/07/2005 19.77 19.75 20.60 20.50 0 1811600.00 1811600.00
27/07/2005 20.50 20.15 20.98 20.83 0 2442000.00 2442000.00
28/07/2005 20.83 20.64 21.27 20.98 0 1487200.00 1487200.00
29/07/2005 21.12 20.76 21.23 20.76 0 1262400.00 1262400.00
01/08/2005 20.88 20.67 21.40 21.23 0 1793200.00 1793200.00
02/08/2005 21.38 21.38 22.75 22.50 0 2961200.00 2961200.00
03/08/2005 22.50 21.60 22.62 21.60 0 3158400.00 3158400.00
04/08/2005 21.65 21.38 22.02 21.58 0 2080000.00 2080000.00
05/08/2005 21.75 21.26 21.95 21.51 0 2408400.00 2408400.00
08/08/2005 22.13 21.83 22.49 22.12 0 3202800.00 3202800.00
09/08/2005 22.25 22.17 23.33 23.33 0 3994400.00 3994400.00
10/08/2005 23.25 23.25 24.25 24.05 0 3782800.00 3782800.00
11/08/2005 24.30 23.08 24.50 23.30 0 2580400.00 2580400.00
12/08/2005 22.50 22.38 23.95 23.75 0 2043600.00 2043600.00
15/08/2005 24.00 23.52 24.20 23.95 0 3132000.00 3132000.00
16/08/2005 23.88 23.70 24.23 23.88 0 1965200.00 1965200.00
17/08/2005 23.92 23.83 24.59 24.36 0 2393600.00 2393600.00
18/08/2005 24.23 24.00 24.45 24.12 0 1827600.00 1827600.00
19/08/2005 24.00 22.76 24.20 23.50 0 2042800.00 2042800.00
22/08/2005 23.78 23.78 24.19 24.06 0 1025200.00 1025200.00
23/08/2005 23.80 23.45 23.88 23.52 0 1746800.00 1746800.00
24/08/2005 23.70 23.53 24.23 24.17 0 2318000.00 2318000.00
25/08/2005 24.15 23.98 24.73 24.70 0 1022400.00 1022400.00
26/08/2005 24.70 24.26 24.80 24.35 0 1101200.00 1101200.00
29/08/2005 24.50 24.31 24.95 24.90 0 838400.00 838400.00
30/08/2005 24.88 24.40 25.08 24.69 0 1111200.00 1111200.00
31/08/2005 24.95 24.75 25.00 25.00 0 3420400.00 3420400.00
01/09/2005 24.88 24.75 25.23 24.88 0 1579600.00 1579600.00
02/09/2005 25.00 24.77 25.23 25.12 0 1766000.00 1766000.00
05/09/2005 25.08 25.00 25.38 25.00 0 788400.00 788400.00
06/09/2005 25.04 24.95 25.85 25.71 0 2040000.00 2040000.00
07/09/2005 25.71 25.71 25.71 25.71 0 0.00 0.00
08/09/2005 25.70 25.70 26.38 26.24 0 2636800.00 2636800.00
09/09/2005 26.10 26.05 26.45 26.23 0 2438400.00 2438400.00
12/09/2005 26.20 25.98 26.33 26.11 0 1194800.00 1194800.00
13/09/2005 26.10 24.99 26.12 25.27 0 2136800.00 2136800.00
14/09/2005 25.28 24.77 25.60 24.93 0 3392800.00 3392800.00
15/09/2005 25.12 25.12 25.73 25.27 0 2873600.00 2873600.00
16/09/2005 25.48 25.02 25.48 25.38 0 2144400.00 2144400.00
19/09/2005 25.27 25.15 25.70 25.51 0 1892400.00 1892400.00
20/09/2005 25.55 25.55 26.25 26.05 0 3599200.00 3599200.00
21/09/2005 25.92 25.75 26.83 26.58 0 3528800.00 3528800.00
22/09/2005 27.00 26.48 27.12 26.88 0 3039600.00 3039600.00
23/09/2005 27.00 26.88 27.36 27.17 0 2421600.00 2421600.00
26/09/2005 27.36 27.00 27.36 27.12 0 4690000.00 4690000.00
27/09/2005 27.25 26.57 27.25 26.67 0 5214000.00 5214000.00
28/09/2005 26.80 26.75 27.32 26.92 0 4234000.00 4234000.00
29/09/2005 27.10 26.59 27.20 27.10 0 4555200.00 4555200.00
30/09/2005 27.12 26.89 27.27 27.20 0 7588800.00 7588800.00
03/10/2005 27.14 27.14 28.36 28.00 0 2166400.00 2166400.00
04/10/2005 28.11 28.11 29.12 28.40 0 4079200.00 4079200.00
05/10/2005 28.30 27.59 28.30 27.73 0 3204400.00 3204400.00
06/10/2005 27.36 26.58 27.73 26.95 0 2684800.00 2684800.00
07/10/2005 27.02 27.02 28.08 28.05 0 3225200.00 3225200.00
10/10/2005 28.25 27.88 28.42 28.00 0 2101600.00 2101600.00
11/10/2005 28.25 28.25 29.00 28.73 0 2340400.00 2340400.00
12/10/2005 28.73 28.73 28.73 28.73 0 0.00 0.00
13/10/2005 27.50 26.67 27.87 27.62 0 3529600.00 3529600.00
14/10/2005 27.62 26.45 27.95 27.26 0 1526000.00 1526000.00
17/10/2005 27.55 27.40 28.38 28.35 0 1718000.00 1718000.00
18/10/2005 28.48 27.57 28.48 27.62 0 1273200.00 1273200.00
19/10/2005 27.75 26.88 27.75 27.12 0 2789200.00 2789200.00
20/10/2005 27.35 26.20 27.48 26.31 0 2880000.00 2880000.00
21/10/2005 26.39 26.38 27.42 27.35 0 1392800.00 1392800.00
24/10/2005 27.50 27.35 28.00 28.00 0 1854000.00 1854000.00
25/10/2005 28.00 27.50 28.34 27.92 0 1652400.00 1652400.00
26/10/2005 27.91 27.75 28.43 28.27 0 1669200.00 1669200.00
27/10/2005 28.40 27.25 28.40 27.38 0 1258000.00 1258000.00
28/10/2005 27.70 27.55 28.15 27.75 0 2034400.00 2034400.00
31/10/2005 27.98 27.88 29.12 28.93 0 1871600.00 1871600.00
01/11/2005 29.21 29.21 30.50 30.50 0 3096800.00 3096800.00
02/11/2005 30.50 30.50 30.50 30.50 0 0.00 0.00
03/11/2005 30.88 30.10 31.25 30.12 0 2680000.00 2680000.00
04/11/2005 30.04 29.70 30.40 29.95 0 1582400.00 1582400.00
07/11/2005 30.53 29.40 30.75 30.47 0 3157200.00 3157200.00
08/11/2005 30.42 29.92 30.60 30.60 0 1777200.00 1777200.00
09/11/2005 30.62 30.00 30.87 30.52 0 1385200.00 1385200.00
10/11/2005 30.38 30.12 31.16 31.16 0 1509200.00 1509200.00
11/11/2005 31.16 30.85 31.73 31.62 0 1252400.00 1252400.00
14/11/2005 30.80 30.30 32.40 31.88 0 1389600.00 1389600.00
15/11/2005 31.88 31.88 31.88 31.88 0 0.00 0.00
16/11/2005 31.75 31.62 31.95 31.80 0 1599200.00 1599200.00
17/11/2005 31.80 31.58 32.14 31.94 0 2642400.00 2642400.00
18/11/2005 32.12 31.50 32.12 31.80 0 1674400.00 1674400.00
21/11/2005 32.08 31.69 32.08 31.98 0 1384000.00 1384000.00
22/11/2005 31.86 31.38 33.07 33.00 0 2498400.00 2498400.00
23/11/2005 33.00 32.85 34.15 34.00 0 4258200.00 4258200.00
24/11/2005 33.89 33.52 33.97 33.97 0 1400000.00 1400000.00
25/11/2005 34.15 33.54 34.80 34.65 0 1206000.00 1206000.00
28/11/2005 34.65 33.70 35.00 33.80 0 1738000.00 1738000.00
29/11/2005 33.85 33.44 34.35 33.80 0 1492600.00 1492600.00
30/11/2005 33.65 33.10 34.10 33.83 0 5410000.00 5410000.00
01/12/2005 34.00 33.90 35.05 35.00 0 2887400.00 2887400.00
02/12/2005 35.03 34.80 35.70 35.67 0 2113400.00 2113400.00
05/12/2005 36.90 35.33 37.15 36.90 0 2024600.00 2024600.00
06/12/2005 38.08 37.25 38.29 38.08 0 2497200.00 2497200.00
07/12/2005 36.58 36.58 38.15 36.58 0 2665400.00 2665400.00
08/12/2005 35.00 35.00 37.05 35.00 0 3637400.00 3637400.00
09/12/2005 34.83 33.78 35.75 34.83 0 3334600.00 3334600.00
12/12/2005 34.92 34.67 35.62 34.92 0 2471000.00 2471000.00
13/12/2005 34.60 34.35 35.10 34.60 0 1999400.00 1999400.00
14/12/2005 34.25 34.20 34.78 34.25 0 1969800.00 1969800.00
15/12/2005 34.46 34.01 34.65 34.46 0 1987400.00 1987400.00
16/12/2005 34.92 34.53 35.39 34.92 0 2503600.00 2503600.00
19/12/2005 34.42 34.20 35.38 34.42 0 1804000.00 1804000.00
20/12/2005 34.49 34.26 34.70 34.49 0 1221200.00 1221200.00
21/12/2005 35.73 34.61 35.83 35.73 0 2178200.00 2178200.00
22/12/2005 35.75 35.55 36.15 35.75 0 2042400.00 2042400.00
23/12/2005 35.64 35.22 35.90 35.64 0 854800.00 854800.00
26/12/2005 34.65 34.65 35.64 34.65 0 901800.00 901800.00
27/12/2005 34.85 34.33 35.45 34.85 0 1402000.00 1402000.00
28/12/2005 34.00 33.86 35.00 34.00 0 2124000.00 2124000.00
29/12/2005 33.85 33.85 34.60 33.85 0 2092600.00 2092600.00
30/12/2005 33.85 33.85 33.85 33.85 0 0.00 0.00
02/01/2006 33.85 32.84 34.10 33.85 0 1076800.00 1076800.00
03/01/2006 35.30 34.01 35.30 35.30 0 4507400.00 4507400.00
04/01/2006 36.15 35.00 36.58 36.15 0 3803000.00 3803000.00
05/01/2006 35.84 35.51 36.20 35.84 0 1747200.00 1747200.00
06/01/2006 36.35 36.00 36.49 36.35 0 2383400.00 2383400.00
09/01/2006 36.38 35.95 36.53 36.24 0 1504200.00 1504200.00
10/01/2006 36.01 35.15 36.24 36.01 0 3724000.00 3724000.00
11/01/2006 36.25 36.25 37.38 37.10 0 2951400.00 2951400.00
12/01/2006 37.00 36.60 37.56 36.95 0 2160000.00 2160000.00
13/01/2006 36.95 36.20 37.60 37.45 0 1299600.00 1299600.00
16/01/2006 37.59 37.50 38.15 38.15 0 586400.00 586400.00
17/01/2006 37.75 37.26 38.25 38.25 0 2788400.00 2788400.00
18/01/2006 37.50 37.00 37.80 37.40 0 2313000.00 2313000.00
19/01/2006 38.00 37.90 39.20 38.94 0 3021400.00 3021400.00
20/01/2006 38.75 38.20 38.92 38.70 0 1341000.00 1341000.00
23/01/2006 38.50 37.92 38.83 38.83 0 967800.00 967800.00
24/01/2006 39.01 39.01 41.00 40.85 0 2176400.00 2176400.00
25/01/2006 40.85 40.85 40.85 40.85 0 0.00 0.00
26/01/2006 40.99 40.01 41.74 41.74 0 2858200.00 2858200.00
27/01/2006 42.50 41.74 43.22 42.01 0 2328200.00 2328200.00
30/01/2006 42.01 41.95 43.92 43.76 0 2792200.00 2792200.00
31/01/2006 44.10 42.65 44.55 43.50 0 2690200.00 2690200.00
01/02/2006 43.53 43.03 44.10 43.65 0 2364000.00 2364000.00
02/02/2006 43.74 41.76 43.78 42.15 0 2305000.00 2305000.00
03/02/2006 42.51 40.65 42.83 41.45 0 2216400.00 2216400.00
06/02/2006 41.97 41.10 42.35 41.20 0 1358200.00 1358200.00
07/02/2006 41.15 39.90 41.15 40.00 0 1245400.00 1245400.00
08/02/2006 39.94 39.14 39.94 39.70 0 1902200.00 1902200.00
09/02/2006 40.16 39.87 41.15 40.67 0 1703600.00 1703600.00
10/02/2006 41.36 41.36 42.37 42.08 0 3137600.00 3137600.00
13/02/2006 42.08 40.74 42.34 40.74 0 1295000.00 1295000.00
14/02/2006 40.50 39.90 41.49 40.58 0 2474000.00 2474000.00
15/02/2006 40.53 40.40 41.50 41.35 0 2187600.00 2187600.00
16/02/2006 41.75 41.75 44.35 44.35 0 4386600.00 4386600.00
17/02/2006 44.75 43.90 44.80 44.10 0 3868000.00 3868000.00
20/02/2006 44.17 42.95 44.25 43.47 0 1629200.00 1629200.00
21/02/2006 44.50 43.75 45.10 45.10 0 3587200.00 3587200.00
22/02/2006 43.29 43.06 44.24 43.90 0 4040800.00 4040800.00
23/02/2006 43.56 42.36 43.76 42.40 0 4000400.00 4000400.00
24/02/2006 42.55 42.40 44.10 43.80 0 1544800.00 1544800.00
27/02/2006 43.80 43.80 43.80 43.80 0 0.00 0.00
28/02/2006 43.80 43.80 43.80 43.80 0 0.00 0.00
01/03/2006 44.90 44.62 45.88 45.62 0 2316600.00 2316600.00
02/03/2006 45.50 44.80 46.30 45.25 0 2608400.00 2608400.00
03/03/2006 44.99 44.65 45.50 45.00 0 3943000.00 3943000.00
06/03/2006 45.00 43.62 45.00 43.62 0 1667400.00 1667400.00
07/03/2006 42.50 41.66 43.35 42.20 0 3697000.00 3697000.00
08/03/2006 41.12 40.22 41.99 41.03 0 5754600.00 5754600.00
09/03/2006 41.58 39.51 42.00 39.90 0 2697600.00 2697600.00
10/03/2006 40.20 39.38 41.25 40.70 0 1753800.00 1753800.00
13/03/2006 40.95 40.95 41.99 41.03 0 1654600.00 1654600.00
14/03/2006 40.74 40.60 41.90 41.75 0 1906400.00 1906400.00
15/03/2006 42.52 41.90 42.90 42.42 0 1968600.00 1968600.00
16/03/2006 43.00 42.43 43.25 43.01 0 1868000.00 1868000.00
17/03/2006 42.75 42.35 43.22 43.20 0 1786800.00 1786800.00
20/03/2006 43.30 42.80 43.75 42.90 0 1768400.00 1768400.00
21/03/2006 42.90 41.65 42.90 41.65 0 3149600.00 3149600.00
22/03/2006 41.50 41.15 42.25 42.06 0 3145000.00 3145000.00
23/03/2006 42.28 40.95 42.35 41.65 0 2889800.00 2889800.00
24/03/2006 41.50 41.00 42.05 41.28 0 1710600.00 1710600.00
27/03/2006 40.99 40.42 41.19 40.42 0 2170200.00 2170200.00
28/03/2006 40.01 39.15 40.10 39.35 0 5920200.00 5920200.00
29/03/2006 39.40 39.25 39.92 39.75 0 2379200.00 2379200.00
30/03/2006 39.64 39.03 40.90 39.10 0 2017800.00 2017800.00
31/03/2006 39.40 38.50 39.50 38.76 0 1249200.00 1249200.00
03/04/2006 40.10 39.00 40.30 39.50 0 2185000.00 2185000.00
04/04/2006 40.08 39.50 40.45 39.70 0 1928000.00 1928000.00
05/04/2006 39.90 39.40 40.22 40.06 0 5118000.00 5118000.00
06/04/2006 40.25 39.72 40.45 40.06 0 1958600.00 1958600.00
07/04/2006 40.15 39.40 40.25 39.58 0 4577000.00 4577000.00
10/04/2006 39.78 38.21 39.78 38.60 0 3795800.00 3795800.00
11/04/2006 38.76 37.58 39.08 37.81 0 2780600.00 2780600.00
12/04/2006 38.19 37.66 38.29 37.66 0 2734600.00 2734600.00
13/04/2006 37.69 37.36 37.75 37.50 0 1577400.00 1577400.00
14/04/2006 37.50 37.50 37.50 37.50 0 0.00 0.00
17/04/2006 38.25 37.40 38.26 37.47 0 1575200.00 1575200.00
18/04/2006 37.70 37.65 38.70 38.24 0 3330600.00 3330600.00
19/04/2006 38.65 38.51 39.90 39.72 0 3611400.00 3611400.00
20/04/2006 39.85 39.85 41.50 40.97 0 3213200.00 3213200.00
21/04/2006 40.97 40.97 40.97 40.97 0 0.00 0.00
24/04/2006 41.00 40.45 41.20 40.55 0 1493600.00 1493600.00
25/04/2006 40.20 39.95 40.85 40.20 0 1638000.00 1638000.00
26/04/2006 40.20 40.00 40.76 40.62 0 1387200.00 1387200.00
27/04/2006 40.50 39.88 40.70 40.25 0 1164600.00 1164600.00
28/04/2006 40.25 39.40 40.35 39.80 0 2224400.00 2224400.00
01/05/2006 39.80 39.80 39.80 39.80 0 0.00 0.00
02/05/2006 39.85 39.32 40.05 39.85 0 3297200.00 3297200.00
03/05/2006 40.00 39.86 40.29 40.05 0 1132400.00 1132400.00
04/05/2006 40.05 40.00 40.60 40.25 0 1646600.00 1646600.00
05/05/2006 40.30 40.30 40.80 40.53 0 2538000.00 2538000.00
08/05/2006 41.00 40.68 41.45 41.03 0 3472200.00 3472200.00
09/05/2006 41.35 40.78 41.49 40.79 0 2504200.00 2504200.00
10/05/2006 40.40 40.17 40.72 40.50 0 1733600.00 1733600.00
11/05/2006 40.80 39.85 40.90 40.10 0 2503400.00 2503400.00
12/05/2006 39.51 39.10 39.85 39.69 0 1686800.00 1686800.00
15/05/2006 39.38 38.42 39.88 38.75 0 3749800.00 3749800.00
16/05/2006 39.45 38.31 39.53 38.60 0 2518400.00 2518400.00
17/05/2006 38.40 37.95 38.58 38.49 0 2258600.00 2258600.00
18/05/2006 38.65 37.51 38.92 37.60 0 2144800.00 2144800.00
19/05/2006 37.55 37.06 38.28 37.50 0 2244400.00 2244400.00
22/05/2006 36.80 35.75 37.49 37.00 0 3828000.00 3828000.00
23/05/2006 37.75 36.65 38.15 36.90 0 2509800.00 2509800.00
24/05/2006 36.75 34.85 37.29 36.10 0 4295200.00 4295200.00
25/05/2006 36.51 35.51 37.40 37.25 0 3980800.00 3980800.00
26/05/2006 37.80 36.75 37.89 36.92 0 4471000.00 4471000.00
29/05/2006 37.40 37.00 37.85 37.25 0 1194000.00 1194000.00
30/05/2006 36.77 35.51 37.00 35.66 0 3738800.00 3738800.00
31/05/2006 36.00 34.88 36.62 35.00 0 2779200.00 2779200.00
01/06/2006 35.60 35.20 36.50 36.25 0 2448400.00 2448400.00
02/06/2006 36.90 35.70 37.00 36.05 0 3006600.00 3006600.00
05/06/2006 36.00 34.85 36.00 35.10 0 1258200.00 1258200.00
06/06/2006 34.92 33.95 34.97 34.04 0 2314800.00 2314800.00
07/06/2006 34.35 32.51 34.38 32.51 0 2872400.00 2872400.00
08/06/2006 32.58 30.84 32.58 31.95 0 4563000.00 4563000.00
09/06/2006 32.51 31.76 32.88 31.95 0 2705400.00 2705400.00
12/06/2006 30.70 30.25 32.25 30.30 0 2879200.00 2879200.00
13/06/2006 29.27 28.50 30.44 28.80 0 4833000.00 4833000.00
14/06/2006 29.16 28.53 29.75 29.50 0 6338800.00 6338800.00
15/06/2006 29.50 29.50 29.50 29.50 0 0.00 0.00
16/06/2006 30.50 30.31 31.40 31.03 0 2918200.00 2918200.00
19/06/2006 31.50 30.35 31.60 30.75 0 4087200.00 4087200.00
20/06/2006 31.00 30.50 31.35 31.02 0 2619400.00 2619400.00
21/06/2006 31.06 30.50 32.10 31.95 0 3095400.00 3095400.00
22/06/2006 32.10 31.45 32.22 31.47 0 1910600.00 1910600.00
23/06/2006 31.25 30.75 31.80 31.50 0 1504800.00 1504800.00
26/06/2006 31.50 31.44 31.80 31.55 0 1928600.00 1928600.00
27/06/2006 31.73 31.00 31.75 31.00 0 1676000.00 1676000.00
28/06/2006 30.95 30.44 31.30 30.80 0 3567200.00 3567200.00
29/06/2006 30.95 30.85 33.83 33.51 0 5353200.00 5353200.00
30/06/2006 33.95 33.33 34.68 33.85 0 2970200.00 2970200.00
03/07/2006 34.04 33.88 35.22 35.18 0 1587400.00 1587400.00
04/07/2006 35.40 34.65 35.75 35.25 0 1566000.00 1566000.00
05/07/2006 34.50 34.00 34.94 34.50 0 2442000.00 2442000.00
06/07/2006 34.74 34.60 35.33 34.60 0 3722800.00 3722800.00
07/07/2006 34.20 33.76 35.08 34.20 0 1848000.00 1848000.00
10/07/2006 34.36 33.56 34.65 33.95 0 1027400.00 1027400.00
11/07/2006 33.94 33.26 34.25 34.21 0 1959200.00 1959200.00
12/07/2006 34.40 33.40 34.44 33.53 0 1933800.00 1933800.00
13/07/2006 33.01 32.20 33.20 32.35 0 2006000.00 2006000.00
14/07/2006 32.60 31.76 32.70 32.00 0 1480000.00 1480000.00
17/07/2006 31.76 31.35 32.21 31.48 0 1342600.00 1342600.00
18/07/2006 31.65 30.77 32.15 31.20 0 2577600.00 2577600.00
19/07/2006 31.52 31.16 33.88 33.88 0 3878800.00 3878800.00
20/07/2006 34.25 33.22 34.48 33.35 0 2483800.00 2483800.00
21/07/2006 33.03 33.00 34.00 33.55 0 1104600.00 1104600.00
24/07/2006 34.14 33.85 34.94 34.75 0 2201400.00 2201400.00
25/07/2006 34.50 34.30 35.42 35.29 0 2186200.00 2186200.00
26/07/2006 35.30 35.10 35.97 35.45 0 2280000.00 2280000.00
27/07/2006 35.61 34.75 35.99 35.40 0 3111400.00 3111400.00
28/07/2006 35.95 35.25 36.55 36.44 0 2539600.00 2539600.00
31/07/2006 36.53 36.17 36.62 36.40 0 1649400.00 1649400.00
01/08/2006 36.28 35.53 36.34 36.00 0 2244600.00 2244600.00
02/08/2006 36.08 35.96 36.60 36.25 0 1898600.00 1898600.00
03/08/2006 36.00 35.71 36.40 36.10 0 1777400.00 1777400.00
04/08/2006 37.15 36.50 37.17 36.97 0 2099800.00 2099800.00
07/08/2006 37.00 35.98 37.00 36.10 0 2452800.00 2452800.00
08/08/2006 36.20 35.53 36.67 35.85 0 2303000.00 2303000.00
09/08/2006 36.08 34.95 36.56 34.95 0 2371000.00 2371000.00
10/08/2006 34.83 34.51 35.38 35.28 0 2419400.00 2419400.00
11/08/2006 35.30 34.95 35.60 35.00 0 2291800.00 2291800.00
14/08/2006 35.43 34.35 35.50 34.50 0 1453200.00 1453200.00
15/08/2006 35.17 34.51 35.94 35.90 0 2206800.00 2206800.00
16/08/2006 36.25 35.38 36.65 36.15 0 4143000.00 4143000.00
17/08/2006 36.00 35.75 36.70 36.49 0 2597000.00 2597000.00
18/08/2006 36.40 35.71 36.42 35.71 0 1453600.00 1453600.00
21/08/2006 35.72 35.20 35.74 35.26 0 956800.00 956800.00
22/08/2006 35.26 34.70 35.50 35.12 0 1498400.00 1498400.00
23/08/2006 35.10 34.15 35.20 34.50 0 2330800.00 2330800.00
24/08/2006 34.76 33.55 35.00 34.24 0 2313200.00 2313200.00
25/08/2006 34.50 33.71 34.58 33.78 0 1369800.00 1369800.00
28/08/2006 33.88 33.55 34.99 34.99 0 1143600.00 1143600.00
29/08/2006 34.88 34.60 35.40 34.85 0 1523800.00 1523800.00
30/08/2006 34.87 34.83 35.24 35.05 0 632400.00 632400.00
31/08/2006 35.35 34.74 35.50 34.76 0 2840200.00 2840200.00
01/09/2006 34.95 34.88 36.19 35.95 0 1851600.00 1851600.00
04/09/2006 36.15 35.88 36.28 36.15 0 1042800.00 1042800.00
05/09/2006 36.00 35.20 36.00 35.44 0 2127000.00 2127000.00
06/09/2006 35.19 34.55 35.19 34.85 0 1964200.00 1964200.00
07/09/2006 34.85 34.85 34.85 34.85 0 0.00 0.00
08/09/2006 34.72 34.60 35.35 35.12 0 1038800.00 1038800.00
11/09/2006 34.95 34.62 35.29 34.92 0 2325600.00 2325600.00
12/09/2006 35.25 34.90 36.40 36.40 0 2559000.00 2559000.00
13/09/2006 36.30 36.30 36.99 36.65 0 2368400.00 2368400.00
14/09/2006 36.45 35.92 36.75 36.15 0 1299400.00 1299400.00
15/09/2006 36.20 36.10 36.76 36.47 0 1143600.00 1143600.00
18/09/2006 36.55 36.35 37.15 36.75 0 1384400.00 1384400.00
19/09/2006 36.50 35.50 36.70 36.19 0 1259600.00 1259600.00
20/09/2006 36.19 35.59 36.62 35.95 0 1610200.00 1610200.00
21/09/2006 36.00 34.90 36.38 35.10 0 2143200.00 2143200.00
22/09/2006 34.70 34.35 35.41 35.10 0 1978600.00 1978600.00
25/09/2006 35.15 34.51 35.90 35.79 0 1429400.00 1429400.00
26/09/2006 35.80 35.19 36.10 35.90 0 2187400.00 2187400.00
27/09/2006 35.70 35.30 36.24 36.24 0 4301600.00 4301600.00
28/09/2006 36.04 35.92 36.47 36.15 0 1836200.00 1836200.00
29/09/2006 36.15 35.88 36.15 35.99 0 1081600.00 1081600.00
02/10/2006 36.38 36.38 37.22 37.10 0 2253000.00 2253000.00
03/10/2006 36.94 36.27 37.13 36.40 0 1351200.00 1351200.00
04/10/2006 36.69 36.40 38.19 37.89 0 2826400.00 2826400.00
05/10/2006 37.89 37.55 38.75 38.67 0 2361800.00 2361800.00
06/10/2006 37.00 36.60 37.70 37.70 0 2275600.00 2275600.00
09/10/2006 37.44 37.31 38.10 37.85 0 59800.00 59800.00
10/10/2006 37.85 37.83 38.25 38.17 0 2649000.00 2649000.00
11/10/2006 37.90 37.53 38.67 38.25 0 2385400.00 2385400.00
12/10/2006 38.25 38.25 38.25 38.25 0 0.00 0.00
13/10/2006 38.76 38.65 39.26 38.88 0 1936800.00 1936800.00
16/10/2006 38.85 38.31 39.17 39.12 0 1500200.00 1500200.00
17/10/2006 38.99 38.06 38.99 38.45 0 1593400.00 1593400.00
18/10/2006 38.65 38.53 39.15 39.00 0 2378200.00 2378200.00
19/10/2006 39.00 38.62 39.22 39.03 0 1438200.00 1438200.00
20/10/2006 38.91 38.20 38.99 38.38 0 1088600.00 1088600.00
23/10/2006 38.44 37.78 39.35 39.35 0 2445200.00 2445200.00
24/10/2006 39.34 39.20 39.80 39.62 0 2121600.00 2121600.00
25/10/2006 39.65 39.10 39.67 39.41 0 1535600.00 1535600.00
26/10/2006 39.35 38.80 39.62 39.00 0 2023400.00 2023400.00
27/10/2006 38.74 38.49 39.22 38.68 0 1427200.00 1427200.00
30/10/2006 38.71 37.60 38.81 38.01 0 1583000.00 1583000.00
31/10/2006 38.35 37.70 38.35 38.04 0 2459200.00 2459200.00
01/11/2006 38.04 38.04 38.88 38.50 0 2260000.00 2260000.00
02/11/2006 38.50 38.50 38.50 38.50 0 0.00 0.00
03/11/2006 38.45 38.44 38.92 38.53 0 1561800.00 1561800.00
06/11/2006 38.76 38.76 39.47 39.39 0 1801200.00 1801200.00
07/11/2006 39.25 38.90 39.53 39.24 0 1861600.00 1861600.00
08/11/2006 38.94 38.76 39.44 39.42 0 1150600.00 1150600.00
09/11/2006 39.50 37.90 39.50 38.03 0 3788600.00 3788600.00
10/11/2006 38.15 37.60 38.51 38.49 0 2950800.00 2950800.00
13/11/2006 38.70 37.85 39.20 39.20 0 1993800.00 1993800.00
14/11/2006 39.33 39.31 40.60 40.60 0 3446400.00 3446400.00
15/11/2006 40.60 40.60 40.60 40.60 0 0.00 0.00
16/11/2006 40.70 40.00 41.15 40.70 0 2332800.00 2332800.00
17/11/2006 40.42 40.10 41.17 41.17 0 2119600.00 2119600.00
20/11/2006 41.17 41.17 41.17 41.17 0 0.00 0.00
21/11/2006 41.17 40.70 41.25 41.25 0 1798200.00 1798200.00
22/11/2006 41.30 40.80 41.58 41.58 0 1846800.00 1846800.00
23/11/2006 41.60 41.25 41.74 41.50 0 1018000.00 1018000.00
24/11/2006 41.25 40.75 41.40 40.75 0 1549200.00 1549200.00
27/11/2006 40.67 39.76 41.00 40.09 0 1824200.00 1824200.00
28/11/2006 40.11 39.35 40.12 39.90 0 1411400.00 1411400.00
29/11/2006 40.50 40.22 41.00 40.88 0 1436200.00 1436200.00
30/11/2006 40.90 40.31 41.25 40.70 0 1915800.00 1915800.00
01/12/2006 40.77 39.88 41.00 39.95 0 1606000.00 1606000.00
04/12/2006 40.00 39.97 40.80 40.80 0 2417400.00 2417400.00
05/12/2006 40.78 40.78 41.22 41.01 0 1885800.00 1885800.00
06/12/2006 40.89 40.70 41.65 41.46 0 1673200.00 1673200.00
07/12/2006 41.50 40.79 41.80 40.88 0 1272800.00 1272800.00
08/12/2006 40.97 40.80 41.49 41.00 0 1496600.00 1496600.00
11/12/2006 41.10 40.78 41.25 40.88 0 1179600.00 1179600.00
12/12/2006 40.75 40.40 40.92 40.46 0 1723000.00 1723000.00
13/12/2006 40.50 40.15 40.90 40.90 0 3551800.00 3551800.00
14/12/2006 41.05 41.05 41.80 41.70 0 2108800.00 2108800.00
15/12/2006 41.70 41.00 42.10 41.89 0 2212800.00 2212800.00
18/12/2006 42.05 41.38 42.24 41.60 0 1142200.00 1142200.00
19/12/2006 41.38 40.76 41.40 41.15 0 1873000.00 1873000.00
20/12/2006 41.45 41.28 41.78 41.78 0 3027000.00 3027000.00
21/12/2006 41.80 41.38 41.92 41.92 0 1819400.00 1819400.00
22/12/2006 42.00 41.05 42.00 41.50 0 1128400.00 1128400.00
25/12/2006 41.50 41.50 41.50 41.50 0 0.00 0.00
26/12/2006 41.73 41.40 41.80 41.80 0 1819000.00 1819000.00
27/12/2006 41.70 41.70 42.78 42.78 0 1891000.00 1891000.00
28/12/2006 42.78 42.49 43.25 43.25 0 1782200.00 1782200.00
29/12/2006 43.25 43.25 43.25 43.25 0 0.00 0.00
01/01/2007 43.25 43.25 43.25 43.25 0 0.00 0.00
02/01/2007 43.25 43.10 44.78 44.69 0 1882200.00 1882200.00
03/01/2007 44.20 44.00 44.74 44.40 0 2206200.00 2206200.00
04/01/2007 44.03 43.85 44.50 44.49 0 1680400.00 1680400.00
05/01/2007 44.24 42.60 44.67 42.65 0 2501000.00 2501000.00
08/01/2007 42.70 42.70 44.24 44.20 0 2042000.00 2042000.00
09/01/2007 43.72 42.87 44.25 43.47 0 2526400.00 2526400.00
10/01/2007 42.85 42.00 42.97 42.83 0 2684800.00 2684800.00
11/01/2007 42.60 42.08 43.55 43.47 0 2082600.00 2082600.00
12/01/2007 43.60 43.47 44.55 44.53 0 1733000.00 1733000.00
15/01/2007 44.55 43.97 44.65 44.45 0 895200.00 895200.00
16/01/2007 44.25 43.60 44.98 44.42 0 1703400.00 1703400.00
17/01/2007 44.40 43.90 44.60 44.38 0 1301800.00 1301800.00
18/01/2007 44.74 43.38 45.00 43.55 0 1978800.00 1978800.00
19/01/2007 43.60 43.58 44.74 44.70 0 1220400.00 1220400.00
22/01/2007 45.00 44.01 45.13 44.49 0 1681600.00 1681600.00
23/01/2007 44.33 44.17 44.94 44.50 0 1295000.00 1295000.00
24/01/2007 44.76 44.20 45.00 44.90 0 2079600.00 2079600.00
25/01/2007 44.90 44.90 44.90 44.90 0 0.00 0.00
26/01/2007 43.75 43.67 44.65 44.51 0 2700800.00 2700800.00
29/01/2007 44.55 43.25 44.55 43.28 0 1851200.00 1851200.00
30/01/2007 43.55 43.02 43.67 43.35 0 1587200.00 1587200.00
31/01/2007 43.30 42.88 43.86 43.15 0 3815400.00 3815400.00
01/02/2007 42.65 42.65 43.75 42.65 0 2151600.00 2151600.00
02/02/2007 42.85 42.75 43.12 42.95 0 2267200.00 2267200.00
05/02/2007 42.90 42.76 43.37 43.26 0 1158000.00 1158000.00
06/02/2007 43.37 42.95 43.97 43.22 0 1880800.00 1880800.00
07/02/2007 43.50 43.12 44.04 43.78 0 2245600.00 2245600.00
08/02/2007 43.93 43.12 44.00 43.80 0 1525600.00 1525600.00
09/02/2007 43.99 42.50 43.99 42.75 0 1880000.00 1880000.00
12/02/2007 42.85 41.49 43.12 41.54 0 2380600.00 2380600.00
13/02/2007 42.10 41.42 42.12 42.08 0 2988400.00 2988400.00
14/02/2007 42.25 41.75 43.35 43.32 0 3830200.00 3830200.00
15/02/2007 43.00 42.27 43.22 42.38 0 2326000.00 2326000.00
16/02/2007 42.50 41.67 42.50 41.81 0 2538200.00 2538200.00
19/02/2007 41.81 41.81 41.81 41.81 0 0.00 0.00
20/02/2007 41.81 41.81 41.81 41.81 0 0.00 0.00
21/02/2007 41.80 41.28 41.80 41.40 0 1618600.00 1618600.00
22/02/2007 41.60 41.48 41.95 41.70 0 2556600.00 2556600.00
23/02/2007 41.65 41.10 42.17 41.19 0 2073800.00 2073800.00
26/02/2007 41.56 40.88 41.75 41.50 0 1890200.00 1890200.00
27/02/2007 40.33 38.51 40.33 39.00 0 5385000.00 5385000.00
28/02/2007 39.38 38.69 39.55 39.05 0 4830600.00 4830600.00
01/03/2007 38.35 37.26 39.51 39.05 0 4006200.00 4006200.00
02/03/2007 38.51 37.51 38.89 37.85 0 3490400.00 3490400.00
05/03/2007 37.18 36.90 37.61 37.00 0 3865600.00 3865600.00
06/03/2007 38.08 37.80 39.14 39.14 0 4408800.00 4408800.00
07/03/2007 39.20 38.38 39.20 38.45 0 3390000.00 3390000.00
08/03/2007 39.25 39.00 39.55 39.35 0 1702400.00 1702400.00
09/03/2007 39.70 39.08 39.97 39.97 0 2925600.00 2925600.00
12/03/2007 39.69 39.40 40.08 40.00 0 2254000.00 2254000.00
13/03/2007 38.60 38.47 39.60 38.60 0 4229600.00 4229600.00
14/03/2007 38.47 37.55 38.97 38.89 0 2432400.00 2432400.00
15/03/2007 39.00 38.50 39.20 39.09 0 1894400.00 1894400.00
16/03/2007 39.00 38.05 39.19 38.50 0 1557200.00 1557200.00
19/03/2007 38.97 38.78 39.91 39.65 0 2142600.00 2142600.00
20/03/2007 39.71 39.58 40.10 40.10 0 3159800.00 3159800.00
21/03/2007 40.15 40.11 41.75 41.49 0 4389400.00 4389400.00
22/03/2007 41.55 41.14 41.70 41.65 0 3886600.00 3886600.00
23/03/2007 41.65 41.45 41.95 41.90 0 2875200.00 2875200.00
26/03/2007 42.00 41.10 42.40 42.00 0 2451400.00 2451400.00
27/03/2007 42.00 41.56 42.00 41.90 0 2059200.00 2059200.00
28/03/2007 41.56 40.50 41.88 41.00 0 2849700.00 2849700.00
29/03/2007 41.51 40.95 41.90 41.77 0 4822200.00 4822200.00
30/03/2007 41.90 41.46 42.00 42.00 0 5489500.00 5489500.00
02/04/2007 42.00 40.53 42.00 40.89 0 3082400.00 3082400.00
03/04/2007 41.50 41.01 41.97 41.40 0 4323300.00 4323300.00
04/04/2007 41.34 41.10 41.74 41.51 0 3291400.00 3291400.00
05/04/2007 41.20 41.11 41.70 41.70 0 2199200.00 2199200.00
06/04/2007 41.70 41.70 41.70 41.70 0 0.00 0.00
09/04/2007 42.00 41.86 42.25 42.10 0 2473300.00 2473300.00
10/04/2007 41.94 41.84 42.45 42.06 0 1519700.00 1519700.00
11/04/2007 42.10 40.65 42.30 41.00 0 3232900.00 3232900.00
12/04/2007 41.09 40.33 41.20 41.00 0 1650300.00 1650300.00
13/04/2007 41.20 40.66 41.37 41.05 0 1621400.00 1621400.00
16/04/2007 41.25 41.25 43.00 42.83 0 4627300.00 4627300.00
17/04/2007 43.00 42.71 43.62 43.05 0 4037600.00 4037600.00
18/04/2007 42.75 42.51 43.77 43.01 0 4493100.00 4493100.00
19/04/2007 42.75 42.20 44.00 43.75 0 3144800.00 3144800.00
20/04/2007 44.05 43.88 44.41 44.25 0 2680000.00 2680000.00
23/04/2007 44.21 43.60 44.21 43.95 0 821100.00 821100.00
24/04/2007 43.31 42.74 44.02 43.29 0 1677000.00 1677000.00
25/04/2007 43.80 43.55 44.25 44.25 0 2351500.00 2351500.00
26/04/2007 44.20 43.70 44.47 43.70 0 3386600.00 3386600.00
27/04/2007 43.12 42.78 43.87 43.87 0 1532200.00 1532200.00
30/04/2007 43.83 43.26 43.90 43.48 0 944200.00 944200.00
01/05/2007 43.48 43.48 43.48 43.48 0 0.00 0.00
02/05/2007 43.99 43.53 44.48 44.20 0 1357400.00 1357400.00
03/05/2007 44.44 43.90 45.07 45.04 0 1996600.00 1996600.00
04/05/2007 45.31 45.00 45.69 45.49 0 2992000.00 2992000.00
07/05/2007 46.00 45.70 46.55 46.00 0 3336300.00 3336300.00
08/05/2007 45.75 45.20 46.55 46.55 0 3452100.00 3452100.00
09/05/2007 48.75 46.28 49.00 48.88 0 4484700.00 4484700.00
10/05/2007 48.49 47.01 49.42 47.50 0 3130100.00 3130100.00
11/05/2007 47.50 47.11 48.15 47.76 0 1397900.00 1397900.00
14/05/2007 47.77 46.21 48.00 46.69 0 2256100.00 2256100.00
15/05/2007 46.65 46.15 47.58 46.35 0 3306000.00 3306000.00
16/05/2007 46.82 46.50 48.20 48.20 0 2651400.00 2651400.00
17/05/2007 47.90 47.16 49.00 48.80 0 1885100.00 1885100.00
18/05/2007 48.80 48.75 49.70 49.54 0 1910000.00 1910000.00
21/05/2007 49.75 49.64 50.47 50.00 0 2214700.00 2214700.00
22/05/2007 50.00 48.52 50.35 49.11 0 2661000.00 2661000.00
23/05/2007 49.30 49.12 49.97 49.42 0 6532500.00 6532500.00
24/05/2007 49.51 47.80 49.67 48.12 0 4503200.00 4503200.00
25/05/2007 48.60 47.95 49.01 48.85 0 2077800.00 2077800.00
28/05/2007 48.90 48.82 49.80 49.76 0 815500.00 815500.00
29/05/2007 49.84 48.69 50.04 49.11 0 2756600.00 2756600.00
30/05/2007 48.00 47.79 49.50 49.03 0 2629200.00 2629200.00
31/05/2007 49.32 48.28 49.68 48.90 0 2296200.00 2296200.00
01/06/2007 49.10 49.10 50.31 50.31 0 2186500.00 2186500.00
04/06/2007 49.65 48.93 50.31 49.84 0 2519100.00 2519100.00
05/06/2007 49.77 48.90 49.77 49.51 0 2790600.00 2790600.00
06/06/2007 49.01 47.87 49.10 48.04 0 2108400.00 2108400.00
07/06/2007 48.04 48.04 48.04 48.04 0 0.00 0.00
08/06/2007 47.40 46.61 47.55 47.00 0 3323500.00 3323500.00
11/06/2007 47.30 47.09 48.20 47.65 0 2820600.00 2820600.00
12/06/2007 47.50 46.43 47.50 46.79 0 2096700.00 2096700.00
13/06/2007 46.90 46.65 47.57 47.08 0 7500800.00 7500800.00
14/06/2007 47.35 47.35 47.99 47.76 0 1936700.00 1936700.00
15/06/2007 48.50 48.17 49.45 49.10 0 2790400.00 2790400.00
18/06/2007 49.40 48.28 49.63 49.29 0 2768200.00 2768200.00
19/06/2007 49.00 48.85 49.54 48.91 0 2512300.00 2512300.00
20/06/2007 49.25 47.65 49.30 47.80 0 3046900.00 3046900.00
21/06/2007 48.01 47.01 48.40 47.91 0 3876500.00 3876500.00
22/06/2007 47.76 47.40 48.00 47.70 0 2585100.00 2585100.00
25/06/2007 47.65 47.00 48.17 47.01 0 4362800.00 4362800.00
26/06/2007 47.40 46.40 47.90 46.45 0 4067700.00 4067700.00
27/06/2007 46.24 45.76 46.65 46.65 0 3011400.00 3011400.00
28/06/2007 46.78 46.30 46.95 46.48 0 2137900.00 2137900.00
29/06/2007 46.75 46.04 46.98 46.74 0 2401600.00 2401600.00
02/07/2007 46.79 46.55 47.21 47.21 0 2175700.00 2175700.00
03/07/2007 47.49 47.17 47.60 47.57 0 1530600.00 1530600.00
04/07/2007 47.59 47.22 47.86 47.40 0 867300.00 867300.00
05/07/2007 47.40 46.80 47.50 47.20 0 1783800.00 1783800.00
06/07/2007 46.82 46.60 46.82 46.82 0 2666400.00 2666400.00
09/07/2007 46.82 46.82 46.82 46.82 0 0.00 0.00
10/07/2007 46.84 46.70 47.10 47.09 0 2784500.00 2784500.00
11/07/2007 47.00 46.78 47.79 47.55 0 2125900.00 2125900.00
12/07/2007 47.80 47.80 49.75 49.30 0 5155400.00 5155400.00
13/07/2007 50.26 48.50 50.80 50.41 0 4562800.00 4562800.00
16/07/2007 50.17 50.00 51.95 51.80 0 3396000.00 3396000.00
17/07/2007 51.64 51.50 52.10 51.85 0 2765600.00 2765600.00
18/07/2007 51.40 50.10 51.90 51.85 0 1803600.00 1803600.00
19/07/2007 52.01 52.01 53.20 52.85 0 2491100.00 2491100.00
20/07/2007 52.85 52.25 53.17 52.68 0 1749500.00 1749500.00
23/07/2007 52.45 52.30 53.58 53.58 0 1847300.00 1847300.00
24/07/2007 52.90 50.60 53.30 51.49 0 3069100.00 3069100.00
25/07/2007 52.00 49.54 52.40 51.00 0 3112800.00 3112800.00
26/07/2007 49.89 48.00 49.99 49.35 0 4108200.00 4108200.00
27/07/2007 49.00 48.22 49.70 48.22 0 2457700.00 2457700.00
30/07/2007 49.29 48.27 49.71 49.11 0 2233600.00 2233600.00
31/07/2007 49.94 48.81 51.51 49.00 0 2954600.00 2954600.00
01/08/2007 48.69 47.75 49.01 49.01 0 2640600.00 2640600.00
02/08/2007 49.80 48.85 50.05 49.30 0 1581600.00 1581600.00
03/08/2007 49.49 48.21 50.00 48.49 0 2200000.00 2200000.00
06/08/2007 49.00 45.50 49.01 48.69 0 4055400.00 4055400.00
07/08/2007 49.00 48.30 50.15 49.60 0 2904600.00 2904600.00
08/08/2007 50.12 49.99 51.59 50.96 0 2607800.00 2607800.00
09/08/2007 49.04 49.04 50.75 49.42 0 3421600.00 3421600.00
10/08/2007 48.10 47.80 49.50 49.28 0 4050900.00 4050900.00
13/08/2007 49.35 48.26 50.14 49.35 0 1793600.00 1793600.00
14/08/2007 49.00 47.66 49.29 47.80 0 2438200.00 2438200.00
15/08/2007 47.00 45.26 47.85 46.03 0 5668800.00 5668800.00
16/08/2007 44.70 41.30 45.50 45.50 0 6722000.00 6722000.00
17/08/2007 46.50 42.96 46.90 46.00 0 7020200.00 7020200.00
20/08/2007 46.91 46.18 47.50 46.75 0 3934600.00 3934600.00
21/08/2007 46.98 45.95 47.18 46.70 0 2518500.00 2518500.00
22/08/2007 47.20 47.00 48.00 47.85 0 3171300.00 3171300.00
23/08/2007 47.90 46.53 48.10 47.15 0 3467800.00 3467800.00
24/08/2007 47.15 46.40 47.99 47.97 0 3075900.00 3075900.00
27/08/2007 47.50 47.22 48.10 48.00 0 1226400.00 1226400.00
28/08/2007 47.30 46.11 47.73 46.70 0 1758800.00 1758800.00
29/08/2007 46.98 46.15 47.20 47.10 0 2224300.00 2224300.00
30/08/2007 46.99 46.32 47.58 46.56 0 2503700.00 2503700.00
31/08/2007 47.54 47.00 49.00 48.95 0 3315200.00 3315200.00
03/09/2007 49.00 49.00 49.70 49.62 0 1476300.00 1476300.00
04/09/2007 49.35 48.50 49.68 49.22 0 2801500.00 2801500.00
05/09/2007 48.87 47.44 48.87 48.02 0 2259000.00 2259000.00
06/09/2007 48.52 47.50 48.54 47.70 0 1577600.00 1577600.00
07/09/2007 47.70 47.70 47.70 47.70 0 0.00 0.00
10/09/2007 46.71 45.55 46.90 45.61 0 3187600.00 3187600.00
11/09/2007 46.20 45.22 46.60 45.65 0 3143900.00 3143900.00
12/09/2007 45.80 45.60 46.30 45.60 0 2521500.00 2521500.00
13/09/2007 45.85 45.80 47.55 47.30 0 2673400.00 2673400.00
14/09/2007 46.84 46.70 47.92 47.20 0 2432300.00 2432300.00
17/09/2007 46.77 46.32 47.65 46.90 0 2240400.00 2240400.00
18/09/2007 47.24 46.90 49.63 49.35 0 3497100.00 3497100.00
19/09/2007 50.00 49.83 51.05 50.05 0 3947000.00 3947000.00
20/09/2007 50.00 49.26 50.38 50.00 0 1644400.00 1644400.00
21/09/2007 50.78 49.71 50.80 50.00 0 1873100.00 1873100.00
24/09/2007 50.30 50.01 50.83 50.83 0 2247600.00 2247600.00
25/09/2007 50.35 49.20 51.03 51.00 0 2230400.00 2230400.00
26/09/2007 51.25 51.15 53.10 52.65 0 2603700.00 2603700.00
27/09/2007 53.00 52.85 54.20 54.20 0 4571300.00 4571300.00
28/09/2007 53.65 53.10 54.44 53.60 0 3073600.00 3073600.00
01/10/2007 53.46 53.46 55.25 54.68 0 2588100.00 2588100.00
02/10/2007 54.00 53.90 56.36 56.00 0 2623700.00 2623700.00
03/10/2007 55.51 53.53 56.09 54.00 0 3053700.00 3053700.00
04/10/2007 54.00 53.00 54.83 54.68 0 1894100.00 1894100.00
05/10/2007 55.75 55.36 57.80 57.27 0 2757600.00 2757600.00
08/10/2007 56.79 56.63 57.73 57.65 0 1858900.00 1858900.00
09/10/2007 58.50 57.60 58.50 58.20 0 3253200.00 3253200.00
10/10/2007 58.49 56.80 58.49 57.70 0 2461300.00 2461300.00
11/10/2007 56.60 54.61 58.62 56.60 0 3061400.00 3061400.00
12/10/2007 56.60 56.60 56.60 56.60 0 0.00 0.00
15/10/2007 57.58 55.10 57.80 55.90 0 2066700.00 2066700.00
16/10/2007 54.85 53.70 54.89 54.17 0 3135600.00 3135600.00
17/10/2007 54.70 53.50 55.45 55.29 0 3941200.00 3941200.00
18/10/2007 54.26 53.94 55.55 55.48 0 7718100.00 7718100.00
19/10/2007 55.35 53.50 55.50 53.60 0 1732100.00 1732100.00
22/10/2007 52.99 52.06 54.74 54.50 0 2672100.00 2672100.00
23/10/2007 55.01 55.01 57.18 56.80 0 1937200.00 1937200.00
24/10/2007 56.60 54.93 57.25 56.89 0 2436400.00 2436400.00
25/10/2007 57.00 54.90 57.00 55.60 0 3161700.00 3161700.00
26/10/2007 56.48 55.41 58.07 58.00 0 2718600.00 2718600.00
29/10/2007 58.07 57.64 58.89 58.39 0 2876400.00 2876400.00
30/10/2007 57.81 57.00 58.95 57.25 0 2679900.00 2679900.00
31/10/2007 58.54 58.13 59.65 59.20 0 2876600.00 2876600.00
01/11/2007 58.40 57.22 58.50 57.56 0 3314400.00 3314400.00
02/11/2007 57.56 57.56 57.56 57.56 0 0.00 0.00
05/11/2007 56.89 55.35 56.89 55.81 0 4235400.00 4235400.00
06/11/2007 57.25 56.12 57.25 56.73 0 2884100.00 2884100.00
07/11/2007 56.34 55.20 56.55 55.35 0 2656000.00 2656000.00
08/11/2007 55.50 52.60 56.00 53.30 0 3703800.00 3703800.00
09/11/2007 54.09 51.62 54.09 53.00 0 6780300.00 6780300.00
12/11/2007 52.45 52.00 53.20 52.04 0 3614500.00 3614500.00
13/11/2007 52.20 51.80 54.00 54.00 0 3139500.00 3139500.00
14/11/2007 54.30 54.25 56.07 55.40 0 3081900.00 3081900.00
15/11/2007 55.40 55.40 55.40 55.40 0 0.00 0.00
16/11/2007 55.00 54.40 56.10 56.00 0 3098300.00 3098300.00
19/11/2007 56.00 53.18 56.00 53.19 0 2626000.00 2626000.00
20/11/2007 53.19 53.19 53.19 53.19 0 0.00 0.00
21/11/2007 52.60 50.01 52.99 51.45 0 3494700.00 3494700.00
22/11/2007 52.00 51.10 52.00 51.30 0 823200.00 823200.00
23/11/2007 51.82 51.56 52.30 52.03 0 1088000.00 1088000.00
26/11/2007 52.30 50.97 52.94 51.21 0 2096700.00 2096700.00
27/11/2007 50.47 50.20 52.62 52.38 0 2761600.00 2761600.00
28/11/2007 53.00 53.00 56.00 55.89 0 3210600.00 3210600.00
29/11/2007 55.79 54.75 56.73 55.94 0 3833300.00 3833300.00
30/11/2007 56.81 56.60 57.80 56.90 0 6411800.00 6411800.00
03/12/2007 57.05 56.60 58.30 57.70 0 3710700.00 3710700.00
04/12/2007 56.95 55.80 58.55 58.20 0 2486500.00 2486500.00
05/12/2007 58.50 57.90 59.14 59.00 0 3451900.00 3451900.00
06/12/2007 59.00 58.56 60.71 60.71 0 4754200.00 4754200.00
07/12/2007 60.49 60.00 61.49 61.00 0 2973200.00 2973200.00
10/12/2007 61.00 60.36 61.35 60.90 0 4473900.00 4473900.00
11/12/2007 61.20 60.11 62.45 60.50 0 3231800.00 3231800.00
12/12/2007 60.80 58.45 62.00 58.45 0 5019700.00 5019700.00
13/12/2007 56.31 55.82 57.40 56.50 0 5557700.00 5557700.00
14/12/2007 57.02 55.83 57.63 56.52 0 4616800.00 4616800.00
17/12/2007 56.10 54.08 56.90 54.40 0 3234700.00 3234700.00
18/12/2007 55.90 54.65 56.29 55.80 0 2692100.00 2692100.00
19/12/2007 56.40 55.50 57.72 56.80 0 2194900.00 2194900.00
20/12/2007 57.20 56.22 57.96 56.50 0 2056900.00 2056900.00
21/12/2007 57.01 56.36 57.60 56.36 0 2079000.00 2079000.00
24/12/2007 56.36 56.36 56.36 56.36 0 0.00 0.00
25/12/2007 56.36 56.36 56.36 56.36 0 0.00 0.00
26/12/2007 56.99 56.80 58.10 57.40 0 1843700.00 1843700.00
27/12/2007 58.10 56.21 58.10 56.55 0 1925800.00 1925800.00
28/12/2007 56.50 56.00 57.30 56.95 0 2388100.00 2388100.00
31/12/2007 56.95 56.95 56.95 56.95 0 0.00 0.00
01/01/2008 56.95 56.95 56.95 56.95 0 0.00 0.00
02/01/2008 56.62 52.90 56.86 53.00 0 2441900.00 2441900.00
03/01/2008 53.20 51.70 53.69 51.91 0 2776800.00 2776800.00
04/01/2008 51.20 50.85 52.85 51.30 0 2366900.00 2366900.00
07/01/2008 51.55 51.52 52.91 52.25 0 2415700.00 2415700.00
08/01/2008 53.20 52.76 54.19 53.05 0 3351600.00 3351600.00
09/01/2008 52.90 51.36 52.97 52.59 0 3038400.00 3038400.00
10/01/2008 52.80 52.50 54.00 53.30 0 3690400.00 3690400.00
11/01/2008 52.94 52.30 53.55 52.44 0 2269800.00 2269800.00
14/01/2008 52.50 52.22 53.50 52.97 0 1465900.00 1465900.00
15/01/2008 52.49 50.50 52.50 50.70 0 2844800.00 2844800.00
16/01/2008 49.70 48.41 50.20 49.80 0 3210700.00 3210700.00
17/01/2008 49.81 47.60 50.40 47.72 0 2212600.00 2212600.00
18/01/2008 48.40 46.90 50.00 47.89 0 3612800.00 3612800.00
21/01/2008 45.01 45.01 46.80 46.20 0 1943500.00 1943500.00
22/01/2008 46.02 45.00 48.49 46.20 0 6693500.00 6693500.00
23/01/2008 45.70 43.46 45.79 45.15 0 4813000.00 4813000.00
24/01/2008 47.50 46.21 49.01 48.61 0 4172900.00 4172900.00
25/01/2008 48.61 48.61 48.61 48.61 0 0.00 0.00
28/01/2008 47.95 47.80 49.25 49.10 0 4687700.00 4687700.00
29/01/2008 49.30 47.42 49.69 48.00 0 4655100.00 4655100.00
30/01/2008 47.60 46.39 47.99 47.99 0 3577900.00 3577900.00
31/01/2008 47.00 45.80 47.43 46.73 0 2691800.00 2691800.00
01/02/2008 47.03 44.74 47.39 46.57 0 5194400.00 5194400.00
04/02/2008 46.57 46.57 46.57 46.57 0 0.00 0.00
05/02/2008 46.57 46.57 46.57 46.57 0 0.00 0.00
06/02/2008 44.26 43.90 45.30 45.30 0 3766500.00 3766500.00
07/02/2008 44.51 43.60 45.20 44.54 0 5136600.00 5136600.00
08/02/2008 44.78 44.20 45.30 44.21 0 3192100.00 3192100.00
11/02/2008 44.68 44.65 46.14 46.00 0 3536400.00 3536400.00
12/02/2008 46.60 46.60 48.59 47.50 0 4225800.00 4225800.00
13/02/2008 47.60 47.60 49.17 48.80 0 5199900.00 5199900.00
14/02/2008 49.30 47.38 49.40 47.61 0 2350000.00 2350000.00
15/02/2008 47.25 46.57 48.00 47.90 0 1664400.00 1664400.00
18/02/2008 48.66 48.50 49.30 49.00 0 1390100.00 1390100.00
19/02/2008 49.25 48.02 49.39 48.20 0 2787800.00 2787800.00
20/02/2008 47.55 47.48 49.30 49.19 0 1451800.00 1451800.00
21/02/2008 49.78 48.81 50.00 49.01 0 2463900.00 2463900.00
22/02/2008 49.80 48.88 50.20 50.20 0 4779300.00 4779300.00
25/02/2008 50.44 49.90 51.40 51.24 0 3055700.00 3055700.00
26/02/2008 52.00 50.52 53.40 53.25 0 5707400.00 5707400.00
27/02/2008 52.78 52.20 54.60 53.94 0 4655100.00 4655100.00
28/02/2008 53.70 53.00 54.35 54.32 0 3572300.00 3572300.00
29/02/2008 53.70 52.51 53.90 52.80 0 3653500.00 3653500.00
03/03/2008 52.40 52.40 54.35 54.08 0 3798100.00 3798100.00
04/03/2008 53.95 52.46 54.47 52.96 0 4863400.00 4863400.00
05/03/2008 53.50 53.12 54.49 54.43 0 3767800.00 3767800.00
06/03/2008 53.90 52.00 54.26 52.00 0 3252800.00 3252800.00
07/03/2008 51.67 50.30 51.90 51.10 0 2852100.00 2852100.00
10/03/2008 51.00 49.55 51.25 50.18 0 2054400.00 2054400.00
11/03/2008 51.50 50.98 52.87 52.55 0 4016500.00 4016500.00
12/03/2008 52.70 51.41 53.22 51.90 0 2374500.00 2374500.00
13/03/2008 51.09 50.45 52.89 52.29 0 2791200.00 2791200.00
14/03/2008 52.90 50.41 53.00 51.69 0 3835400.00 3835400.00
17/03/2008 51.69 51.69 51.69 51.69 0 0.00 0.00
18/03/2008 50.80 50.45 51.54 51.45 0 3133000.00 3133000.00
19/03/2008 51.70 48.10 52.13 48.45 0 4213800.00 4213800.00
20/03/2008 48.32 47.85 49.19 48.65 0 2843600.00 2843600.00
21/03/2008 48.65 48.65 48.65 48.65 0 0.00 0.00
24/03/2008 48.85 48.73 49.99 48.90 0 2546300.00 2546300.00
25/03/2008 49.10 49.10 51.15 50.80 0 3113500.00 3113500.00
26/03/2008 51.25 49.30 51.51 49.90 0 2515100.00 2515100.00
27/03/2008 50.20 48.36 50.49 48.90 0 2350700.00 2350700.00
28/03/2008 48.97 47.25 49.15 48.04 0 2632200.00 2632200.00
31/03/2008 48.09 47.33 48.84 48.80 0 3609000.00 3609000.00
01/04/2008 49.20 49.15 50.02 49.80 0 5343000.00 5343000.00
02/04/2008 50.20 49.80 51.90 50.80 0 4458400.00 4458400.00
03/04/2008 50.60 50.12 51.23 50.99 0 2746500.00 2746500.00
04/04/2008 51.25 50.50 51.25 50.95 0 1752900.00 1752900.00
07/04/2008 34.29 34.29 35.04 34.64 0 4636900.00 4636900.00
08/04/2008 34.78 34.30 35.19 34.61 0 4075500.00 4075500.00
09/04/2008 34.50 33.52 34.90 33.90 0 2987200.00 2987200.00
10/04/2008 33.99 33.34 34.66 34.35 0 4108100.00 4108100.00
11/04/2008 33.99 33.45 34.20 33.70 0 2618400.00 2618400.00
14/04/2008 33.40 32.75 33.65 33.01 0 2984100.00 2984100.00
15/04/2008 33.50 33.03 33.61 33.20 0 1978300.00 1978300.00
16/04/2008 33.80 33.70 34.95 34.55 0 5816100.00 5816100.00
17/04/2008 34.54 34.20 35.99 35.75 0 5929500.00 5929500.00
18/04/2008 36.00 35.92 36.55 36.05 0 5159000.00 5159000.00
22/04/2008 36.30 35.70 36.40 35.97 0 7097600.00 7097600.00
23/04/2008 35.95 35.40 36.15 35.50 0 3379200.00 3379200.00
24/04/2008 36.20 35.45 36.40 36.13 0 3264100.00 3264100.00
25/04/2008 36.31 36.11 37.00 37.00 0 4531700.00 4531700.00
28/04/2008 37.40 36.62 37.50 36.62 0 4853300.00 4853300.00
29/04/2008 36.50 35.20 36.50 35.55 0 4819900.00 4819900.00
30/04/2008 35.81 35.49 38.65 38.20 0 9145100.00 9145100.00
02/05/2008 40.30 39.55 41.50 40.50 0 11310300.00 11310300.00
05/05/2008 40.55 39.90 40.84 40.30 0 5090900.00 5090900.00
06/05/2008 40.05 38.59 40.05 39.09 0 10568900.00 10568900.00
07/05/2008 38.84 37.90 39.47 38.50 0 6883600.00 6883600.00
08/05/2008 38.90 38.10 39.30 38.40 0 3844700.00 3844700.00
09/05/2008 37.90 37.65 38.46 38.20 0 4024900.00 4024900.00
12/05/2008 38.50 37.65 38.85 38.75 0 2500900.00 2500900.00
13/05/2008 39.02 37.78 39.10 38.20 0 5277100.00 5277100.00
14/05/2008 38.23 37.75 38.50 37.78 0 4192200.00 4192200.00
15/05/2008 38.09 37.60 38.24 38.14 0 5091700.00 5091700.00
16/05/2008 38.53 38.08 38.85 38.31 0 5446600.00 5446600.00
19/05/2008 38.30 38.00 39.11 38.90 0 6584200.00 6584200.00
20/05/2008 38.23 38.04 38.77 38.60 0 6219900.00 6219900.00
21/05/2008 38.60 37.50 38.60 37.71 0 4660500.00 4660500.00
23/05/2008 37.70 37.28 37.80 37.68 0 2516200.00 2516200.00
26/05/2008 37.71 37.01 37.97 37.20 0 2075200.00 2075200.00
27/05/2008 37.14 36.78 38.05 38.04 0 5250200.00 5250200.00
28/05/2008 38.43 37.91 39.50 39.40 0 7334900.00 7334900.00
29/05/2008 39.00 38.50 40.20 38.61 0 7174600.00 7174600.00
30/05/2008 38.66 38.60 39.43 39.30 0 5662200.00 5662200.00
02/06/2008 38.60 37.90 39.00 38.30 0 5815600.00 5815600.00
03/06/2008 38.20 37.31 38.55 37.50 0 3445200.00 3445200.00
04/06/2008 37.30 36.70 37.56 37.10 0 4168500.00 4168500.00
05/06/2008 37.60 37.19 38.20 38.18 0 3058900.00 3058900.00
06/06/2008 38.20 36.85 38.29 37.29 0 3545200.00 3545200.00
10/06/2008 36.17 35.22 36.23 35.82 0 3456600.00 3456600.00
11/06/2008 35.06 34.63 36.16 34.82 0 4453800.00 4453800.00
12/06/2008 35.20 34.87 36.80 36.00 0 6070900.00 6070900.00
13/06/2008 36.25 35.70 36.30 36.20 0 2510800.00 2510800.00
16/06/2008 36.30 35.51 36.30 36.04 0 3218600.00 3218600.00
17/06/2008 36.49 36.27 37.03 36.48 0 4487600.00 4487600.00
18/06/2008 35.84 35.41 36.50 35.67 0 4608700.00 4608700.00
19/06/2008 35.58 35.06 35.80 35.39 0 5169300.00 5169300.00
20/06/2008 35.05 34.00 35.30 34.35 0 4623800.00 4623800.00
23/06/2008 34.71 33.73 34.95 34.05 0 3095300.00 3095300.00
24/06/2008 33.70 33.35 34.17 33.61 0 3262700.00 3262700.00
25/06/2008 34.40 33.66 34.57 34.24 0 6455100.00 6455100.00
26/06/2008 33.40 32.78 33.55 32.91 0 4534500.00 4534500.00
27/06/2008 33.02 32.57 33.35 32.72 0 4078700.00 4078700.00
30/06/2008 32.80 32.20 33.00 32.99 0 3341400.00 3341400.00
01/07/2008 32.30 31.65 32.70 32.03 0 3836900.00 3836900.00
02/07/2008 32.70 31.88 32.78 32.10 0 5593700.00 5593700.00
03/07/2008 32.10 31.30 33.10 31.30 0 5536300.00 5536300.00
04/07/2008 31.29 31.15 32.01 31.31 0 2554600.00 2554600.00
07/07/2008 31.90 31.10 32.55 31.51 0 5826100.00 5826100.00
08/07/2008 31.50 30.80 32.51 32.51 0 5379700.00 5379700.00
10/07/2008 31.90 31.60 32.55 32.20 0 5239700.00 5239700.00
11/07/2008 31.90 31.40 32.34 31.90 0 4950200.00 4950200.00
14/07/2008 32.54 31.56 32.56 31.56 0 3685400.00 3685400.00
15/07/2008 31.01 30.18 31.69 31.14 0 5410600.00 5410600.00
16/07/2008 31.14 31.14 33.47 33.29 0 7264300.00 7264300.00
17/07/2008 33.96 33.22 34.30 33.50 0 7735700.00 7735700.00
18/07/2008 34.05 33.50 34.84 34.67 0 6839900.00 6839900.00
21/07/2008 34.85 34.28 34.85 34.31 0 4973800.00 4973800.00
22/07/2008 33.80 33.41 34.25 34.10 0 7069200.00 7069200.00
23/07/2008 34.35 33.77 34.60 34.01 0 7496500.00 7496500.00
24/07/2008 34.15 32.70 34.19 32.85 0 3469900.00 3469900.00
25/07/2008 32.30 32.10 33.05 32.35 0 4233800.00 4233800.00
28/07/2008 32.80 31.67 32.96 31.91 0 2928300.00 2928300.00
29/07/2008 32.20 31.80 32.75 32.69 0 5473400.00 5473400.00
30/07/2008 33.40 33.05 33.74 33.45 0 5814100.00 5814100.00
31/07/2008 33.46 32.90 33.72 33.15 0 6660500.00 6660500.00
01/08/2008 33.05 32.30 33.19 32.33 0 3348100.00 3348100.00
04/08/2008 32.30 30.41 32.30 30.47 0 5674100.00 5674100.00
05/08/2008 31.10 31.00 31.73 31.39 0 7845600.00 7845600.00
06/08/2008 33.63 31.20 32.31 32.15 0 6592400.00 6592400.00
07/08/2008 32.14 31.55 32.25 32.05 0 3828900.00 3828900.00
08/08/2008 31.51 31.32 32.20 31.70 0 3663000.00 3663000.00
11/08/2008 32.00 30.50 32.00 30.80 0 3777300.00 3777300.00
12/08/2008 30.99 30.00 31.20 30.40 0 3838700.00 3838700.00
13/08/2008 30.15 29.83 30.98 30.31 0 5856900.00 5856900.00
14/08/2008 30.49 30.22 30.79 30.75 0 2779200.00 2779200.00
15/08/2008 30.54 30.00 30.97 30.15 0 2654400.00 2654400.00
18/08/2008 30.20 29.20 30.54 29.32 0 3960500.00 3960500.00
19/08/2008 28.88 28.76 29.40 29.16 0 3845700.00 3845700.00
20/08/2008 29.55 29.48 29.99 29.95 0 3555300.00 3555300.00
21/08/2008 30.15 29.41 30.50 30.19 0 5517100.00 5517100.00
22/08/2008 30.50 30.05 30.81 30.37 0 3178900.00 3178900.00
25/08/2008 30.45 29.43 30.60 29.69 0 1488400.00 1488400.00
26/08/2008 29.30 28.86 29.86 29.08 0 4179400.00 4179400.00
27/08/2008 29.40 28.92 29.80 29.75 0 4079500.00 4079500.00
28/08/2008 30.50 30.09 30.58 30.47 0 3623000.00 3623000.00
29/08/2008 30.57 29.80 30.60 29.95 0 2695800.00 2695800.00
01/09/2008 29.90 29.28 30.00 29.50 0 1142300.00 1142300.00
02/09/2008 29.69 29.59 30.65 30.29 0 4801400.00 4801400.00
03/09/2008 30.85 30.12 30.89 30.50 0 6432700.00 6432700.00
04/09/2008 30.48 29.50 30.58 29.79 0 4942700.00 4942700.00
05/09/2008 29.15 29.05 30.25 30.25 0 5023300.00 5023300.00
08/09/2008 31.80 30.12 31.89 30.90 0 6526200.00 6526200.00
09/09/2008 30.60 29.40 30.83 29.75 0 5314900.00 5314900.00
10/09/2008 30.00 28.80 30.15 29.80 0 5995000.00 5995000.00
11/09/2008 29.06 28.62 29.75 29.75 0 5977700.00 5977700.00
12/09/2008 29.91 29.05 30.20 29.99 0 4912800.00 4912800.00
15/09/2008 28.22 27.50 29.10 27.89 0 7048700.00 7048700.00
16/09/2008 26.80 25.90 28.14 27.90 0 8649000.00 8649000.00
17/09/2008 27.59 25.77 28.00 26.48 0 9310000.00 9310000.00
18/09/2008 26.80 25.90 29.05 28.30 0 9369100.00 9369100.00
19/09/2008 30.16 29.60 31.00 30.40 0 8867800.00 8867800.00
22/09/2008 30.55 29.50 30.65 29.50 0 4301100.00 4301100.00
23/09/2008 29.12 28.68 30.08 29.20 0 5363000.00 5363000.00
24/09/2008 29.91 28.90 29.99 29.39 0 4311200.00 4311200.00
25/09/2008 29.65 29.40 30.43 30.30 0 5423100.00 5423100.00
26/09/2008 29.40 29.16 30.32 30.20 0 5293200.00 5293200.00
29/09/2008 29.01 26.67 29.55 28.50 0 6183600.00 6183600.00
30/09/2008 29.08 28.15 30.94 30.94 0 6558100.00 6558100.00
01/10/2008 30.50 29.50 31.20 30.90 0 4031300.00 4031300.00
02/10/2008 30.35 27.62 30.66 28.80 0 7903800.00 7903800.00
03/10/2008 29.20 26.90 29.50 27.35 0 5360400.00 5360400.00
06/10/2008 25.69 22.59 25.93 25.55 0 5637800.00 5637800.00
07/10/2008 24.85 24.38 26.83 25.40 0 7988600.00 7988600.00
08/10/2008 23.45 22.97 26.85 25.30 0 10529200.00 10529200.00
09/10/2008 26.30 23.49 26.34 23.49 0 7204300.00 7204300.00
10/10/2008 20.50 20.50 23.40 22.10 0 9532600.00 9532600.00
13/10/2008 26.51 23.60 27.30 26.99 0 9420400.00 9420400.00
14/10/2008 28.65 27.19 29.55 28.38 0 8231600.00 8231600.00
15/10/2008 26.70 23.63 27.65 26.10 0 8894400.00 8894400.00
16/10/2008 26.20 22.40 26.40 25.10 0 9337000.00 9337000.00
17/10/2008 24.18 23.67 25.50 23.90 0 9149100.00 9149100.00
20/10/2008 24.29 24.10 26.29 25.75 0 8393500.00 8393500.00
21/10/2008 24.87 24.65 25.87 25.40 0 5112500.00 5112500.00
22/10/2008 24.55 22.31 24.55 22.48 0 6099700.00 6099700.00
23/10/2008 22.46 20.50 22.85 21.60 0 8216500.00 8216500.00
24/10/2008 19.27 19.26 20.50 20.01 0 8816500.00 8816500.00
27/10/2008 19.80 19.14 20.71 19.14 0 6396100.00 6396100.00
28/10/2008 20.30 20.18 21.79 21.79 0 9758700.00 9758700.00
29/10/2008 22.40 21.50 24.40 23.05 0 10696200.00 10696200.00
30/10/2008 24.70 24.21 26.20 25.88 0 9786200.00 9786200.00
31/10/2008 25.00 24.20 25.90 25.09 0 9140000.00 9140000.00
03/11/2008 25.00 25.00 27.50 26.20 0 10784600.00 10784600.00
04/11/2008 27.30 26.60 28.65 27.01 0 9772500.00 9772500.00
05/11/2008 26.98 24.70 27.30 24.97 0 6986600.00 6986600.00
06/11/2008 24.18 23.15 24.50 23.66 0 5461200.00 5461200.00
07/11/2008 24.05 23.38 24.50 23.62 0 4562100.00 4562100.00
10/11/2008 24.90 23.60 24.98 23.89 0 5186100.00 5186100.00
11/11/2008 23.50 22.63 24.09 23.60 0 3840300.00 3840300.00
12/11/2008 23.00 21.56 23.49 21.75 0 6505500.00 6505500.00
13/11/2008 21.54 21.52 23.93 23.75 0 5805200.00 5805200.00
14/11/2008 24.01 22.80 24.50 23.95 0 4391600.00 4391600.00
17/11/2008 23.82 23.03 24.29 23.75 0 3216500.00 3216500.00
18/11/2008 23.02 21.94 23.70 22.00 0 4613100.00 4613100.00
19/11/2008 21.44 21.10 22.94 21.46 0 3945500.00 3945500.00
21/11/2008 20.50 18.95 20.68 19.39 0 6922600.00 6922600.00
24/11/2008 20.64 20.25 21.90 21.85 0 4630900.00 4630900.00
25/11/2008 21.45 21.21 22.59 22.33 0 6140100.00 6140100.00
26/11/2008 21.95 21.88 24.05 23.60 0 7024100.00 7024100.00
27/11/2008 23.50 23.45 24.20 24.00 0 2409800.00 2409800.00
28/11/2008 24.00 23.80 25.04 24.63 0 4348300.00 4348300.00
01/12/2008 23.70 22.67 23.85 23.47 0 4377800.00 4377800.00
02/12/2008 23.80 23.40 24.69 24.19 0 4881700.00 4881700.00
03/12/2008 24.51 23.50 24.70 24.39 0 4889000.00 4889000.00
04/12/2008 24.50 23.98 24.98 23.98 0 3949500.00 3949500.00
05/12/2008 23.65 22.84 24.57 24.30 0 6175100.00 6175100.00
08/12/2008 25.00 24.52 25.64 25.25 0 6594800.00 6594800.00
09/12/2008 25.54 24.86 25.80 25.30 0 4632800.00 4632800.00
10/12/2008 25.80 24.83 26.19 25.39 0 4691200.00 4691200.00
11/12/2008 25.30 24.40 25.74 24.40 0 4959300.00 4959300.00
12/12/2008 23.36 23.36 25.35 25.35 0 4984400.00 4984400.00
15/12/2008 25.03 24.35 25.60 24.35 0 4360500.00 4360500.00
16/12/2008 25.15 24.81 25.90 25.90 0 4186100.00 4186100.00
17/12/2008 25.99 25.21 26.09 26.09 0 5590900.00 5590900.00
18/12/2008 26.11 24.98 26.46 25.70 0 3698800.00 3698800.00
19/12/2008 25.74 24.55 26.20 24.55 0 4541600.00 4541600.00
22/12/2008 24.99 23.52 25.05 23.65 0 2899400.00 2899400.00
23/12/2008 23.90 22.70 24.30 22.72 0 2718500.00 2718500.00
26/12/2008 22.97 21.83 23.18 22.21 0 2085100.00 2085100.00
29/12/2008 22.55 22.00 22.80 22.25 0 3342500.00 3342500.00
30/12/2008 22.66 22.32 23.00 22.59 0 3667700.00 3667700.00
02/01/2009 23.00 22.79 24.89 24.89 0 2924200.00 2924200.00
05/01/2009 24.45 23.92 25.12 24.70 0 4433000.00 4433000.00
06/01/2009 24.90 24.58 25.55 25.50 0 4621800.00 4621800.00
07/01/2009 25.08 24.10 25.31 24.35 0 3220200.00 3220200.00
08/01/2009 24.40 23.90 24.70 24.39 0 4191900.00 4191900.00
09/01/2009 24.50 23.51 24.65 24.14 0 4569800.00 4569800.00
12/01/2009 23.85 23.07 24.20 23.26 0 4423900.00 4423900.00
13/01/2009 23.00 22.10 23.36 22.36 0 8248000.00 8248000.00
14/01/2009 22.29 20.55 22.38 21.01 0 13685400.00 13685400.00
15/01/2009 21.10 20.01 21.77 21.65 0 9413100.00 9413100.00
16/01/2009 22.40 20.86 22.44 21.20 0 6870800.00 6870800.00
19/01/2009 21.50 21.16 21.59 21.23 0 3329500.00 3329500.00
20/01/2009 21.25 20.11 21.54 20.11 0 6155500.00 6155500.00
21/01/2009 20.35 20.15 21.09 21.09 0 6428800.00 6428800.00
22/01/2009 21.53 20.44 21.53 20.90 0 5745000.00 5745000.00
23/01/2009 20.48 20.36 21.57 21.12 0 4826100.00 4826100.00
26/01/2009 21.39 21.01 21.74 21.15 0 4510500.00 4510500.00
27/01/2009 21.23 20.73 21.44 20.74 0 4882100.00 4882100.00
28/01/2009 21.52 21.35 21.72 21.70 0 8598700.00 8598700.00
29/01/2009 21.40 20.92 21.43 21.05 0 4863000.00 4863000.00
30/01/2009 20.83 20.71 21.27 20.80 0 5353600.00 5353600.00
02/02/2009 20.20 20.13 20.70 20.25 0 6142900.00 6142900.00
03/02/2009 20.20 20.10 20.38 20.30 0 5155900.00 5155900.00
04/02/2009 20.51 20.45 21.23 20.90 0 9689800.00 9689800.00
05/02/2009 20.81 20.65 21.98 21.60 0 6793900.00 6793900.00
06/02/2009 21.85 21.76 22.82 22.63 0 9487500.00 9487500.00
09/02/2009 22.38 22.25 22.88 22.67 0 4743600.00 4743600.00
10/02/2009 22.95 21.65 23.52 22.07 0 9423200.00 9423200.00
11/02/2009 22.20 22.11 22.92 22.44 0 6739600.00 6739600.00
12/02/2009 22.13 21.71 22.31 21.82 0 5871700.00 5871700.00
13/02/2009 22.44 21.93 22.55 22.55 0 4962800.00 4962800.00
16/02/2009 22.33 22.02 22.43 22.43 0 1687300.00 1687300.00
17/02/2009 22.01 21.11 22.06 21.53 0 8450600.00 8450600.00
18/02/2009 21.70 21.15 21.90 21.65 0 5032200.00 5032200.00
19/02/2009 22.00 21.19 22.00 21.40 0 5117200.00 5117200.00
20/02/2009 20.85 20.31 21.04 20.51 0 7440200.00 7440200.00
25/02/2009 20.21 20.20 21.50 21.00 0 4392300.00 4392300.00
26/02/2009 21.50 21.13 21.77 21.15 0 5288400.00 5288400.00
27/02/2009 20.80 20.65 21.35 20.70 0 4357200.00 4357200.00
02/03/2009 20.39 19.80 20.69 19.92 0 7639700.00 7639700.00
03/03/2009 19.73 19.32 20.30 19.81 0 7037600.00 7037600.00
04/03/2009 20.38 20.15 20.93 20.84 0 9604300.00 9604300.00
05/03/2009 20.29 20.05 20.70 20.40 0 5034900.00 5034900.00
06/03/2009 20.56 20.36 21.20 20.87 0 6114700.00 6114700.00
09/03/2009 20.47 20.06 20.95 20.27 0 5274100.00 5274100.00
10/03/2009 20.60 20.50 21.49 21.49 0 6521600.00 6521600.00
11/03/2009 21.50 21.01 21.80 21.30 0 6840800.00 6840800.00
12/03/2009 21.15 21.14 21.98 21.86 0 7018100.00 7018100.00
13/03/2009 22.08 21.40 22.19 21.70 0 6830200.00 6830200.00
16/03/2009 21.97 21.62 22.40 21.82 0 6226200.00 6226200.00
17/03/2009 21.71 21.43 22.20 22.20 0 5059700.00 5059700.00
