30/03/2005 23.10 21.40 23.10 21.62 0 5676900.00 5676900.00
31/03/2005 21.79 19.60 21.79 21.62 0 4173900.00 4173900.00
01/04/2005 21.62 20.90 22.00 21.00 0 711000.00 711000.00
04/04/2005 20.50 19.06 20.60 19.76 0 298900.00 298900.00
05/04/2005 20.00 19.25 20.00 19.47 0 370700.00 370700.00
06/04/2005 19.10 16.50 19.72 16.98 0 1058200.00 1058200.00
07/04/2005 17.19 17.10 18.00 17.89 0 955800.00 955800.00
08/04/2005 18.20 18.18 19.10 18.80 0 408400.00 408400.00
11/04/2005 19.00 18.61 19.44 19.44 0 78500.00 78500.00
12/04/2005 19.49 18.49 19.89 18.90 0 147500.00 147500.00
13/04/2005 19.40 19.03 19.50 19.10 0 486200.00 486200.00
14/04/2005 19.10 19.10 21.00 19.45 0 273800.00 273800.00
15/04/2005 19.83 19.10 19.83 19.35 0 13100.00 13100.00
18/04/2005 19.40 19.10 19.45 19.10 0 15000.00 15000.00
19/04/2005 19.10 19.10 20.43 19.85 0 117700.00 117700.00
20/04/2005 19.60 19.45 20.40 19.45 0 206600.00 206600.00
21/04/2005 19.45 19.45 19.45 19.45 0 0.00 0.00
22/04/2005 19.79 19.22 19.80 19.78 0 38500.00 38500.00
25/04/2005 19.50 19.20 19.70 19.49 0 58100.00 58100.00
26/04/2005 19.59 18.99 19.59 19.50 0 191100.00 191100.00
27/04/2005 19.00 18.65 19.00 18.66 0 80000.00 80000.00
28/04/2005 18.90 17.40 18.90 17.69 0 104300.00 104300.00
29/04/2005 17.99 17.20 17.99 17.30 0 155600.00 155600.00
02/05/2005 17.90 16.60 17.90 16.90 0 182700.00 182700.00
03/05/2005 16.90 15.85 17.00 16.91 0 536700.00 536700.00
04/05/2005 16.50 16.45 16.80 16.70 0 59900.00 59900.00
05/05/2005 16.11 16.11 16.90 16.80 0 424800.00 424800.00
06/05/2005 16.70 16.30 16.89 16.80 0 32000.00 32000.00
09/05/2005 16.80 16.30 16.80 16.75 0 80100.00 80100.00
10/05/2005 16.80 16.11 17.00 16.30 0 130800.00 130800.00
11/05/2005 16.30 15.50 16.30 16.10 0 318800.00 318800.00
12/05/2005 16.20 15.65 16.20 15.65 0 172500.00 172500.00
13/05/2005 15.50 14.70 15.75 15.00 0 314800.00 314800.00
16/05/2005 15.10 14.50 15.30 14.80 0 163900.00 163900.00
17/05/2005 14.80 14.65 14.90 14.80 0 360300.00 360300.00
18/05/2005 14.95 14.80 15.00 15.00 0 426600.00 426600.00
19/05/2005 14.90 14.85 15.01 14.90 0 30900.00 30900.00
20/05/2005 15.25 15.00 17.20 16.50 0 37000.00 37000.00
23/05/2005 16.50 16.00 17.79 17.10 0 136200.00 136200.00
24/05/2005 17.38 16.80 17.40 17.15 0 151300.00 151300.00
25/05/2005 17.50 17.00 17.50 17.00 0 20200.00 20200.00
26/05/2005 17.00 17.00 17.00 17.00 0 0.00 0.00
27/05/2005 17.34 17.00 17.40 17.11 0 136300.00 136300.00
30/05/2005 17.10 17.00 18.00 17.70 0 59500.00 59500.00
31/05/2005 17.98 17.20 18.00 17.90 0 72500.00 72500.00
01/06/2005 17.96 17.17 18.07 17.60 0 135900.00 135900.00
02/06/2005 17.89 17.89 19.30 18.75 0 250200.00 250200.00
03/06/2005 18.90 18.10 19.50 18.10 0 93100.00 93100.00
06/06/2005 17.75 17.00 17.90 17.00 0 52500.00 52500.00
07/06/2005 17.01 16.99 17.15 17.00 0 145300.00 145300.00
08/06/2005 16.50 16.50 18.20 17.80 0 147900.00 147900.00
09/06/2005 18.00 17.10 18.00 17.35 0 62300.00 62300.00
10/06/2005 18.00 17.50 18.40 18.40 0 109100.00 109100.00
13/06/2005 18.50 18.20 19.00 18.20 0 89400.00 89400.00
14/06/2005 18.39 18.00 18.78 18.58 0 75000.00 75000.00
15/06/2005 18.36 17.51 18.36 17.89 0 53300.00 53300.00
16/06/2005 18.50 18.06 19.00 18.30 0 70000.00 70000.00
17/06/2005 18.28 18.25 19.00 18.70 0 158700.00 158700.00
20/06/2005 18.66 17.50 18.66 18.03 0 69400.00 69400.00
21/06/2005 18.18 17.80 18.18 18.00 0 63900.00 63900.00
22/06/2005 18.10 17.95 18.10 17.95 0 10700.00 10700.00
23/06/2005 17.95 17.60 18.00 17.85 0 40400.00 40400.00
24/06/2005 17.15 17.15 18.85 18.00 0 157700.00 157700.00
27/06/2005 18.05 18.00 18.20 18.00 0 82300.00 82300.00
28/06/2005 18.50 18.00 18.50 18.00 0 3200.00 3200.00
29/06/2005 18.00 17.50 18.19 17.63 0 96900.00 96900.00
30/06/2005 18.10 17.60 18.50 17.60 0 83000.00 83000.00
01/07/2005 17.90 17.75 18.15 18.00 0 79900.00 79900.00
04/07/2005 17.60 17.60 18.10 18.00 0 15700.00 15700.00
05/07/2005 18.00 18.00 18.48 18.05 0 68200.00 68200.00
06/07/2005 17.60 17.60 18.50 18.50 0 78500.00 78500.00
07/07/2005 18.00 18.00 18.50 18.40 0 26000.00 26000.00
08/07/2005 18.31 18.30 19.00 19.00 0 49200.00 49200.00
11/07/2005 19.00 18.99 19.75 19.50 0 196300.00 196300.00
12/07/2005 19.80 19.50 19.90 19.75 0 157600.00 157600.00
13/07/2005 19.99 19.71 20.48 19.85 0 139400.00 139400.00
14/07/2005 20.20 19.76 20.20 19.80 0 57900.00 57900.00
15/07/2005 19.80 19.70 20.99 20.99 0 246600.00 246600.00
18/07/2005 20.79 20.00 21.50 21.50 0 266600.00 266600.00
19/07/2005 21.50 21.00 22.09 21.97 0 212200.00 212200.00
20/07/2005 21.89 21.52 22.70 22.10 0 346800.00 346800.00
21/07/2005 22.10 22.00 23.00 22.00 0 345000.00 345000.00
22/07/2005 22.00 20.99 22.00 21.10 0 135700.00 135700.00
25/07/2005 20.25 20.25 21.00 20.80 0 26800.00 26800.00
26/07/2005 20.80 20.80 21.39 21.25 0 108300.00 108300.00
27/07/2005 21.30 21.30 22.48 21.75 0 423900.00 423900.00
28/07/2005 22.00 22.00 22.50 22.09 0 54600.00 54600.00
29/07/2005 22.10 21.75 22.40 22.00 0 129300.00 129300.00
01/08/2005 22.00 21.70 22.20 22.00 0 91400.00 91400.00
02/08/2005 22.01 22.01 22.75 22.55 0 128100.00 128100.00
03/08/2005 22.70 22.60 23.19 22.95 0 119000.00 119000.00
04/08/2005 22.76 22.76 24.15 23.90 0 629600.00 629600.00
05/08/2005 23.99 23.10 23.99 23.40 0 117200.00 117200.00
08/08/2005 22.90 22.90 23.80 23.45 0 186400.00 186400.00
09/08/2005 23.99 23.00 23.99 23.28 0 553600.00 553600.00
10/08/2005 23.49 23.01 23.50 23.21 0 291200.00 291200.00
11/08/2005 23.20 22.50 23.80 23.00 0 269300.00 269300.00
12/08/2005 22.01 22.00 23.80 23.00 0 202500.00 202500.00
15/08/2005 23.05 23.00 23.50 23.50 0 408800.00 408800.00
16/08/2005 23.84 23.51 23.84 23.51 0 6400.00 6400.00
17/08/2005 23.59 23.59 24.08 24.00 0 95700.00 95700.00
18/08/2005 24.00 24.00 24.94 24.50 0 144700.00 144700.00
19/08/2005 24.49 23.99 24.60 24.00 0 193000.00 193000.00
22/08/2005 24.03 24.01 26.00 25.49 0 82800.00 82800.00
23/08/2005 25.49 25.00 25.85 25.20 0 49600.00 49600.00
24/08/2005 24.95 24.95 25.90 25.35 0 34800.00 34800.00
25/08/2005 25.30 25.30 25.80 25.73 0 33700.00 33700.00
26/08/2005 25.70 25.15 25.70 25.20 0 89000.00 89000.00
29/08/2005 25.50 25.50 25.85 25.85 0 6900.00 6900.00
30/08/2005 25.40 25.40 25.69 25.50 0 48600.00 48600.00
31/08/2005 25.60 25.00 25.70 25.70 0 20900.00 20900.00
01/09/2005 25.60 25.40 25.80 25.61 0 13800.00 13800.00
02/09/2005 25.80 25.00 25.80 25.60 0 150700.00 150700.00
05/09/2005 25.90 25.20 26.20 25.30 0 15600.00 15600.00
06/09/2005 25.50 25.50 26.89 26.61 0 28700.00 28700.00
07/09/2005 26.61 26.61 26.61 26.61 0 0.00 0.00
08/09/2005 26.30 26.30 27.20 27.00 0 461800.00 461800.00
09/09/2005 27.00 27.00 28.40 27.50 0 216600.00 216600.00
12/09/2005 28.00 26.90 28.00 26.90 0 41900.00 41900.00
13/09/2005 27.00 26.00 27.00 26.00 0 17500.00 17500.00
14/09/2005 26.01 25.75 26.60 25.75 0 121800.00 121800.00
15/09/2005 26.00 25.70 26.50 25.75 0 91100.00 91100.00
16/09/2005 25.97 25.95 27.69 27.61 0 34700.00 34700.00
19/09/2005 27.60 26.75 27.60 26.79 0 59600.00 59600.00
20/09/2005 27.30 26.60 27.34 27.00 0 196700.00 196700.00
21/09/2005 27.29 27.20 29.00 28.39 0 112600.00 112600.00
22/09/2005 28.00 27.20 28.00 27.99 0 142200.00 142200.00
23/09/2005 27.98 27.50 28.00 28.00 0 47100.00 47100.00
26/09/2005 28.00 27.00 29.00 29.00 0 56300.00 56300.00
27/09/2005 29.00 28.70 29.00 28.75 0 137800.00 137800.00
28/09/2005 28.80 28.05 29.00 28.05 0 325500.00 325500.00
29/09/2005 27.80 27.50 28.50 28.00 0 224600.00 224600.00
30/09/2005 28.50 28.21 29.00 29.00 0 617300.00 617300.00
03/10/2005 29.10 29.10 31.51 30.00 0 247100.00 247100.00
04/10/2005 30.55 30.31 32.50 31.70 0 482000.00 482000.00
05/10/2005 31.60 30.00 32.00 30.40 0 550000.00 550000.00
06/10/2005 29.80 29.80 31.90 30.40 0 651800.00 651800.00
07/10/2005 31.00 30.80 33.00 32.49 0 226100.00 226100.00
10/10/2005 32.98 30.50 32.98 31.00 0 191900.00 191900.00
11/10/2005 31.10 29.70 31.50 30.70 0 170400.00 170400.00
12/10/2005 30.70 30.70 30.70 30.70 0 0.00 0.00
13/10/2005 29.90 29.90 30.60 30.30 0 21900.00 21900.00
14/10/2005 29.91 29.91 30.98 30.00 0 56900.00 56900.00
17/10/2005 30.10 28.15 30.57 30.39 0 61200.00 61200.00
18/10/2005 30.50 29.11 31.30 29.80 0 86500.00 86500.00
19/10/2005 29.60 29.30 29.80 29.80 0 129300.00 129300.00
20/10/2005 30.00 29.80 30.60 30.60 0 288200.00 288200.00
21/10/2005 30.58 30.50 31.06 31.00 0 110500.00 110500.00
24/10/2005 31.00 30.55 31.00 30.75 0 322400.00 322400.00
25/10/2005 30.60 30.50 31.55 30.72 0 102800.00 102800.00
26/10/2005 30.51 29.92 30.84 30.00 0 201900.00 201900.00
27/10/2005 30.01 29.95 30.01 30.00 0 94900.00 94900.00
28/10/2005 30.80 30.00 30.80 30.74 0 6900.00 6900.00
31/10/2005 31.00 30.50 31.20 30.80 0 37500.00 37500.00
01/11/2005 30.80 30.80 32.91 32.90 0 172400.00 172400.00
02/11/2005 32.90 32.90 32.90 32.90 0 0.00 0.00
03/11/2005 32.80 32.80 33.70 33.40 0 144000.00 144000.00
04/11/2005 33.50 33.50 34.80 33.80 0 46700.00 46700.00
07/11/2005 33.90 33.80 34.50 34.00 0 129800.00 129800.00
08/11/2005 34.00 33.40 34.29 33.50 0 1073100.00 1073100.00
09/11/2005 34.20 32.50 34.39 33.80 0 33900.00 33900.00
10/11/2005 33.80 32.90 33.80 33.25 0 30200.00 30200.00
11/11/2005 32.90 31.51 33.60 32.05 0 45900.00 45900.00
14/11/2005 32.80 32.45 32.99 32.60 0 74900.00 74900.00
15/11/2005 32.60 32.60 32.60 32.60 0 0.00 0.00
16/11/2005 32.01 32.01 33.60 33.00 0 71600.00 71600.00
17/11/2005 33.50 33.15 33.50 33.20 0 140700.00 140700.00
18/11/2005 33.39 33.16 33.40 33.20 0 118100.00 118100.00
21/11/2005 33.40 32.25 33.40 33.00 0 91600.00 91600.00
22/11/2005 32.50 31.70 33.10 33.00 0 381300.00 381300.00
23/11/2005 33.62 33.10 33.80 33.10 0 116300.00 116300.00
24/11/2005 33.12 33.10 36.00 34.40 0 442900.00 442900.00
25/11/2005 34.60 34.60 36.50 36.16 0 112300.00 112300.00
28/11/2005 36.50 35.49 36.95 35.97 0 148400.00 148400.00
29/11/2005 36.15 35.00 36.15 35.80 0 33800.00 33800.00
30/11/2005 35.50 35.50 37.25 36.98 0 667600.00 667600.00
01/12/2005 36.98 36.50 38.88 38.00 0 114800.00 114800.00
02/12/2005 38.40 38.40 39.30 39.28 0 137400.00 137400.00
05/12/2005 39.50 39.50 41.00 40.70 0 228100.00 228100.00
06/12/2005 42.78 40.71 43.00 42.78 0 112300.00 112300.00
07/12/2005 42.50 41.50 42.89 42.50 0 104700.00 104700.00
08/12/2005 42.69 41.51 43.13 42.69 0 415900.00 415900.00
09/12/2005 44.00 42.55 44.50 44.00 0 142900.00 142900.00
12/12/2005 44.95 44.16 45.00 44.95 0 148200.00 148200.00
13/12/2005 46.30 45.00 48.60 46.30 0 274300.00 274300.00
14/12/2005 45.85 45.35 48.10 45.85 0 146900.00 146900.00
15/12/2005 44.00 43.25 47.49 44.00 0 85700.00 85700.00
16/12/2005 43.00 42.30 45.00 43.00 0 144500.00 144500.00
19/12/2005 42.35 42.35 43.00 42.35 0 99900.00 99900.00
20/12/2005 42.80 42.60 44.00 42.80 0 52800.00 52800.00
21/12/2005 43.20 41.90 44.49 43.20 0 88400.00 88400.00
22/12/2005 42.00 42.00 44.00 42.00 0 17000.00 17000.00
23/12/2005 40.50 40.50 42.08 40.50 0 74500.00 74500.00
26/12/2005 42.10 40.76 43.00 42.10 0 141600.00 141600.00
27/12/2005 41.10 40.74 43.30 41.10 0 130400.00 130400.00
28/12/2005 40.90 40.01 41.78 40.90 0 116300.00 116300.00
29/12/2005 41.50 40.95 42.50 41.50 0 291700.00 291700.00
30/12/2005 41.50 41.50 41.50 41.50 0 0.00 0.00
02/01/2006 42.00 40.80 42.00 42.00 0 80400.00 80400.00
03/01/2006 41.00 40.90 42.40 41.00 0 101400.00 101400.00
04/01/2006 42.37 41.11 42.90 42.37 0 269400.00 269400.00
05/01/2006 42.00 41.95 43.50 42.00 0 295000.00 295000.00
06/01/2006 41.90 41.50 43.60 41.90 0 292200.00 292200.00
09/01/2006 42.00 41.82 42.49 41.90 0 427200.00 427200.00
10/01/2006 42.99 41.70 43.50 42.99 0 709100.00 709100.00
11/01/2006 44.01 43.20 44.80 44.80 0 760500.00 760500.00
12/01/2006 44.86 43.81 46.00 44.97 0 130200.00 130200.00
13/01/2006 45.50 44.35 46.30 45.98 0 228300.00 228300.00
16/01/2006 45.97 45.90 48.50 48.50 0 246100.00 246100.00
17/01/2006 48.00 46.00 48.00 46.90 0 156700.00 156700.00
18/01/2006 46.48 45.00 46.48 46.00 0 81300.00 81300.00
19/01/2006 47.53 46.20 47.53 46.50 0 49700.00 49700.00
20/01/2006 46.50 46.50 47.49 47.30 0 69000.00 69000.00
23/01/2006 46.00 46.00 47.25 46.59 0 69500.00 69500.00
24/01/2006 46.30 46.05 47.50 46.89 0 284900.00 284900.00
25/01/2006 46.89 46.89 46.89 46.89 0 0.00 0.00
26/01/2006 46.89 46.89 50.80 48.70 0 549700.00 549700.00
27/01/2006 49.00 49.00 50.74 50.70 0 168400.00 168400.00
30/01/2006 50.17 48.60 52.00 51.95 0 284000.00 284000.00
31/01/2006 52.00 50.01 52.31 51.90 0 287300.00 287300.00
01/02/2006 51.89 50.30 51.89 50.80 0 179000.00 179000.00
02/02/2006 50.10 48.50 50.10 49.65 0 129200.00 129200.00
03/02/2006 49.65 47.48 50.79 48.50 0 177600.00 177600.00
06/02/2006 48.00 47.41 49.00 48.00 0 91400.00 91400.00
07/02/2006 47.80 46.20 47.80 46.40 0 99600.00 99600.00
08/02/2006 46.40 45.80 47.50 47.00 0 240000.00 240000.00
09/02/2006 48.49 48.00 49.99 49.99 0 204700.00 204700.00
10/02/2006 50.79 49.30 51.00 50.75 0 301300.00 301300.00
13/02/2006 50.90 49.00 52.00 52.00 0 171700.00 171700.00
14/02/2006 52.00 50.49 53.00 53.00 0 176900.00 176900.00
15/02/2006 53.00 53.00 56.95 56.95 0 295300.00 295300.00
16/02/2006 57.90 56.00 59.16 58.10 0 259100.00 259100.00
17/02/2006 57.32 56.50 59.01 58.80 0 230800.00 230800.00
20/02/2006 58.79 57.00 58.79 58.49 0 72700.00 72700.00
21/02/2006 63.00 57.00 62.00 58.00 0 181400.00 181400.00
22/02/2006 57.00 53.00 57.80 54.00 0 238000.00 238000.00
23/02/2006 55.00 51.05 55.00 52.50 0 294400.00 294400.00
24/02/2006 52.60 51.69 53.40 52.50 0 123400.00 123400.00
27/02/2006 52.50 52.50 52.50 52.50 0 0.00 0.00
28/02/2006 52.50 52.50 52.50 52.50 0 0.00 0.00
01/03/2006 53.50 53.11 54.80 53.75 0 219700.00 219700.00
02/03/2006 55.00 53.20 55.00 54.50 0 497000.00 497000.00
03/03/2006 54.60 53.70 54.70 54.00 0 62600.00 62600.00
06/03/2006 54.30 51.08 54.50 51.08 0 74200.00 74200.00
07/03/2006 52.00 47.98 52.00 49.25 0 351100.00 351100.00
08/03/2006 47.80 46.51 49.00 48.10 0 155000.00 155000.00
09/03/2006 48.60 48.50 51.00 50.00 0 235900.00 235900.00
10/03/2006 50.90 50.60 52.49 51.89 0 160400.00 160400.00
13/03/2006 52.00 50.30 53.66 51.50 0 171300.00 171300.00
14/03/2006 51.50 49.40 51.50 50.00 0 90400.00 90400.00
15/03/2006 50.00 49.30 50.98 50.49 0 162300.00 162300.00
16/03/2006 50.15 50.15 51.90 51.10 0 141400.00 141400.00
17/03/2006 51.50 48.60 51.97 50.30 0 209500.00 209500.00
20/03/2006 50.10 49.72 51.00 49.72 0 134700.00 134700.00
21/03/2006 49.72 48.60 50.45 49.51 0 113500.00 113500.00
22/03/2006 49.99 49.99 51.55 50.85 0 174100.00 174100.00
23/03/2006 51.01 50.31 51.60 50.96 0 90500.00 90500.00
24/03/2006 51.10 50.96 53.45 53.21 0 417000.00 417000.00
27/03/2006 53.50 52.45 53.98 53.10 0 244500.00 244500.00
28/03/2006 52.50 51.00 52.61 52.61 0 201500.00 201500.00
29/03/2006 51.99 51.00 52.89 52.25 0 73100.00 73100.00
30/03/2006 52.95 51.50 53.45 52.49 0 273600.00 273600.00
31/03/2006 52.50 52.50 55.95 55.95 0 439300.00 439300.00
03/04/2006 55.40 55.40 57.50 57.40 0 753000.00 753000.00
04/04/2006 57.39 57.00 58.90 58.00 0 566800.00 566800.00
05/04/2006 57.99 57.60 59.00 58.00 0 499500.00 499500.00
06/04/2006 58.00 57.00 58.25 58.01 0 348100.00 348100.00
07/04/2006 57.50 56.76 58.11 57.10 0 861200.00 861200.00
10/04/2006 56.56 55.70 57.00 56.10 0 105700.00 105700.00
11/04/2006 56.80 54.80 57.00 54.90 0 82800.00 82800.00
12/04/2006 54.31 51.00 54.31 54.00 0 656800.00 656800.00
13/04/2006 54.00 54.00 55.60 55.20 0 699600.00 699600.00
14/04/2006 55.20 55.20 55.20 55.20 0 0.00 0.00
17/04/2006 55.50 53.75 55.50 53.75 0 301800.00 301800.00
18/04/2006 54.40 53.75 55.00 53.85 0 278900.00 278900.00
19/04/2006 54.49 52.90 54.50 53.45 0 471800.00 471800.00
20/04/2006 53.75 53.00 54.00 53.95 0 215900.00 215900.00
21/04/2006 53.95 53.95 53.95 53.95 0 0.00 0.00
24/04/2006 53.95 53.65 56.00 55.75 0 160100.00 160100.00
25/04/2006 56.00 54.79 56.60 56.60 0 224200.00 224200.00
26/04/2006 56.60 55.00 57.05 56.95 0 80300.00 80300.00
27/04/2006 55.00 54.80 55.80 55.40 0 60200.00 60200.00
28/04/2006 55.47 53.80 56.73 56.50 0 157500.00 157500.00
01/05/2006 56.50 56.50 56.50 56.50 0 0.00 0.00
02/05/2006 56.00 55.30 56.10 55.55 0 134900.00 134900.00
03/05/2006 55.02 54.70 55.20 55.00 0 572100.00 572100.00
04/05/2006 53.90 52.20 54.79 52.50 0 261900.00 261900.00
05/05/2006 52.50 52.50 53.88 53.20 0 128400.00 128400.00
08/05/2006 53.20 53.10 55.65 55.00 0 291000.00 291000.00
09/05/2006 55.50 54.75 55.59 54.99 0 205000.00 205000.00
10/05/2006 55.50 54.00 55.50 54.00 0 195400.00 195400.00
11/05/2006 54.79 52.80 54.79 53.00 0 158500.00 158500.00
12/05/2006 52.60 50.00 52.60 50.00 0 297000.00 297000.00
15/05/2006 47.01 46.75 50.50 48.00 0 618600.00 618600.00
16/05/2006 48.01 46.75 50.00 47.80 0 135800.00 135800.00
17/05/2006 48.50 44.52 48.50 46.00 0 285200.00 285200.00
18/05/2006 46.10 44.51 46.20 44.51 0 237400.00 237400.00
19/05/2006 45.50 43.00 45.50 44.50 0 701900.00 701900.00
22/05/2006 44.50 39.50 44.50 40.48 0 1079200.00 1079200.00
23/05/2006 41.98 41.01 43.30 41.60 0 598000.00 598000.00
24/05/2006 40.00 37.80 43.10 39.50 0 652900.00 652900.00
25/05/2006 41.51 40.00 43.89 43.89 0 358200.00 358200.00
26/05/2006 44.50 44.49 48.30 47.50 0 492700.00 492700.00
29/05/2006 47.00 45.90 48.10 47.21 0 31200.00 31200.00
30/05/2006 47.21 45.00 47.21 45.99 0 420800.00 420800.00
31/05/2006 46.50 44.03 48.00 46.97 0 726500.00 726500.00
01/06/2006 46.97 45.30 48.30 45.56 0 187300.00 187300.00
02/06/2006 47.57 44.50 47.90 44.50 0 168900.00 168900.00
05/06/2006 44.51 42.55 45.49 43.50 0 1116300.00 1116300.00
06/06/2006 42.50 42.00 44.50 43.58 0 367200.00 367200.00
07/06/2006 43.11 41.32 43.30 41.32 0 315300.00 315300.00
08/06/2006 40.79 38.70 41.00 39.50 0 679400.00 679400.00
09/06/2006 41.00 40.00 41.90 40.00 0 257700.00 257700.00
12/06/2006 40.02 38.05 40.90 39.01 0 259100.00 259100.00
13/06/2006 38.51 34.50 39.50 35.30 0 567600.00 567600.00
14/06/2006 36.30 35.95 38.99 38.99 0 643500.00 643500.00
15/06/2006 38.99 38.99 38.99 38.99 0 0.00 0.00
16/06/2006 39.80 39.80 44.00 43.50 0 475800.00 475800.00
19/06/2006 43.50 40.80 44.00 41.40 0 119000.00 119000.00
20/06/2006 41.10 39.01 41.80 40.90 0 336800.00 336800.00
21/06/2006 40.57 40.57 43.00 43.00 0 492000.00 492000.00
22/06/2006 43.00 42.80 44.10 43.60 0 131000.00 131000.00
23/06/2006 43.30 42.51 43.49 43.35 0 187000.00 187000.00
26/06/2006 43.35 43.20 43.50 43.50 0 67100.00 67100.00
27/06/2006 42.11 41.00 43.49 41.70 0 59600.00 59600.00
28/06/2006 42.55 40.01 42.55 40.80 0 36300.00 36300.00
29/06/2006 41.00 41.00 43.00 43.00 0 521700.00 521700.00
30/06/2006 43.50 43.01 43.98 43.49 0 123600.00 123600.00
03/07/2006 44.90 43.00 45.00 43.20 0 130100.00 130100.00
04/07/2006 43.50 43.50 46.00 46.00 0 53200.00 53200.00
05/07/2006 45.00 43.50 45.00 44.00 0 57300.00 57300.00
06/07/2006 45.35 44.06 45.39 44.41 0 200500.00 200500.00
07/07/2006 44.40 44.40 46.45 45.00 0 343700.00 343700.00
10/07/2006 45.01 43.70 46.00 44.50 0 274600.00 274600.00
11/07/2006 44.49 42.52 44.51 42.98 0 230400.00 230400.00
12/07/2006 43.49 42.00 43.49 42.60 0 114200.00 114200.00
13/07/2006 42.00 41.02 42.30 41.10 0 39000.00 39000.00
14/07/2006 41.10 39.51 41.10 39.90 0 63200.00 63200.00
17/07/2006 40.30 37.70 40.30 38.05 0 230700.00 230700.00
18/07/2006 39.19 37.20 39.30 37.99 0 991100.00 991100.00
19/07/2006 38.50 38.00 40.66 40.00 0 1529300.00 1529300.00
20/07/2006 41.02 39.50 41.79 40.20 0 821000.00 821000.00
21/07/2006 40.30 38.50 41.00 40.00 0 373600.00 373600.00
24/07/2006 40.98 39.85 40.98 39.99 0 288800.00 288800.00
25/07/2006 40.29 38.51 40.48 39.90 0 155600.00 155600.00
26/07/2006 39.50 39.01 40.50 39.70 0 216800.00 216800.00
27/07/2006 40.00 40.00 40.80 40.40 0 106500.00 106500.00
28/07/2006 40.40 40.40 41.80 41.80 0 318400.00 318400.00
31/07/2006 41.59 40.60 41.60 40.95 0 119700.00 119700.00
01/08/2006 41.50 38.60 41.55 39.15 0 541800.00 541800.00
02/08/2006 38.85 38.35 40.00 38.35 0 866600.00 866600.00
03/08/2006 38.39 37.50 38.99 37.75 0 397700.00 397700.00
04/08/2006 38.29 37.00 38.88 37.20 0 905500.00 905500.00
07/08/2006 37.50 37.49 38.49 38.49 0 457400.00 457400.00
08/08/2006 38.72 38.50 39.98 39.00 0 861100.00 861100.00
09/08/2006 39.51 39.49 40.85 40.01 0 1055100.00 1055100.00
10/08/2006 40.00 39.85 41.60 41.55 0 826300.00 826300.00
11/08/2006 41.50 40.25 41.99 41.60 0 162300.00 162300.00
14/08/2006 41.68 41.65 43.20 42.85 0 448300.00 448300.00
15/08/2006 42.50 42.50 44.59 44.20 0 579100.00 579100.00
16/08/2006 44.70 43.51 45.40 44.47 0 395400.00 395400.00
17/08/2006 44.01 42.51 44.50 44.00 0 351000.00 351000.00
18/08/2006 43.44 42.45 43.44 43.30 0 106700.00 106700.00
21/08/2006 43.18 41.24 43.18 41.50 0 169100.00 169100.00
22/08/2006 41.52 41.00 42.60 42.20 0 234800.00 234800.00
23/08/2006 42.48 41.03 43.00 42.00 0 278100.00 278100.00
24/08/2006 42.10 40.63 42.94 42.50 0 389600.00 389600.00
25/08/2006 42.80 42.30 43.50 43.50 0 218500.00 218500.00
28/08/2006 43.40 43.00 43.99 43.50 0 67500.00 67500.00
29/08/2006 43.95 42.90 44.19 44.19 0 159700.00 159700.00
30/08/2006 44.90 42.49 44.90 44.60 0 240000.00 240000.00
31/08/2006 44.24 43.80 44.80 43.80 0 428600.00 428600.00
01/09/2006 43.80 43.70 45.21 45.20 0 594300.00 594300.00
04/09/2006 45.20 44.85 46.49 46.23 0 272600.00 272600.00
05/09/2006 46.25 45.60 47.48 46.80 0 417900.00 417900.00
06/09/2006 46.23 46.23 47.40 47.40 0 211500.00 211500.00
07/09/2006 47.40 47.40 47.40 47.40 0 0.00 0.00
08/09/2006 47.00 46.70 48.00 47.50 0 312900.00 312900.00
11/09/2006 47.00 45.59 47.00 45.59 0 147600.00 147600.00
12/09/2006 46.20 44.65 46.20 45.20 0 248100.00 248100.00
13/09/2006 46.00 45.80 46.67 46.20 0 429800.00 429800.00
14/09/2006 46.68 44.95 46.68 45.21 0 136300.00 136300.00
15/09/2006 45.40 44.39 45.41 44.49 0 847100.00 847100.00
18/09/2006 45.00 43.49 45.10 43.99 0 449000.00 449000.00
19/09/2006 43.80 42.60 44.40 43.00 0 246600.00 246600.00
20/09/2006 43.48 42.50 44.08 42.98 0 321400.00 321400.00
21/09/2006 43.00 41.22 43.00 41.50 0 283300.00 283300.00
22/09/2006 42.00 40.10 42.39 40.99 0 276000.00 276000.00
25/09/2006 41.80 39.20 41.80 41.50 0 305800.00 305800.00
26/09/2006 41.90 41.60 44.40 44.40 0 507000.00 507000.00
27/09/2006 45.00 43.00 45.00 43.60 0 728000.00 728000.00
28/09/2006 43.40 43.11 44.20 43.60 0 685000.00 685000.00
29/09/2006 44.40 41.10 44.40 42.50 0 622900.00 622900.00
02/10/2006 42.99 42.55 43.95 43.45 0 667100.00 667100.00
03/10/2006 42.90 42.00 43.79 42.00 0 240900.00 240900.00
04/10/2006 42.72 41.40 43.59 42.75 0 608400.00 608400.00
05/10/2006 41.20 39.50 41.80 40.00 0 2129100.00 2129100.00
06/10/2006 40.10 38.59 40.10 39.06 0 1023700.00 1023700.00
09/10/2006 39.24 39.14 39.70 39.70 0 6400.00 6400.00
10/10/2006 40.40 38.99 41.16 39.99 0 922700.00 922700.00
11/10/2006 39.95 39.03 39.95 39.61 0 474300.00 474300.00
12/10/2006 39.61 39.61 39.61 39.61 0 0.00 0.00
13/10/2006 40.10 39.89 41.50 41.38 0 598600.00 598600.00
16/10/2006 41.50 40.90 41.98 41.25 0 356500.00 356500.00
17/10/2006 41.10 40.65 41.78 41.35 0 491500.00 491500.00
18/10/2006 41.71 41.01 42.03 41.40 0 415400.00 415400.00
19/10/2006 41.69 39.79 41.69 39.86 0 802900.00 802900.00
20/10/2006 40.10 40.00 41.20 40.55 0 839900.00 839900.00
23/10/2006 41.09 40.55 42.02 42.00 0 588500.00 588500.00
24/10/2006 42.05 42.05 44.40 44.00 0 1101600.00 1101600.00
25/10/2006 44.51 42.81 44.79 43.94 0 488000.00 488000.00
26/10/2006 43.94 42.10 44.01 42.60 0 358600.00 358600.00
27/10/2006 42.54 41.69 42.82 41.90 0 593800.00 593800.00
30/10/2006 42.20 42.18 42.84 42.20 0 451800.00 451800.00
31/10/2006 42.60 42.60 44.20 43.75 0 629700.00 629700.00
01/11/2006 43.95 43.95 45.99 45.01 0 612400.00 612400.00
02/11/2006 45.01 45.01 45.01 45.01 0 0.00 0.00
03/11/2006 45.11 44.04 45.90 45.15 0 427500.00 427500.00
06/11/2006 46.05 44.20 46.72 46.50 0 708000.00 708000.00
07/11/2006 46.50 45.46 47.51 47.50 0 928400.00 928400.00
08/11/2006 47.39 46.14 47.90 47.75 0 1113000.00 1113000.00
09/11/2006 47.82 45.80 48.15 46.05 0 386200.00 386200.00
10/11/2006 46.30 45.00 46.65 46.00 0 297700.00 297700.00
13/11/2006 46.31 45.05 47.40 46.50 0 461000.00 461000.00
14/11/2006 46.94 46.56 47.49 47.20 0 436900.00 436900.00
15/11/2006 47.20 47.20 47.20 47.20 0 0.00 0.00
16/11/2006 47.49 47.45 49.00 48.00 0 595600.00 595600.00
17/11/2006 48.49 47.71 49.00 48.40 0 308500.00 308500.00
20/11/2006 48.40 48.40 48.40 48.40 0 0.00 0.00
21/11/2006 48.51 48.18 50.80 50.00 0 800200.00 800200.00
22/11/2006 50.50 50.50 52.95 52.50 0 892000.00 892000.00
23/11/2006 62.50 60.11 65.50 60.80 0 4439900.00 4439900.00
24/11/2006 62.00 61.20 65.79 64.99 0 1172000.00 1172000.00
27/11/2006 64.20 62.00 67.26 62.75 0 1083600.00 1083600.00
28/11/2006 62.50 61.27 65.90 64.75 0 1198400.00 1198400.00
29/11/2006 65.50 64.10 65.60 64.80 0 345100.00 345100.00
30/11/2006 65.50 63.21 65.50 64.30 0 223800.00 223800.00
01/12/2006 64.50 63.90 67.15 66.50 0 820300.00 820300.00
04/12/2006 66.05 65.00 70.00 70.00 0 640300.00 640300.00
05/12/2006 69.99 68.51 70.69 70.00 0 286100.00 286100.00
06/12/2006 69.89 67.20 69.89 68.40 0 175600.00 175600.00
07/12/2006 68.42 64.10 68.98 67.40 0 620800.00 620800.00
08/12/2006 66.41 65.16 67.00 65.60 0 699000.00 699000.00
11/12/2006 65.50 63.51 66.50 64.50 0 693700.00 693700.00
12/12/2006 64.50 63.45 65.89 65.00 0 809800.00 809800.00
13/12/2006 65.02 65.00 67.32 67.00 0 658000.00 658000.00
14/12/2006 67.50 65.00 67.50 67.40 0 684000.00 684000.00
15/12/2006 67.00 66.20 68.47 68.47 0 583300.00 583300.00
18/12/2006 68.00 66.50 68.40 68.35 0 591100.00 591100.00
19/12/2006 67.00 66.55 67.50 67.00 0 264600.00 264600.00
20/12/2006 66.80 65.30 67.50 66.75 0 599300.00 599300.00
21/12/2006 67.10 66.50 67.90 67.00 0 335900.00 335900.00
22/12/2006 67.00 65.99 67.40 67.00 0 63200.00 63200.00
25/12/2006 67.00 67.00 67.00 67.00 0 0.00 0.00
26/12/2006 67.00 66.66 68.35 67.30 0 133300.00 133300.00
27/12/2006 67.50 66.70 68.79 68.79 0 332400.00 332400.00
28/12/2006 69.30 68.00 70.40 69.99 0 541500.00 541500.00
29/12/2006 69.99 69.99 69.99 69.99 0 0.00 0.00
01/01/2007 69.99 69.99 69.99 69.99 0 0.00 0.00
02/01/2007 69.91 69.91 73.97 72.50 0 454300.00 454300.00
03/01/2007 71.00 69.01 72.70 71.50 0 382400.00 382400.00
04/01/2007 71.00 70.30 74.00 74.00 0 376600.00 376600.00
05/01/2007 72.20 68.26 74.50 69.75 0 1017600.00 1017600.00
08/01/2007 69.00 66.70 70.99 69.05 0 726600.00 726600.00
09/01/2007 69.30 67.80 70.70 68.70 0 1064700.00 1064700.00
10/01/2007 69.54 67.32 71.00 69.00 0 618600.00 618600.00
11/01/2007 69.30 68.51 70.50 69.20 0 464200.00 464200.00
12/01/2007 70.40 69.11 71.90 71.90 0 552600.00 552600.00
15/01/2007 71.99 71.30 73.68 73.00 0 229000.00 229000.00
16/01/2007 72.79 69.37 73.45 73.00 0 604600.00 604600.00
17/01/2007 65.15 64.00 66.01 65.50 0 746900.00 746900.00
18/01/2007 66.94 63.50 68.99 65.00 0 546200.00 546200.00
19/01/2007 65.10 62.50 65.30 64.35 0 857000.00 857000.00
22/01/2007 64.99 63.70 65.90 64.60 0 682200.00 682200.00
23/01/2007 65.01 63.71 65.90 65.90 0 469400.00 469400.00
24/01/2007 65.90 64.16 66.90 64.80 0 820000.00 820000.00
25/01/2007 64.80 64.80 64.80 64.80 0 0.00 0.00
26/01/2007 64.57 63.45 65.80 64.00 0 439800.00 439800.00
29/01/2007 64.01 61.51 64.01 62.35 0 390100.00 390100.00
30/01/2007 62.33 61.51 63.40 63.11 0 573000.00 573000.00
31/01/2007 63.50 62.55 64.90 64.50 0 633300.00 633300.00
01/02/2007 65.00 65.00 67.98 67.98 0 1106800.00 1106800.00
02/02/2007 67.39 66.26 68.88 68.50 0 509800.00 509800.00
05/02/2007 68.01 68.00 71.50 70.40 0 422700.00 422700.00
06/02/2007 70.21 69.25 71.94 69.90 0 445800.00 445800.00
07/02/2007 69.51 67.30 69.70 69.00 0 496800.00 496800.00
08/02/2007 68.92 66.59 69.37 67.80 0 411200.00 411200.00
09/02/2007 67.51 67.02 70.17 70.17 0 381800.00 381800.00
12/02/2007 70.00 68.01 70.99 69.70 0 426500.00 426500.00
13/02/2007 69.79 68.33 69.81 68.35 0 577100.00 577100.00
14/02/2007 69.00 67.40 69.90 69.90 0 532900.00 532900.00
15/02/2007 69.80 68.20 69.90 69.10 0 317800.00 317800.00
16/02/2007 69.40 67.81 69.89 68.60 0 295400.00 295400.00
19/02/2007 68.60 68.60 68.60 68.60 0 0.00 0.00
20/02/2007 68.60 68.60 68.60 68.60 0 0.00 0.00
21/02/2007 67.96 66.80 71.00 71.00 0 323400.00 323400.00
22/02/2007 69.99 69.99 71.88 71.88 0 255200.00 255200.00
23/02/2007 71.87 71.50 74.20 73.60 0 1223600.00 1223600.00
26/02/2007 74.00 72.13 74.00 74.00 0 600600.00 600600.00
27/02/2007 71.80 67.02 72.00 72.00 0 1042600.00 1042600.00
28/02/2007 71.81 69.00 71.88 69.90 0 880300.00 880300.00
01/03/2007 68.00 66.21 69.20 69.20 0 1475100.00 1475100.00
02/03/2007 67.31 66.07 68.59 67.75 0 1481200.00 1481200.00
05/03/2007 66.15 63.18 66.15 63.99 0 943300.00 943300.00
06/03/2007 65.20 64.30 67.50 67.50 0 820700.00 820700.00
07/03/2007 68.00 64.85 68.00 64.99 0 674500.00 674500.00
08/03/2007 65.85 65.50 66.90 66.50 0 473400.00 473400.00
09/03/2007 67.40 67.30 71.00 71.00 0 823700.00 823700.00
12/03/2007 70.87 69.31 71.88 71.56 0 989400.00 989400.00
13/03/2007 70.79 66.25 70.79 68.00 0 858600.00 858600.00
14/03/2007 66.89 66.00 69.30 69.30 0 535900.00 535900.00
15/03/2007 68.20 67.50 69.80 69.15 0 734600.00 734600.00
16/03/2007 67.15 66.70 69.50 67.35 0 415900.00 415900.00
19/03/2007 68.30 67.56 71.37 70.62 0 668800.00 668800.00
20/03/2007 70.79 69.50 71.47 69.50 0 671700.00 671700.00
21/03/2007 69.50 68.30 71.80 71.80 0 921100.00 921100.00
22/03/2007 71.51 70.14 71.89 71.80 0 528300.00 528300.00
23/03/2007 71.80 70.20 72.99 71.80 0 526100.00 526100.00
26/03/2007 70.50 69.62 71.99 70.50 0 370400.00 370400.00
27/03/2007 70.50 69.62 71.05 69.95 0 359500.00 359500.00
28/03/2007 69.50 66.80 69.50 67.01 0 842700.00 842700.00
29/03/2007 68.65 66.31 68.80 68.79 0 627900.00 627900.00
30/03/2007 68.20 67.51 69.40 69.40 0 870000.00 870000.00
02/04/2007 69.00 68.21 71.25 70.50 0 680500.00 680500.00
03/04/2007 70.53 70.03 72.00 71.20 0 637200.00 637200.00
04/04/2007 71.87 71.57 72.88 72.00 0 1013500.00 1013500.00
05/04/2007 71.99 71.43 73.60 72.40 0 289800.00 289800.00
06/04/2007 72.40 72.40 72.40 72.40 0 0.00 0.00
09/04/2007 72.49 71.60 73.90 71.80 0 331300.00 331300.00
10/04/2007 71.99 70.35 71.99 71.20 0 350500.00 350500.00
11/04/2007 71.18 69.81 71.79 71.40 0 354300.00 354300.00
12/04/2007 71.67 70.41 71.67 71.60 0 363800.00 363800.00
13/04/2007 71.60 71.50 73.60 73.60 0 549000.00 549000.00
16/04/2007 73.69 72.91 73.89 73.50 0 541600.00 541600.00
17/04/2007 73.65 72.55 73.96 73.49 0 609200.00 609200.00
18/04/2007 72.61 71.50 73.14 71.50 0 573700.00 573700.00
19/04/2007 70.60 69.00 71.70 71.20 0 609700.00 609700.00
20/04/2007 72.30 71.50 72.78 71.50 0 925600.00 925600.00
23/04/2007 71.78 70.03 71.92 71.00 0 325100.00 325100.00
24/04/2007 70.80 69.85 71.85 70.20 0 905500.00 905500.00
25/04/2007 70.31 70.30 72.40 72.00 0 561800.00 561800.00
26/04/2007 72.20 72.00 73.21 72.90 0 746000.00 746000.00
27/04/2007 72.50 70.99 74.97 74.97 0 477900.00 477900.00
30/04/2007 74.50 72.52 75.00 72.52 0 291100.00 291100.00
01/05/2007 72.52 72.52 72.52 72.52 0 0.00 0.00
02/05/2007 72.81 72.81 77.80 77.80 0 1013300.00 1013300.00
03/05/2007 77.80 77.21 79.19 78.40 0 440100.00 440100.00
04/05/2007 79.20 78.13 79.20 79.10 0 385800.00 385800.00
07/05/2007 77.51 77.51 80.20 79.99 0 557700.00 557700.00
08/05/2007 79.00 78.52 83.40 82.00 0 686400.00 686400.00
09/05/2007 81.50 80.56 83.20 83.20 0 766100.00 766100.00
10/05/2007 82.79 81.60 82.98 81.90 0 425600.00 425600.00
11/05/2007 82.30 81.50 84.49 81.81 0 749600.00 749600.00
14/05/2007 82.84 78.82 82.84 80.00 0 421600.00 421600.00
15/05/2007 80.01 78.00 80.20 78.00 0 553700.00 553700.00
16/05/2007 78.24 77.50 80.00 79.15 0 903400.00 903400.00
17/05/2007 78.71 77.61 78.83 77.61 0 659400.00 659400.00
18/05/2007 78.30 76.03 78.50 78.50 0 662400.00 662400.00
21/05/2007 79.03 78.00 79.78 79.78 0 473100.00 473100.00
22/05/2007 79.69 78.49 80.10 78.49 0 261800.00 261800.00
23/05/2007 79.89 76.00 79.89 76.80 0 722900.00 722900.00
24/05/2007 76.80 74.00 78.00 76.99 0 487700.00 487700.00
25/05/2007 77.86 76.31 80.70 80.70 0 375000.00 375000.00
28/05/2007 80.20 80.20 82.00 81.20 0 234400.00 234400.00
29/05/2007 79.98 78.20 81.79 80.80 0 385900.00 385900.00
30/05/2007 78.65 78.30 81.99 81.70 0 819100.00 819100.00
31/05/2007 81.89 80.55 83.00 82.00 0 592000.00 592000.00
01/06/2007 81.51 80.99 82.85 82.79 0 525000.00 525000.00
04/06/2007 82.08 81.32 82.70 82.13 0 366900.00 366900.00
05/06/2007 81.88 80.22 82.50 81.21 0 336900.00 336900.00
06/06/2007 80.31 78.26 80.98 78.90 0 521800.00 521800.00
07/06/2007 78.90 78.90 78.90 78.90 0 0.00 0.00
08/06/2007 77.99 76.02 79.38 78.97 0 1151000.00 1151000.00
11/06/2007 79.60 78.41 79.89 78.97 0 463700.00 463700.00
12/06/2007 78.03 76.40 79.10 76.90 0 430100.00 430100.00
13/06/2007 77.26 77.00 79.29 79.20 0 468000.00 468000.00
14/06/2007 79.00 78.64 80.80 80.77 0 430800.00 430800.00
15/06/2007 81.00 80.90 83.80 83.51 0 696900.00 696900.00
18/06/2007 83.96 82.60 84.30 83.27 0 291000.00 291000.00
19/06/2007 82.31 81.81 83.69 82.90 0 368800.00 368800.00
20/06/2007 83.85 80.10 83.85 80.10 0 534700.00 534700.00
21/06/2007 81.49 80.10 82.00 82.00 0 587800.00 587800.00
22/06/2007 81.00 80.20 81.49 80.62 0 348600.00 348600.00
25/06/2007 80.16 78.60 81.09 80.00 0 470800.00 470800.00
26/06/2007 80.22 79.10 81.19 80.00 0 181400.00 181400.00
27/06/2007 79.01 79.01 81.20 81.19 0 299000.00 299000.00
28/06/2007 80.71 80.23 81.64 81.20 0 350800.00 350800.00
29/06/2007 81.63 80.00 82.30 80.30 0 292000.00 292000.00
02/07/2007 80.97 80.79 82.48 82.48 0 494200.00 494200.00
03/07/2007 82.50 82.00 83.89 83.89 0 451700.00 451700.00
04/07/2007 83.60 83.01 84.20 83.70 0 176500.00 176500.00
05/07/2007 82.87 82.48 85.70 85.70 0 724100.00 724100.00
06/07/2007 88.00 88.00 88.00 88.00 0 545100.00 545100.00
09/07/2007 88.00 88.00 88.00 88.00 0 0.00 0.00
10/07/2007 88.00 85.91 88.00 87.97 0 375800.00 375800.00
11/07/2007 87.97 86.15 88.50 86.20 0 476700.00 476700.00
12/07/2007 87.50 85.09 87.50 86.39 0 383000.00 383000.00
13/07/2007 86.00 84.69 89.00 89.00 0 441400.00 441400.00
16/07/2007 87.00 86.34 88.65 88.40 0 372500.00 372500.00
17/07/2007 87.50 86.56 89.88 87.20 0 419100.00 419100.00
18/07/2007 86.50 84.70 86.50 86.50 0 466100.00 466100.00
19/07/2007 87.09 86.21 87.45 87.00 0 292600.00 292600.00
20/07/2007 86.97 84.52 87.00 84.65 0 431800.00 431800.00
23/07/2007 85.50 85.50 89.50 89.20 0 910100.00 910100.00
24/07/2007 88.90 83.69 88.90 85.80 0 539700.00 539700.00
25/07/2007 86.73 82.20 87.00 86.36 0 1062600.00 1062600.00
26/07/2007 83.90 80.79 84.11 83.89 0 715600.00 715600.00
27/07/2007 82.99 81.73 84.02 83.00 0 499900.00 499900.00
30/07/2007 82.80 82.02 83.50 82.80 0 628700.00 628700.00
31/07/2007 83.30 79.00 83.75 79.00 0 948800.00 948800.00
01/08/2007 78.37 76.60 81.67 81.67 0 748900.00 748900.00
02/08/2007 81.44 79.53 81.80 81.00 0 269300.00 269300.00
03/08/2007 81.24 78.10 81.50 79.90 0 460800.00 460800.00
06/08/2007 79.00 76.60 81.20 81.20 0 653400.00 653400.00
07/08/2007 81.20 80.21 84.00 84.00 0 534400.00 534400.00
08/08/2007 85.00 83.70 86.99 85.50 0 360000.00 360000.00
09/08/2007 84.00 82.11 84.00 83.20 0 479300.00 479300.00
10/08/2007 81.13 78.90 82.39 81.00 0 497200.00 497200.00
13/08/2007 82.70 79.60 82.79 81.00 0 427000.00 427000.00
14/08/2007 81.00 76.31 81.80 77.98 0 775500.00 775500.00
15/08/2007 76.00 71.01 76.98 72.01 0 1155600.00 1155600.00
16/08/2007 68.00 59.51 70.00 70.00 0 1387300.00 1387300.00
17/08/2007 72.55 64.00 73.00 69.75 0 1425400.00 1425400.00
20/08/2007 70.00 67.22 71.99 68.60 0 745300.00 745300.00
21/08/2007 69.15 67.24 71.00 69.99 0 993100.00 993100.00
22/08/2007 70.78 70.78 74.00 74.00 0 774500.00 774500.00
23/08/2007 74.00 71.75 75.10 71.80 0 607900.00 607900.00
24/08/2007 71.52 69.50 74.40 74.40 0 696000.00 696000.00
27/08/2007 73.99 73.70 75.84 74.85 0 215200.00 215200.00
28/08/2007 73.95 71.35 73.95 71.40 0 290500.00 290500.00
29/08/2007 72.00 71.40 72.79 72.20 0 485100.00 485100.00
30/08/2007 72.00 70.10 73.85 72.25 0 1129600.00 1129600.00
31/08/2007 73.86 72.25 75.50 75.50 0 1305200.00 1305200.00
03/09/2007 75.00 74.98 77.00 77.00 0 227800.00 227800.00
04/09/2007 77.00 75.29 77.49 76.90 0 496000.00 496000.00
05/09/2007 75.20 74.90 76.89 74.90 0 457200.00 457200.00
06/09/2007 75.01 73.00 76.39 73.00 0 284800.00 284800.00
10/09/2007 71.00 70.11 72.01 71.98 0 377600.00 377600.00
11/09/2007 72.01 71.61 74.00 74.00 0 386200.00 386200.00
12/09/2007 73.50 73.15 75.40 74.93 0 369600.00 369600.00
13/09/2007 74.98 74.60 76.40 76.00 0 723200.00 723200.00
14/09/2007 75.83 74.50 76.90 76.90 0 498600.00 498600.00
17/09/2007 74.90 73.90 77.00 74.20 0 486800.00 486800.00
18/09/2007 75.00 73.86 78.00 78.00 0 828800.00 828800.00
19/09/2007 78.50 78.16 81.00 81.00 0 902400.00 902400.00
20/09/2007 81.90 80.18 82.49 81.95 0 786000.00 786000.00
21/09/2007 81.70 79.52 83.30 80.56 0 544600.00 544600.00
24/09/2007 81.40 78.16 81.40 80.40 0 605400.00 605400.00
25/09/2007 79.60 78.62 80.79 80.70 0 446500.00 446500.00
26/09/2007 81.29 80.01 81.97 81.90 0 588100.00 588100.00
27/09/2007 81.99 81.90 86.99 86.99 0 900900.00 900900.00
28/09/2007 86.28 84.71 86.50 86.50 0 915100.00 915100.00
01/10/2007 86.99 86.70 89.99 89.99 0 609300.00 609300.00
02/10/2007 89.50 87.05 89.50 87.05 0 590100.00 590100.00
03/10/2007 86.00 83.11 88.00 84.00 0 578600.00 578600.00
04/10/2007 84.01 83.17 88.17 88.17 0 493800.00 493800.00
05/10/2007 88.60 87.20 90.00 88.75 0 629900.00 629900.00
08/10/2007 88.75 87.00 90.00 90.00 0 510100.00 510100.00
09/10/2007 89.79 88.04 92.00 92.00 0 691700.00 691700.00
10/10/2007 91.00 88.36 91.68 88.64 0 504300.00 504300.00
11/10/2007 89.90 84.50 90.50 86.00 0 618300.00 618300.00
15/10/2007 88.35 84.30 88.35 87.49 0 1206400.00 1206400.00
16/10/2007 85.73 84.50 86.89 84.52 0 586800.00 586800.00
17/10/2007 85.90 84.15 87.50 87.50 0 923100.00 923100.00
18/10/2007 86.00 84.60 89.99 89.93 0 534100.00 534100.00
19/10/2007 89.37 86.03 89.40 87.23 0 508700.00 508700.00
22/10/2007 86.02 84.70 87.48 87.48 0 898100.00 898100.00
23/10/2007 88.82 88.00 89.70 89.65 0 384300.00 384300.00
24/10/2007 88.79 86.87 89.60 89.60 0 342500.00 342500.00
25/10/2007 89.74 86.82 89.74 88.90 0 324300.00 324300.00
26/10/2007 89.29 89.20 91.43 91.20 0 299300.00 299300.00
29/10/2007 90.65 90.65 93.88 92.90 0 427500.00 427500.00
30/10/2007 92.48 91.52 94.00 92.20 0 360100.00 360100.00
31/10/2007 92.99 91.56 94.90 93.89 0 389300.00 389300.00
01/11/2007 92.10 90.00 92.48 91.40 0 551600.00 551600.00
05/11/2007 91.00 89.02 91.40 91.36 0 487700.00 487700.00
06/11/2007 92.00 91.50 93.20 92.60 0 375200.00 375200.00
07/11/2007 92.50 88.45 92.50 88.80 0 815600.00 815600.00
08/11/2007 89.42 81.60 89.42 81.60 0 769700.00 769700.00
09/11/2007 83.25 81.60 85.00 85.00 0 957000.00 957000.00
12/11/2007 83.00 82.21 84.98 83.25 0 510300.00 510300.00
13/11/2007 83.65 78.51 84.20 78.60 0 1560800.00 1560800.00
14/11/2007 80.00 79.50 82.00 80.99 0 953600.00 953600.00
16/11/2007 80.89 80.51 84.50 84.50 0 624100.00 624100.00
19/11/2007 83.40 80.40 83.40 81.30 0 423400.00 423400.00
21/11/2007 79.31 78.10 80.03 79.55 0 659000.00 659000.00
22/11/2007 79.71 76.01 79.80 79.00 0 234400.00 234400.00
23/11/2007 79.50 78.01 80.00 78.91 0 258400.00 258400.00
26/11/2007 79.51 75.12 79.90 75.50 0 579000.00 579000.00
27/11/2007 75.00 73.00 75.01 74.50 0 679800.00 679800.00
28/11/2007 76.43 74.70 78.00 78.00 0 724500.00 724500.00
29/11/2007 76.10 76.00 80.33 78.90 0 464500.00 464500.00
30/11/2007 80.35 80.00 82.70 81.00 0 484700.00 484700.00
03/12/2007 81.00 80.40 81.25 80.51 0 296900.00 296900.00
04/12/2007 79.69 78.20 80.20 79.50 0 456000.00 456000.00
05/12/2007 81.39 80.34 83.10 83.10 0 823100.00 823100.00
06/12/2007 84.00 83.00 84.33 83.60 0 651200.00 651200.00
07/12/2007 84.00 81.51 84.00 82.70 0 539700.00 539700.00
10/12/2007 82.96 81.35 83.26 81.49 0 383700.00 383700.00
11/12/2007 82.00 79.00 82.50 80.79 0 655200.00 655200.00
12/12/2007 80.79 79.23 83.16 82.32 0 905200.00 905200.00
13/12/2007 80.02 79.00 81.50 79.50 0 393300.00 393300.00
14/12/2007 80.00 77.60 80.00 78.20 0 738400.00 738400.00
17/12/2007 77.00 72.01 77.70 72.50 0 629800.00 629800.00
18/12/2007 73.71 69.25 74.00 71.30 0 1210000.00 1210000.00
19/12/2007 71.02 69.01 73.39 69.85 0 1536000.00 1536000.00
20/12/2007 70.89 69.01 71.50 69.90 0 1254900.00 1254900.00
21/12/2007 71.00 69.35 71.60 69.35 0 1106200.00 1106200.00
26/12/2007 69.99 69.51 70.59 70.25 0 774300.00 774300.00
27/12/2007 70.50 69.90 70.78 70.31 0 961100.00 961100.00
28/12/2007 72.90 70.32 72.90 71.00 0 1731600.00 1731600.00
02/01/2008 71.02 71.02 73.25 72.75 0 958800.00 958800.00
03/01/2008 73.01 73.00 76.50 76.39 0 1042500.00 1042500.00
04/01/2008 76.77 74.00 77.90 75.50 0 700900.00 700900.00
07/01/2008 75.60 71.00 75.60 71.00 0 794100.00 794100.00
08/01/2008 71.58 68.25 71.58 69.97 0 935100.00 935100.00
09/01/2008 69.50 68.40 70.40 70.00 0 535100.00 535100.00
10/01/2008 70.99 69.22 71.70 71.00 0 942400.00 942400.00
11/01/2008 70.39 68.80 70.48 69.99 0 629300.00 629300.00
14/01/2008 70.20 69.60 70.87 70.40 0 714900.00 714900.00
15/01/2008 69.00 66.21 69.00 68.80 0 1018200.00 1018200.00
16/01/2008 67.10 66.00 69.90 69.90 0 901100.00 901100.00
17/01/2008 69.16 64.32 70.54 66.48 0 1092800.00 1092800.00
18/01/2008 67.94 63.31 67.94 67.00 0 736100.00 736100.00
21/01/2008 63.97 59.17 63.97 62.49 0 765100.00 765100.00
22/01/2008 62.00 61.25 66.79 64.60 0 879000.00 879000.00
23/01/2008 63.66 61.01 63.66 63.50 0 631700.00 631700.00
24/01/2008 65.80 63.68 66.65 66.65 0 722600.00 722600.00
28/01/2008 64.74 63.50 67.10 67.10 0 760800.00 760800.00
29/01/2008 67.99 65.75 67.99 66.99 0 559700.00 559700.00
30/01/2008 65.80 64.62 66.80 66.40 0 449000.00 449000.00
31/01/2008 64.50 62.51 64.50 62.51 0 870900.00 870900.00
01/02/2008 63.80 62.50 65.00 64.60 0 828900.00 828900.00
06/02/2008 62.84 60.61 63.06 61.01 0 338100.00 338100.00
07/02/2008 60.80 59.60 61.30 60.99 0 724200.00 724200.00
08/02/2008 61.31 60.56 66.00 66.00 0 1085700.00 1085700.00
11/02/2008 66.10 64.00 67.60 67.41 0 810900.00 810900.00
12/02/2008 68.00 67.40 72.70 71.80 0 1044200.00 1044200.00
13/02/2008 71.30 70.50 74.37 71.80 0 1112900.00 1112900.00
14/02/2008 72.60 68.01 72.80 68.25 0 779800.00 779800.00
15/02/2008 67.90 65.05 67.90 66.45 0 1165700.00 1165700.00
18/02/2008 67.81 67.00 70.70 70.40 0 278600.00 278600.00
19/02/2008 70.80 69.50 72.00 70.30 0 548800.00 548800.00
20/02/2008 69.45 68.31 73.31 73.31 0 472500.00 472500.00
21/02/2008 73.90 72.15 74.49 74.47 0 689600.00 689600.00
22/02/2008 74.20 73.50 76.19 75.90 0 593000.00 593000.00
25/02/2008 75.89 73.73 76.50 74.74 0 706100.00 706100.00
26/02/2008 74.50 71.53 74.80 74.80 0 606900.00 606900.00
27/02/2008 73.90 72.33 74.40 72.50 0 676900.00 676900.00
28/02/2008 72.20 70.04 72.20 70.31 0 915600.00 915600.00
29/02/2008 69.79 69.40 71.90 71.00 0 1431500.00 1431500.00
03/03/2008 71.75 71.60 74.50 74.30 0 1022400.00 1022400.00
04/03/2008 74.20 72.10 77.60 77.60 0 1037300.00 1037300.00
05/03/2008 78.90 75.90 78.90 77.70 0 681600.00 681600.00
06/03/2008 77.00 75.60 77.59 76.25 0 648000.00 648000.00
07/03/2008 75.00 72.53 77.00 74.40 0 1641900.00 1641900.00
10/03/2008 73.60 68.71 74.50 69.00 0 1701400.00 1701400.00
11/03/2008 71.02 68.61 71.18 69.31 0 1263300.00 1263300.00
12/03/2008 69.50 68.52 70.35 69.00 0 654700.00 654700.00
13/03/2008 67.90 65.62 67.90 66.50 0 1604400.00 1604400.00
14/03/2008 67.80 64.60 69.26 65.50 0 744800.00 744800.00
18/03/2008 63.99 63.20 65.79 65.70 0 1141000.00 1141000.00
19/03/2008 66.00 60.75 66.95 62.35 0 1602000.00 1602000.00
20/03/2008 61.80 59.66 63.50 62.00 0 945000.00 945000.00
25/03/2008 62.80 60.81 63.25 61.40 0 862300.00 862300.00
26/03/2008 62.12 60.61 62.39 61.60 0 700400.00 700400.00
27/03/2008 61.74 60.50 62.77 60.50 0 501600.00 501600.00
28/03/2008 60.51 60.15 61.30 60.15 0 298100.00 298100.00
31/03/2008 61.39 59.00 61.39 59.00 0 757600.00 757600.00
01/04/2008 59.80 59.58 60.80 60.75 0 1365300.00 1365300.00
02/04/2008 62.00 61.40 62.97 62.75 0 666600.00 666600.00
03/04/2008 62.50 61.75 66.20 64.50 0 1604000.00 1604000.00
04/04/2008 65.11 62.80 65.54 62.99 0 545200.00 545200.00
07/04/2008 63.52 61.65 63.88 61.85 0 824900.00 824900.00
08/04/2008 61.30 60.80 62.00 62.00 0 714600.00 714600.00
09/04/2008 61.84 60.05 62.99 60.05 0 887300.00 887300.00
10/04/2008 60.04 59.75 60.77 59.80 0 676100.00 676100.00
11/04/2008 59.82 59.15 59.84 59.30 0 401900.00 401900.00
14/04/2008 59.55 56.00 59.55 56.00 0 686700.00 686700.00
15/04/2008 56.51 54.50 56.70 55.42 0 609700.00 609700.00
16/04/2008 56.80 55.60 57.89 57.89 0 687700.00 687700.00
17/04/2008 57.59 56.70 58.79 57.00 0 460200.00 460200.00
18/04/2008 57.45 54.60 57.57 54.60 0 808200.00 808200.00
22/04/2008 54.81 53.40 55.48 53.50 0 433200.00 433200.00
23/04/2008 53.79 51.32 53.95 51.50 0 931900.00 931900.00
24/04/2008 51.60 50.86 52.69 51.75 0 629000.00 629000.00
25/04/2008 52.31 52.00 53.51 52.90 0 387500.00 387500.00
28/04/2008 53.50 52.30 53.90 53.00 0 293300.00 293300.00
29/04/2008 52.20 49.46 52.75 49.85 0 725700.00 725700.00
30/04/2008 55.10 50.04 55.26 55.10 0 1684900.00 1684900.00
02/05/2008 59.85 58.50 65.50 65.10 0 2627300.00 2627300.00
05/05/2008 65.30 63.80 69.79 65.42 0 1598200.00 1598200.00
06/05/2008 64.96 62.65 64.99 63.60 0 933800.00 933800.00
07/05/2008 64.35 60.50 64.69 62.00 0 826700.00 826700.00
08/05/2008 62.01 61.52 63.90 62.89 0 889700.00 889700.00
09/05/2008 62.89 61.45 63.18 62.40 0 953500.00 953500.00
12/05/2008 63.00 61.03 64.00 64.00 0 617000.00 617000.00
13/05/2008 64.25 62.00 64.25 63.00 0 956000.00 956000.00
14/05/2008 63.21 62.01 63.68 63.30 0 851000.00 851000.00
15/05/2008 63.60 62.80 64.51 64.51 0 497700.00 497700.00
16/05/2008 65.50 65.50 66.58 66.06 0 1061400.00 1061400.00
19/05/2008 66.30 65.11 68.00 67.90 0 1019800.00 1019800.00
20/05/2008 67.09 66.61 70.90 69.50 0 950300.00 950300.00
21/05/2008 69.40 66.70 70.81 68.20 0 799500.00 799500.00
23/05/2008 67.00 66.00 69.47 68.50 0 724500.00 724500.00
26/05/2008 69.00 66.54 69.00 67.40 0 303100.00 303100.00
27/05/2008 67.40 64.60 67.40 65.00 0 608600.00 608600.00
28/05/2008 65.50 64.30 69.02 69.02 0 788600.00 788600.00
29/05/2008 68.70 66.94 71.07 68.99 0 814000.00 814000.00
30/05/2008 69.60 67.20 70.69 70.43 0 811300.00 811300.00
02/06/2008 69.00 67.52 70.50 70.50 0 548500.00 548500.00
03/06/2008 70.10 68.21 70.10 69.95 0 862100.00 862100.00
04/06/2008 68.50 67.31 68.99 67.31 0 724100.00 724100.00
05/06/2008 68.40 67.05 69.29 67.51 0 398400.00 398400.00
06/06/2008 68.00 64.50 68.15 64.55 0 507300.00 507300.00
10/06/2008 65.00 63.50 65.50 64.25 0 486700.00 486700.00
11/06/2008 64.00 60.61 64.00 60.70 0 927600.00 927600.00
12/06/2008 62.00 60.67 62.30 62.20 0 443800.00 443800.00
13/06/2008 63.00 61.02 63.51 63.40 0 266700.00 266700.00
16/06/2008 62.26 61.98 63.39 62.30 0 341500.00 341500.00
17/06/2008 62.49 62.00 63.89 63.48 0 717600.00 717600.00
18/06/2008 62.80 60.06 63.05 60.41 0 1274000.00 1274000.00
19/06/2008 61.01 58.50 61.01 58.78 0 963200.00 963200.00
20/06/2008 58.00 56.57 59.51 57.89 0 709300.00 709300.00
23/06/2008 57.71 56.00 59.00 58.42 0 326200.00 326200.00
24/06/2008 57.10 56.52 57.90 57.10 0 551900.00 551900.00
25/06/2008 57.59 56.55 59.98 59.15 0 833800.00 833800.00
26/06/2008 58.00 56.50 58.00 56.89 0 1471500.00 1471500.00
27/06/2008 57.35 56.50 57.93 57.50 0 660200.00 660200.00
30/06/2008 57.40 57.02 58.69 58.69 0 922500.00 922500.00
01/07/2008 57.60 55.50 57.60 55.50 0 707700.00 707700.00
02/07/2008 56.40 55.00 56.40 55.90 0 759100.00 759100.00
03/07/2008 55.89 54.00 56.22 54.68 0 677200.00 677200.00
04/07/2008 53.11 53.02 55.00 54.39 0 385300.00 385300.00
07/07/2008 53.90 52.65 54.60 53.50 0 732800.00 732800.00
08/07/2008 53.00 52.50 55.23 55.00 0 581400.00 581400.00
10/07/2008 54.19 53.51 55.48 55.00 0 1268100.00 1268100.00
11/07/2008 56.15 53.72 56.09 55.83 0 455000.00 455000.00
14/07/2008 56.00 54.50 56.62 55.80 0 521000.00 521000.00
15/07/2008 54.90 54.25 58.73 58.10 0 969000.00 969000.00
16/07/2008 58.10 58.10 61.10 60.00 0 950500.00 950500.00
17/07/2008 59.99 57.36 61.48 58.95 0 670600.00 670600.00
18/07/2008 59.16 56.90 59.99 58.50 0 357300.00 357300.00
21/07/2008 59.34 57.31 59.50 58.50 0 468100.00 468100.00
22/07/2008 57.60 55.74 57.99 57.54 0 427800.00 427800.00
23/07/2008 57.90 57.11 58.31 57.32 0 513000.00 513000.00
24/07/2008 57.00 55.51 58.90 57.20 0 603500.00 603500.00
25/07/2008 56.98 55.89 58.50 58.30 0 607900.00 607900.00
28/07/2008 58.40 57.61 58.97 57.99 0 256100.00 256100.00
29/07/2008 58.13 57.56 59.30 59.25 0 700600.00 700600.00
30/07/2008 59.89 58.01 60.49 59.10 0 774100.00 774100.00
31/07/2008 58.99 58.30 59.90 59.00 0 644700.00 644700.00
01/08/2008 58.76 57.68 59.70 58.79 0 343700.00 343700.00
04/08/2008 58.01 56.05 58.10 57.20 0 513200.00 513200.00
05/08/2008 56.50 56.22 58.10 57.00 0 808000.00 808000.00
06/08/2008 57.94 56.80 59.50 59.50 0 980800.00 980800.00
07/08/2008 59.00 58.58 60.50 60.30 0 692900.00 692900.00
08/08/2008 60.89 60.06 61.85 61.85 0 1372000.00 1372000.00
11/08/2008 62.00 60.78 62.51 62.15 0 849400.00 849400.00
12/08/2008 62.07 60.05 63.08 61.00 0 1138600.00 1138600.00
13/08/2008 59.79 58.10 61.45 58.30 0 1041100.00 1041100.00
14/08/2008 58.65 57.14 59.30 58.20 0 366500.00 366500.00
15/08/2008 58.02 55.84 58.87 57.00 0 573500.00 573500.00
18/08/2008 57.50 54.81 58.00 56.02 0 382700.00 382700.00
19/08/2008 56.29 54.77 57.85 57.60 0 328900.00 328900.00
20/08/2008 58.00 56.43 58.68 57.80 0 326800.00 326800.00
21/08/2008 57.80 56.12 57.93 57.72 0 355500.00 355500.00
22/08/2008 57.70 56.21 57.86 57.52 0 301100.00 301100.00
25/08/2008 57.50 54.75 57.85 54.75 0 207600.00 207600.00
26/08/2008 54.50 54.10 56.00 56.00 0 445600.00 445600.00
27/08/2008 56.02 55.01 56.98 56.50 0 274600.00 274600.00
28/08/2008 57.35 56.13 57.70 57.70 0 275600.00 275600.00
29/08/2008 57.80 57.07 58.75 58.15 0 811100.00 811100.00
01/09/2008 57.79 56.22 57.89 56.92 0 311100.00 311100.00
02/09/2008 56.15 55.76 56.99 56.96 0 386200.00 386200.00
03/09/2008 56.99 54.55 57.61 57.00 0 485700.00 485700.00
04/09/2008 56.04 53.80 56.96 53.80 0 916400.00 916400.00
05/09/2008 52.80 52.80 55.32 55.00 0 680000.00 680000.00
08/09/2008 57.00 53.61 57.91 55.80 0 654200.00 654200.00
09/09/2008 54.85 51.00 55.80 52.01 0 904400.00 904400.00
10/09/2008 53.00 51.60 54.99 53.30 0 576000.00 576000.00
11/09/2008 52.39 50.53 54.20 54.20 0 564100.00 564100.00
12/09/2008 53.50 51.80 53.90 53.84 0 537100.00 537100.00
15/09/2008 50.50 48.70 51.90 49.30 0 614500.00 614500.00
16/09/2008 48.70 45.66 48.70 47.35 0 767000.00 767000.00
17/09/2008 45.60 41.22 46.44 42.10 0 1215400.00 1215400.00
18/09/2008 42.34 38.40 42.80 42.80 0 1908100.00 1908100.00
19/09/2008 46.50 46.50 50.00 50.00 0 1363000.00 1363000.00
22/09/2008 50.47 45.62 50.79 47.20 0 685200.00 685200.00
23/09/2008 46.00 42.82 46.90 43.78 0 1125700.00 1125700.00
24/09/2008 44.49 41.70 44.89 43.80 0 780700.00 780700.00
25/09/2008 43.91 43.30 47.30 47.30 0 950300.00 950300.00
26/09/2008 45.77 44.98 48.50 48.50 0 594400.00 594400.00
29/09/2008 46.50 37.50 46.72 41.30 0 861100.00 861100.00
30/09/2008 41.40 40.99 45.94 45.94 0 817400.00 817400.00
01/10/2008 45.50 42.64 47.20 47.20 0 522000.00 522000.00
02/10/2008 45.79 39.64 46.48 42.10 0 1489700.00 1489700.00
03/10/2008 43.61 39.00 43.61 39.00 0 1012500.00 1012500.00
06/10/2008 33.99 29.84 35.00 31.98 0 1293700.00 1293700.00
07/10/2008 31.49 27.10 32.00 27.13 0 2614300.00 2614300.00
08/10/2008 24.81 23.01 26.50 25.00 0 3125800.00 3125800.00
09/10/2008 26.35 23.40 26.40 24.49 0 1996400.00 1996400.00
10/10/2008 22.00 19.54 23.50 22.60 0 1413300.00 1413300.00
13/10/2008 24.15 23.89 28.77 28.50 0 1438700.00 1438700.00
14/10/2008 30.05 28.80 31.86 30.80 0 1281700.00 1281700.00
15/10/2008 29.10 23.01 30.50 24.43 0 911400.00 911400.00
16/10/2008 25.15 21.80 25.49 23.60 0 1647500.00 1647500.00
17/10/2008 23.57 22.86 25.88 24.45 0 974000.00 974000.00
20/10/2008 24.50 24.45 27.70 27.70 0 685800.00 685800.00
21/10/2008 26.88 26.11 29.50 28.60 0 596500.00 596500.00
22/10/2008 26.50 24.00 27.30 24.31 0 813800.00 813800.00
23/10/2008 23.20 22.13 25.50 23.40 0 815100.00 815100.00
24/10/2008 21.95 19.20 21.95 20.90 0 544700.00 544700.00
27/10/2008 20.60 19.00 21.65 20.80 0 726100.00 726100.00
28/10/2008 22.28 20.26 25.50 25.50 0 642700.00 642700.00
29/10/2008 26.00 24.56 27.79 26.30 0 815000.00 815000.00
30/10/2008 27.30 26.40 28.99 28.00 0 843700.00 843700.00
31/10/2008 27.50 26.50 29.20 27.80 0 643800.00 643800.00
03/11/2008 28.08 27.61 29.41 28.35 0 458700.00 458700.00
04/11/2008 28.73 28.73 30.90 30.77 0 574700.00 574700.00
05/11/2008 30.22 29.40 31.44 30.00 0 648700.00 648700.00
06/11/2008 29.95 27.61 30.17 29.10 0 453600.00 453600.00
07/11/2008 29.80 28.51 30.69 28.75 0 976200.00 976200.00
10/11/2008 29.76 25.70 30.40 27.11 0 653700.00 653700.00
11/11/2008 26.28 24.92 28.59 28.35 0 662300.00 662300.00
12/11/2008 27.30 25.61 27.30 25.90 0 868700.00 868700.00
13/11/2008 25.87 24.85 27.28 26.89 0 623400.00 623400.00
14/11/2008 27.10 25.15 27.10 26.80 0 408500.00 408500.00
17/11/2008 26.01 25.31 27.80 27.60 0 351000.00 351000.00
18/11/2008 26.20 26.00 27.49 26.00 0 613900.00 613900.00
19/11/2008 26.01 25.39 26.84 25.49 0 691300.00 691300.00
21/11/2008 24.00 22.37 24.99 23.00 0 530000.00 530000.00
24/11/2008 23.68 23.12 24.47 23.55 0 779000.00 779000.00
25/11/2008 23.10 22.91 24.24 24.00 0 767200.00 767200.00
26/11/2008 23.80 23.60 25.39 24.99 0 911000.00 911000.00
27/11/2008 24.56 24.49 25.78 24.49 0 225500.00 225500.00
28/11/2008 24.49 24.01 26.19 24.01 0 713600.00 713600.00
01/12/2008 23.50 22.56 23.68 23.68 0 290000.00 290000.00
02/12/2008 23.99 22.40 23.99 22.80 0 817200.00 817200.00
03/12/2008 22.90 21.03 22.90 21.30 0 664600.00 664600.00
04/12/2008 21.71 20.38 21.71 20.54 0 1171900.00 1171900.00
05/12/2008 20.70 19.78 22.35 22.35 0 982500.00 982500.00
08/12/2008 23.40 23.03 24.81 24.66 0 772700.00 772700.00
09/12/2008 24.29 23.95 24.75 24.40 0 622900.00 622900.00
10/12/2008 24.61 24.51 25.34 24.85 0 722100.00 722100.00
11/12/2008 24.60 24.40 27.12 26.40 0 848000.00 848000.00
12/12/2008 25.50 25.10 28.49 28.20 0 602700.00 602700.00
15/12/2008 28.17 25.15 28.30 25.60 0 675200.00 675200.00
16/12/2008 26.00 25.22 26.35 26.00 0 714900.00 714900.00
17/12/2008 26.12 23.53 26.12 23.80 0 1403900.00 1403900.00
18/12/2008 24.28 23.15 24.35 23.20 0 491100.00 491100.00
19/12/2008 23.30 21.90 23.30 22.20 0 715700.00 715700.00
22/12/2008 22.30 22.00 22.98 22.26 0 308800.00 308800.00
23/12/2008 22.35 21.90 22.95 21.90 0 295200.00 295200.00
26/12/2008 22.00 21.90 22.50 22.31 0 172200.00 172200.00
29/12/2008 22.35 22.00 22.50 22.35 0 224800.00 224800.00
30/12/2008 22.50 22.50 23.80 23.80 0 949300.00 949300.00
02/01/2009 23.75 23.30 24.57 24.57 0 351000.00 351000.00
05/01/2009 24.50 23.46 25.00 25.00 0 805200.00 805200.00
06/01/2009 25.00 23.55 25.08 24.04 0 974300.00 974300.00
07/01/2009 23.55 23.10 23.88 23.40 0 747900.00 747900.00
08/01/2009 23.27 22.90 24.50 24.20 0 863000.00 863000.00
09/01/2009 24.00 23.85 24.59 23.99 0 988600.00 988600.00
12/01/2009 23.69 22.90 24.30 24.10 0 461100.00 461100.00
13/01/2009 23.49 23.39 24.50 24.20 0 530100.00 530100.00
14/01/2009 23.85 22.60 23.85 23.29 0 1171000.00 1171000.00
15/01/2009 23.29 22.68 24.00 23.99 0 538300.00 538300.00
16/01/2009 23.99 23.52 24.25 24.00 0 573200.00 573200.00
19/01/2009 24.05 23.33 24.15 23.90 0 296000.00 296000.00
20/01/2009 23.59 23.51 24.50 24.38 0 635600.00 635600.00
21/01/2009 24.29 24.16 25.34 25.34 0 430100.00 430100.00
22/01/2009 25.16 23.95 25.47 24.80 0 636400.00 636400.00
23/01/2009 24.16 23.61 25.14 24.60 0 582900.00 582900.00
26/01/2009 24.57 24.20 24.90 24.20 0 406900.00 406900.00
27/01/2009 24.10 23.91 24.59 24.39 0 506200.00 506200.00
28/01/2009 25.11 24.45 25.11 24.99 0 425800.00 425800.00
29/01/2009 24.73 24.50 24.95 24.85 0 198400.00 198400.00
30/01/2009 24.49 24.49 25.14 24.85 0 340500.00 340500.00
02/02/2009 24.16 23.58 24.36 23.75 0 551600.00 551600.00
03/02/2009 23.69 23.15 23.92 23.46 0 741300.00 741300.00
04/02/2009 23.30 22.26 23.30 22.30 0 1546100.00 1546100.00
05/02/2009 22.37 21.91 23.00 22.79 0 669900.00 669900.00
06/02/2009 22.75 22.40 23.95 23.90 0 674400.00 674400.00
09/02/2009 23.49 22.70 23.55 22.80 0 639400.00 639400.00
10/02/2009 22.83 21.75 23.03 21.95 0 851500.00 851500.00
11/02/2009 21.99 21.41 22.77 22.38 0 524200.00 524200.00
12/02/2009 22.05 21.71 22.40 22.09 0 1785900.00 1785900.00
13/02/2009 22.48 21.93 22.48 22.15 0 516100.00 516100.00
16/02/2009 21.97 21.63 22.12 22.12 0 265600.00 265600.00
17/02/2009 21.46 21.03 21.46 21.20 0 454700.00 454700.00
18/02/2009 21.44 21.12 21.44 21.30 0 480500.00 480500.00
19/02/2009 21.53 21.34 21.64 21.49 0 155300.00 155300.00
20/02/2009 21.15 20.80 21.55 21.53 0 364000.00 364000.00
25/02/2009 21.29 20.62 21.50 21.36 0 206300.00 206300.00
26/02/2009 21.48 20.75 21.50 21.00 0 414700.00 414700.00
27/02/2009 20.65 20.48 21.36 21.36 0 492400.00 492400.00
02/03/2009 20.73 20.01 20.87 20.68 0 530500.00 530500.00
03/03/2009 21.15 20.12 21.15 20.50 0 739300.00 739300.00
04/03/2009 21.09 20.34 21.09 20.85 0 480200.00 480200.00
05/03/2009 20.30 20.01 20.69 20.30 0 229900.00 229900.00
06/03/2009 20.18 19.52 20.44 19.80 0 616500.00 616500.00
09/03/2009 19.30 19.30 19.85 19.69 0 586900.00 586900.00
10/03/2009 19.98 19.98 22.20 22.00 0 749400.00 749400.00
11/03/2009 22.22 21.90 23.10 22.30 0 1012800.00 1012800.00
12/03/2009 22.35 22.00 23.56 23.00 0 1180700.00 1180700.00
13/03/2009 23.11 21.57 23.40 22.00 0 1616800.00 1616800.00
16/03/2009 22.49 21.34 22.79 21.84 0 821100.00 821100.00
17/03/2009 21.71 21.41 23.30 23.30 0 318600.00 318600.00
