09/08/2007 2.84 2.25 3.01 2.32 0 1281900.00 1281900.00
10/08/2007 2.31 2.10 2.31 2.23 0 1116100.00 1116100.00
13/08/2007 2.32 2.31 2.82 2.46 0 578400.00 578400.00
14/08/2007 2.60 2.40 2.69 2.45 0 348400.00 348400.00
15/08/2007 2.40 1.94 2.40 2.10 0 1224900.00 1224900.00
16/08/2007 2.00 1.65 2.00 1.79 0 625000.00 625000.00
17/08/2007 2.02 1.80 2.05 1.88 0 2122700.00 2122700.00
20/08/2007 1.93 1.77 1.95 1.79 0 977800.00 977800.00
21/08/2007 1.80 1.72 1.91 1.89 0 2064100.00 2064100.00
22/08/2007 2.00 2.00 2.13 2.10 0 1308500.00 1308500.00
23/08/2007 2.16 2.10 2.28 2.18 0 983000.00 983000.00
24/08/2007 2.18 2.18 2.70 2.65 0 3978700.00 3978700.00
27/08/2007 2.65 2.45 2.65 2.46 0 614500.00 614500.00
28/08/2007 2.39 2.31 2.40 2.33 0 856400.00 856400.00
29/08/2007 2.37 2.37 2.50 2.40 0 512000.00 512000.00
30/08/2007 2.42 2.31 2.42 2.33 0 897800.00 897800.00
31/08/2007 2.44 2.37 2.47 2.40 0 994000.00 994000.00
03/09/2007 2.42 2.33 2.42 2.39 0 350800.00 350800.00
04/09/2007 2.37 2.33 2.41 2.37 0 422600.00 422600.00
05/09/2007 2.36 2.24 2.36 2.28 0 595000.00 595000.00
06/09/2007 2.28 2.25 2.31 2.26 0 550300.00 550300.00
07/09/2007 2.26 2.26 2.26 2.26 0 0.00 0.00
10/09/2007 2.22 2.13 2.25 2.25 0 214100.00 214100.00
11/09/2007 2.26 2.25 2.31 2.27 0 153200.00 153200.00
12/09/2007 2.28 2.24 2.33 2.25 0 652200.00 652200.00
13/09/2007 2.28 2.21 2.28 2.27 0 258600.00 258600.00
14/09/2007 2.23 2.23 2.29 2.28 0 171700.00 171700.00
17/09/2007 2.24 2.24 2.30 2.29 0 343100.00 343100.00
18/09/2007 2.25 2.22 2.43 2.36 0 499400.00 499400.00
19/09/2007 2.37 2.25 2.40 2.27 0 430100.00 430100.00
20/09/2007 2.29 2.18 2.32 2.24 0 718500.00 718500.00
21/09/2007 2.30 2.25 2.30 2.27 0 473400.00 473400.00
24/09/2007 2.29 2.26 2.29 2.29 0 174900.00 174900.00
25/09/2007 2.25 2.25 2.33 2.30 0 238700.00 238700.00
26/09/2007 2.30 2.27 2.38 2.28 0 735000.00 735000.00
27/09/2007 2.27 2.25 2.30 2.30 0 719700.00 719700.00
28/09/2007 2.28 2.26 2.35 2.33 0 998000.00 998000.00
01/10/2007 2.32 2.29 2.35 2.32 0 273300.00 273300.00
02/10/2007 2.30 2.27 2.32 2.28 0 386400.00 386400.00
03/10/2007 2.30 2.26 2.31 2.27 0 766000.00 766000.00
04/10/2007 2.30 2.24 2.32 2.25 0 158600.00 158600.00
05/10/2007 2.29 2.23 2.30 2.29 0 338300.00 338300.00
08/10/2007 2.29 2.25 2.30 2.27 0 197900.00 197900.00
09/10/2007 2.27 2.25 2.30 2.25 0 405000.00 405000.00
10/10/2007 2.25 2.21 2.29 2.21 0 426500.00 426500.00
11/10/2007 2.22 2.22 2.38 2.32 0 5102600.00 5102600.00
12/10/2007 2.32 2.32 2.32 2.32 0 0.00 0.00
15/10/2007 2.38 2.29 2.39 2.35 0 323800.00 323800.00
16/10/2007 2.30 2.28 2.34 2.31 0 256900.00 256900.00
17/10/2007 2.31 2.29 2.40 2.39 0 568000.00 568000.00
18/10/2007 2.37 2.32 2.39 2.37 0 216500.00 216500.00
19/10/2007 2.39 2.32 2.41 2.37 0 532500.00 532500.00
22/10/2007 11.90 11.72 11.90 11.83 0 166100.00 166100.00
23/10/2007 11.91 11.85 12.25 12.14 0 356800.00 356800.00
24/10/2007 12.24 11.60 12.29 11.85 0 509400.00 509400.00
25/10/2007 12.00 11.85 12.17 12.01 0 328900.00 328900.00
26/10/2007 12.15 12.03 12.27 12.21 0 514100.00 514100.00
29/10/2007 12.25 12.25 12.76 12.76 0 803300.00 803300.00
30/10/2007 12.78 12.50 13.35 13.35 0 643500.00 643500.00
31/10/2007 13.39 13.39 13.90 13.70 0 473500.00 473500.00
01/11/2007 13.60 13.10 13.60 13.30 0 280200.00 280200.00
05/11/2007 13.00 12.80 13.40 13.19 0 291900.00 291900.00
06/11/2007 13.40 13.40 14.00 13.80 0 786300.00 786300.00
07/11/2007 13.41 13.41 14.15 13.50 0 241800.00 241800.00
08/11/2007 13.50 12.70 13.75 13.10 0 419400.00 419400.00
09/11/2007 13.09 12.70 13.19 13.19 0 417400.00 417400.00
12/11/2007 13.50 13.00 13.74 13.39 0 162000.00 162000.00
13/11/2007 13.40 13.40 14.00 13.90 0 921000.00 921000.00
14/11/2007 13.84 13.84 14.39 14.25 0 421300.00 421300.00
16/11/2007 14.50 13.50 14.50 14.13 0 787900.00 787900.00
19/11/2007 14.00 13.70 14.10 13.90 0 1564700.00 1564700.00
21/11/2007 13.20 12.81 13.60 13.20 0 374200.00 374200.00
22/11/2007 13.10 12.70 13.32 12.70 0 135600.00 135600.00
23/11/2007 12.71 12.15 13.00 13.00 0 291100.00 291100.00
26/11/2007 13.00 12.40 13.00 12.60 0 159000.00 159000.00
27/11/2007 12.50 12.40 13.10 12.85 0 72800.00 72800.00
28/11/2007 13.00 12.80 13.20 12.90 0 196200.00 196200.00
29/11/2007 12.89 12.89 13.50 13.20 0 339000.00 339000.00
30/11/2007 13.30 13.00 13.30 13.22 0 138800.00 138800.00
03/12/2007 13.30 12.91 13.49 13.10 0 263400.00 263400.00
04/12/2007 12.90 12.72 13.15 13.00 0 310600.00 310600.00
05/12/2007 13.10 12.51 13.30 12.75 0 154800.00 154800.00
06/12/2007 12.97 12.76 13.20 13.15 0 118700.00 118700.00
07/12/2007 13.15 12.87 13.15 12.99 0 155700.00 155700.00
10/12/2007 12.75 12.52 13.08 12.80 0 141100.00 141100.00
11/12/2007 12.70 12.52 13.13 12.80 0 208700.00 208700.00
12/12/2007 12.90 12.56 13.10 12.75 0 351100.00 351100.00
13/12/2007 12.51 12.01 12.51 12.50 0 84900.00 84900.00
14/12/2007 12.20 12.00 12.64 12.35 0 180600.00 180600.00
17/12/2007 11.98 11.41 12.07 11.84 0 367500.00 367500.00
18/12/2007 11.85 11.12 11.90 11.90 0 637700.00 637700.00
19/12/2007 11.90 11.50 11.90 11.80 0 143900.00 143900.00
20/12/2007 12.00 11.80 12.00 12.00 0 115400.00 115400.00
21/12/2007 11.80 11.80 12.19 12.00 0 215500.00 215500.00
26/12/2007 11.99 11.80 12.75 12.45 0 262200.00 262200.00
27/12/2007 12.45 11.80 12.45 12.11 0 238800.00 238800.00
28/12/2007 12.15 11.95 12.48 12.01 0 276900.00 276900.00
02/01/2008 11.56 11.56 12.49 12.40 0 994700.00 994700.00
03/01/2008 12.20 11.85 12.50 12.29 0 144600.00 144600.00
04/01/2008 12.00 11.61 12.29 12.19 0 305500.00 305500.00
07/01/2008 12.00 11.81 12.19 12.15 0 110200.00 110200.00
08/01/2008 12.10 11.75 12.30 11.95 0 675500.00 675500.00
09/01/2008 12.00 11.80 12.30 12.29 0 131400.00 131400.00
10/01/2008 12.30 11.90 12.37 12.19 0 497300.00 497300.00
11/01/2008 12.07 11.79 12.30 11.95 0 64800.00 64800.00
14/01/2008 11.95 11.85 12.25 12.00 0 198900.00 198900.00
15/01/2008 11.67 11.40 11.94 11.60 0 393800.00 393800.00
16/01/2008 11.85 11.50 11.85 11.70 0 142500.00 142500.00
17/01/2008 11.79 11.00 11.79 11.67 0 112600.00 112600.00
18/01/2008 11.70 11.50 11.99 11.74 0 168400.00 168400.00
21/01/2008 11.20 10.91 11.50 11.32 0 205400.00 205400.00
22/01/2008 11.32 10.80 11.50 11.08 0 249700.00 249700.00
23/01/2008 11.08 9.97 11.08 10.90 0 1017600.00 1017600.00
24/01/2008 10.90 10.66 11.48 11.40 0 451800.00 451800.00
28/01/2008 11.40 10.45 11.41 11.20 0 587100.00 587100.00
29/01/2008 11.17 11.00 11.55 11.48 0 2204600.00 2204600.00
30/01/2008 11.39 11.21 11.75 11.40 0 395600.00 395600.00
31/01/2008 11.08 10.82 11.40 11.00 0 217400.00 217400.00
01/02/2008 11.10 11.03 11.39 11.25 0 576300.00 576300.00
06/02/2008 11.49 10.65 11.49 10.90 0 274700.00 274700.00
07/02/2008 10.89 10.81 11.09 11.08 0 938800.00 938800.00
08/02/2008 10.96 10.71 11.09 10.85 0 840900.00 840900.00
11/02/2008 10.87 10.87 11.39 11.05 0 310100.00 310100.00
12/02/2008 11.30 11.00 11.59 11.10 0 135700.00 135700.00
13/02/2008 11.29 11.12 11.55 11.12 0 257100.00 257100.00
14/02/2008 11.13 11.01 11.40 11.10 0 406600.00 406600.00
15/02/2008 10.90 10.80 11.20 11.05 0 121800.00 121800.00
18/02/2008 11.12 11.07 11.46 11.30 0 92500.00 92500.00
19/02/2008 11.23 11.16 11.54 11.20 0 269300.00 269300.00
20/02/2008 10.90 10.90 11.38 11.25 0 1046000.00 1046000.00
21/02/2008 11.45 11.00 11.48 11.10 0 215100.00 215100.00
22/02/2008 11.32 11.04 11.39 11.39 0 1458300.00 1458300.00
25/02/2008 11.06 11.06 11.44 11.44 0 610300.00 610300.00
26/02/2008 11.14 11.14 11.62 11.59 0 156600.00 156600.00
27/02/2008 11.32 11.32 11.75 11.73 0 120500.00 120500.00
28/02/2008 11.57 11.41 11.75 11.50 0 125900.00 125900.00
29/02/2008 11.36 11.13 11.58 11.35 0 320200.00 320200.00
03/03/2008 11.30 11.20 11.74 11.60 0 123800.00 123800.00
04/03/2008 11.41 11.12 11.59 11.40 0 189100.00 189100.00
05/03/2008 11.50 11.16 11.54 11.29 0 135200.00 135200.00
06/03/2008 11.20 10.93 11.39 11.10 0 117100.00 117100.00
07/03/2008 10.80 10.77 11.19 11.00 0 73000.00 73000.00
10/03/2008 10.93 10.78 11.09 10.90 0 582900.00 582900.00
11/03/2008 11.21 11.01 11.32 11.20 0 82600.00 82600.00
12/03/2008 10.91 10.91 11.34 11.01 0 57800.00 57800.00
13/03/2008 10.75 10.53 11.19 10.95 0 60700.00 60700.00
14/03/2008 11.24 10.50 11.24 10.70 0 188400.00 188400.00
18/03/2008 10.70 10.62 11.00 10.87 0 225500.00 225500.00
19/03/2008 11.04 10.26 11.20 10.40 0 333900.00 333900.00
20/03/2008 10.21 9.98 10.50 10.30 0 466400.00 466400.00
25/03/2008 10.36 9.96 10.36 10.30 0 88300.00 88300.00
26/03/2008 10.41 9.99 10.49 10.13 0 98500.00 98500.00
27/03/2008 10.34 10.05 10.34 10.15 0 83600.00 83600.00
28/03/2008 10.01 9.73 10.14 9.85 0 65400.00 65400.00
31/03/2008 9.71 9.10 9.71 9.65 0 207300.00 207300.00
01/04/2008 9.89 9.51 9.89 9.85 0 539200.00 539200.00
02/04/2008 10.04 9.77 10.10 9.95 0 153600.00 153600.00
03/04/2008 9.99 9.81 10.13 10.10 0 275500.00 275500.00
04/04/2008 10.14 9.95 10.19 10.19 0 264900.00 264900.00
07/04/2008 10.20 10.10 10.34 10.20 0 79400.00 79400.00
08/04/2008 10.19 9.80 10.36 10.25 0 367000.00 367000.00
09/04/2008 10.01 10.00 10.37 10.29 0 120500.00 120500.00
10/04/2008 10.29 10.02 10.29 10.24 0 232800.00 232800.00
11/04/2008 10.42 9.90 10.42 10.00 0 442400.00 442400.00
14/04/2008 9.95 9.75 9.95 9.95 0 82600.00 82600.00
15/04/2008 10.00 9.91 10.18 9.99 0 21200.00 21200.00
16/04/2008 10.09 9.86 10.28 10.15 0 203300.00 203300.00
17/04/2008 10.06 9.95 10.19 10.08 0 19500.00 19500.00
18/04/2008 10.15 10.00 10.35 10.30 0 31900.00 31900.00
22/04/2008 10.30 10.11 10.39 10.39 0 36400.00 36400.00
23/04/2008 10.36 10.08 10.36 10.25 0 41900.00 41900.00
24/04/2008 10.03 10.03 10.25 10.21 0 1056800.00 1056800.00
25/04/2008 10.11 10.11 10.49 10.35 0 154100.00 154100.00
28/04/2008 10.45 10.25 10.75 10.25 0 1225100.00 1225100.00
29/04/2008 10.16 10.15 10.49 10.49 0 1018000.00 1018000.00
30/04/2008 10.59 10.37 10.89 10.64 0 363500.00 363500.00
02/05/2008 10.68 10.65 12.20 12.20 0 241800.00 241800.00
05/05/2008 12.20 12.20 12.50 12.35 0 230300.00 230300.00
06/05/2008 12.20 12.00 12.45 12.15 0 170500.00 170500.00
07/05/2008 11.80 11.40 12.08 11.70 0 232900.00 232900.00
08/05/2008 11.43 11.43 12.10 12.10 0 72300.00 72300.00
09/05/2008 12.24 11.66 12.24 12.10 0 29000.00 29000.00
12/05/2008 12.09 11.84 12.20 12.08 0 83300.00 83300.00
13/05/2008 12.29 11.70 12.29 11.97 0 71800.00 71800.00
14/05/2008 12.19 11.74 12.19 11.84 0 42700.00 42700.00
15/05/2008 11.99 11.76 12.08 12.00 0 136300.00 136300.00
16/05/2008 12.01 11.83 12.49 12.49 0 55800.00 55800.00
19/05/2008 12.44 11.90 12.50 12.20 0 145400.00 145400.00
20/05/2008 11.96 11.96 12.29 12.00 0 44500.00 44500.00
21/05/2008 11.71 11.52 11.89 11.80 0 285000.00 285000.00
23/05/2008 11.95 11.02 11.95 11.19 0 156900.00 156900.00
26/05/2008 11.26 10.81 11.29 10.99 0 52800.00 52800.00
27/05/2008 10.85 10.50 11.05 10.71 0 287600.00 287600.00
28/05/2008 10.71 10.53 11.43 11.18 0 102400.00 102400.00
29/05/2008 11.00 10.80 11.39 11.00 0 290200.00 290200.00
30/05/2008 11.19 10.90 11.21 11.20 0 213300.00 213300.00
02/06/2008 10.91 10.33 11.00 10.91 0 152200.00 152200.00
03/06/2008 10.71 10.71 11.08 11.08 0 123000.00 123000.00
04/06/2008 10.84 10.83 11.70 11.50 0 105200.00 105200.00
05/06/2008 11.75 11.35 11.75 11.41 0 69300.00 69300.00
06/06/2008 11.42 11.06 11.53 11.17 0 67300.00 67300.00
10/06/2008 11.27 10.97 11.60 11.40 0 70800.00 70800.00
11/06/2008 11.08 11.02 11.49 11.40 0 48200.00 48200.00
12/06/2008 11.21 11.08 11.49 11.40 0 68600.00 68600.00
13/06/2008 11.40 11.08 11.40 11.15 0 44800.00 44800.00
16/06/2008 11.14 11.00 11.54 11.20 0 94400.00 94400.00
17/06/2008 11.46 11.15 11.57 11.40 0 113700.00 113700.00
18/06/2008 11.39 11.10 11.49 11.40 0 153100.00 153100.00
19/06/2008 11.50 10.90 11.50 11.00 0 59500.00 59500.00
20/06/2008 10.99 10.50 11.07 10.80 0 98300.00 98300.00
23/06/2008 10.50 10.50 11.00 10.95 0 142400.00 142400.00
24/06/2008 11.05 11.05 11.37 11.35 0 37200.00 37200.00
25/06/2008 11.35 11.06 11.43 11.06 0 52600.00 52600.00
26/06/2008 10.91 10.43 11.17 10.60 0 118900.00 118900.00
27/06/2008 10.58 10.50 11.00 10.98 0 134300.00 134300.00
30/06/2008 10.70 10.70 11.09 10.75 0 26300.00 26300.00
01/07/2008 10.84 9.90 10.84 10.24 0 195900.00 195900.00
02/07/2008 10.11 9.95 10.23 10.00 0 172100.00 172100.00
03/07/2008 10.25 9.00 10.25 10.00 0 303500.00 303500.00
04/07/2008 9.80 9.51 9.90 9.75 0 106700.00 106700.00
07/07/2008 9.55 9.51 10.00 9.68 0 78600.00 78600.00
08/07/2008 9.68 9.51 9.98 9.88 0 171700.00 171700.00
10/07/2008 9.88 9.53 10.49 10.46 0 124200.00 124200.00
11/07/2008 10.45 10.00 10.53 10.10 0 90000.00 90000.00
14/07/2008 10.15 9.96 10.28 9.99 0 87900.00 87900.00
15/07/2008 10.08 9.72 10.75 10.65 0 163300.00 163300.00
16/07/2008 10.85 10.29 10.98 10.90 0 116100.00 116100.00
17/07/2008 11.14 10.65 11.16 11.00 0 113400.00 113400.00
18/07/2008 10.71 10.25 11.00 10.79 0 81200.00 81200.00
21/07/2008 11.10 10.91 11.39 11.39 0 85800.00 85800.00
22/07/2008 11.15 10.57 11.29 11.00 0 134900.00 134900.00
23/07/2008 11.14 10.97 11.36 11.10 0 111100.00 111100.00
24/07/2008 11.10 10.75 11.34 11.00 0 99600.00 99600.00
25/07/2008 10.79 10.78 11.25 11.10 0 219100.00 219100.00
28/07/2008 11.10 10.52 11.25 11.10 0 66200.00 66200.00
29/07/2008 10.91 10.90 11.24 11.23 0 77100.00 77100.00
30/07/2008 11.36 11.02 11.36 11.28 0 98300.00 98300.00
31/07/2008 11.01 10.71 11.27 10.98 0 282500.00 282500.00
01/08/2008 10.70 10.41 10.85 10.68 0 92900.00 92900.00
04/08/2008 10.51 10.12 10.70 10.40 0 70100.00 70100.00
05/08/2008 10.40 10.15 10.80 10.49 0 407600.00 407600.00
06/08/2008 10.70 10.46 10.99 10.60 0 169900.00 169900.00
07/08/2008 10.60 10.35 10.80 10.50 0 581600.00 581600.00
08/08/2008 10.19 10.19 10.50 10.50 0 35500.00 35500.00
11/08/2008 10.65 10.26 10.70 10.40 0 193500.00 193500.00
12/08/2008 10.40 10.15 10.49 10.15 0 382200.00 382200.00
13/08/2008 10.11 10.01 10.46 10.25 0 748800.00 748800.00
14/08/2008 10.17 10.01 10.47 10.10 0 57300.00 57300.00
15/08/2008 10.10 9.38 10.38 9.75 0 67200.00 67200.00
18/08/2008 9.66 9.37 9.85 9.61 0 81900.00 81900.00
19/08/2008 9.59 9.33 10.39 10.10 0 100700.00 100700.00
20/08/2008 10.27 9.72 10.35 10.10 0 130500.00 130500.00
21/08/2008 9.96 9.65 9.97 9.80 0 101300.00 101300.00
22/08/2008 9.82 9.51 9.94 9.80 0 85800.00 85800.00
25/08/2008 9.80 9.61 10.05 9.80 0 230100.00 230100.00
26/08/2008 9.80 9.60 9.89 9.61 0 57900.00 57900.00
27/08/2008 9.82 9.26 9.85 9.60 0 96200.00 96200.00
28/08/2008 9.75 9.30 9.75 9.59 0 210200.00 210200.00
29/08/2008 9.51 9.10 9.51 9.31 0 705600.00 705600.00
01/09/2008 9.16 9.16 9.71 9.61 0 177000.00 177000.00
02/09/2008 9.60 9.40 9.70 9.55 0 42200.00 42200.00
03/09/2008 9.55 9.40 9.89 9.70 0 132600.00 132600.00
04/09/2008 9.52 9.25 9.52 9.42 0 74900.00 74900.00
05/09/2008 9.60 9.09 9.60 9.50 0 68800.00 68800.00
08/09/2008 9.51 9.38 9.75 9.49 0 30600.00 30600.00
09/09/2008 9.49 9.20 9.49 9.20 0 63900.00 63900.00
10/09/2008 9.10 9.10 9.40 9.39 0 6600.00 6600.00
11/09/2008 9.23 9.11 9.54 9.52 0 18000.00 18000.00
12/09/2008 9.40 9.40 9.75 9.72 0 43300.00 43300.00
15/09/2008 9.64 9.50 9.64 9.54 0 44400.00 44400.00
16/09/2008 9.18 8.75 9.20 8.75 0 84200.00 84200.00
17/09/2008 8.77 8.00 8.77 8.22 0 183400.00 183400.00
18/09/2008 8.79 7.65 8.79 8.00 0 56500.00 56500.00
19/09/2008 8.16 8.16 9.75 9.30 0 43500.00 43500.00
22/09/2008 9.00 8.54 9.29 9.05 0 71500.00 71500.00
23/09/2008 9.05 8.45 9.05 8.45 0 30100.00 30100.00
24/09/2008 8.98 8.00 8.98 8.12 0 62900.00 62900.00
25/09/2008 8.00 7.94 8.36 8.00 0 34100.00 34100.00
26/09/2008 6.40 6.40 8.00 8.00 0 305300.00 305300.00
29/09/2008 7.05 7.05 7.61 7.59 0 28200.00 28200.00
30/09/2008 7.76 7.76 8.35 8.00 0 63600.00 63600.00
01/10/2008 7.90 7.64 8.25 8.25 0 114100.00 114100.00
02/10/2008 8.40 7.75 8.40 8.00 0 28900.00 28900.00
03/10/2008 7.98 7.55 8.10 7.79 0 27100.00 27100.00
06/10/2008 6.50 6.50 7.56 7.10 0 111500.00 111500.00
07/10/2008 7.11 6.98 7.25 7.00 0 34400.00 34400.00
08/10/2008 6.51 6.00 6.51 6.00 0 61400.00 61400.00
09/10/2008 6.02 6.00 6.48 6.00 0 13000.00 13000.00
10/10/2008 5.50 4.75 5.50 5.45 0 135000.00 135000.00
13/10/2008 5.71 5.50 5.81 5.80 0 37200.00 37200.00
14/10/2008 6.50 5.90 6.50 6.25 0 13000.00 13000.00
15/10/2008 5.90 5.90 6.10 6.00 0 209500.00 209500.00
16/10/2008 5.90 5.80 5.90 5.80 0 1100.00 1100.00
17/10/2008 5.69 5.69 6.15 6.12 0 6000.00 6000.00
20/10/2008 6.05 6.05 6.40 6.40 0 48500.00 48500.00
21/10/2008 6.38 6.38 6.99 6.99 0 47500.00 47500.00
22/10/2008 6.50 6.01 6.50 6.28 0 54300.00 54300.00
23/10/2008 6.00 5.82 6.20 6.00 0 7000.00 7000.00
24/10/2008 6.00 5.40 6.00 5.45 0 9500.00 9500.00
27/10/2008 5.35 5.20 5.35 5.20 0 3000.00 3000.00
28/10/2008 5.20 4.90 5.38 4.93 0 38600.00 38600.00
29/10/2008 4.95 4.95 5.25 5.19 0 112500.00 112500.00
30/10/2008 5.45 5.40 5.50 5.40 0 148400.00 148400.00
31/10/2008 5.49 5.02 5.50 5.50 0 66200.00 66200.00
03/11/2008 5.30 5.30 5.49 5.30 0 5200.00 5200.00
04/11/2008 5.60 5.30 5.60 5.30 0 1800.00 1800.00
05/11/2008 5.30 4.96 5.30 5.07 0 147700.00 147700.00
06/11/2008 4.70 4.70 5.00 4.90 0 102300.00 102300.00
07/11/2008 4.85 4.85 5.00 5.00 0 73800.00 73800.00
10/11/2008 5.20 5.01 5.20 5.19 0 40300.00 40300.00
11/11/2008 5.10 4.95 5.10 5.04 0 50400.00 50400.00
12/11/2008 5.10 5.02 5.25 5.24 0 266500.00 266500.00
13/11/2008 5.40 5.20 5.60 5.60 0 107500.00 107500.00
14/11/2008 5.71 5.50 5.71 5.54 0 69500.00 69500.00
17/11/2008 5.39 5.39 5.59 5.59 0 9600.00 9600.00
18/11/2008 5.40 5.40 5.50 5.40 0 0.00 0.00
19/11/2008 5.40 5.37 5.54 5.37 0 583900.00 583900.00
21/11/2008 5.40 5.10 5.40 5.10 0 104000.00 104000.00
24/11/2008 5.40 5.25 5.80 5.80 0 124600.00 124600.00
25/11/2008 5.68 5.30 5.68 5.30 0 10400.00 10400.00
26/11/2008 5.40 5.40 5.63 5.63 0 12400.00 12400.00
27/11/2008 5.35 5.33 5.57 5.57 0 8300.00 8300.00
28/11/2008 5.41 5.41 5.89 5.85 0 51100.00 51100.00
01/12/2008 5.85 5.85 5.99 5.97 0 61700.00 61700.00
02/12/2008 6.00 5.83 6.03 5.83 0 29700.00 29700.00
03/12/2008 5.89 5.89 6.10 6.00 0 61000.00 61000.00
04/12/2008 5.87 5.87 6.09 6.09 0 15400.00 15400.00
05/12/2008 5.99 5.82 6.08 6.08 0 39800.00 39800.00
08/12/2008 6.02 6.02 6.17 6.06 0 62500.00 62500.00
09/12/2008 6.00 6.00 6.25 6.10 0 103200.00 103200.00
10/12/2008 5.93 5.86 6.20 6.20 0 27100.00 27100.00
11/12/2008 6.00 6.00 6.20 6.15 0 34800.00 34800.00
12/12/2008 6.15 6.15 6.20 6.20 0 32600.00 32600.00
15/12/2008 6.20 6.00 6.25 6.01 0 34100.00 34100.00
16/12/2008 6.00 6.00 6.50 6.50 0 10200.00 10200.00
17/12/2008 6.50 6.11 6.50 6.11 0 18500.00 18500.00
18/12/2008 6.15 6.15 6.50 6.50 0 29000.00 29000.00
19/12/2008 6.50 6.40 6.70 6.70 0 28300.00 28300.00
22/12/2008 6.68 6.60 6.68 6.60 0 400.00 400.00
23/12/2008 6.58 6.13 6.58 6.13 0 7800.00 7800.00
26/12/2008 6.53 6.52 7.10 6.89 0 67800.00 67800.00
29/12/2008 6.53 6.11 6.60 6.34 0 28600.00 28600.00
30/12/2008 6.52 6.02 6.80 6.02 0 255400.00 255400.00
02/01/2009 6.19 6.19 6.70 6.70 0 33900.00 33900.00
05/01/2009 6.34 6.34 6.48 6.45 0 44500.00 44500.00
06/01/2009 6.62 6.62 6.94 6.80 0 40000.00 40000.00
07/01/2009 6.70 6.51 6.95 6.70 0 23300.00 23300.00
08/01/2009 6.39 6.39 6.69 6.69 0 186800.00 186800.00
09/01/2009 6.59 6.43 6.60 6.46 0 35400.00 35400.00
12/01/2009 6.41 6.40 6.45 6.41 0 22800.00 22800.00
13/01/2009 6.35 6.27 6.41 6.40 0 44800.00 44800.00
14/01/2009 6.22 6.22 6.41 6.24 0 37300.00 37300.00
15/01/2009 6.24 6.24 6.50 6.40 0 26000.00 26000.00
16/01/2009 6.40 6.40 6.58 6.55 0 16500.00 16500.00
19/01/2009 6.37 6.37 6.56 6.56 0 700.00 700.00
20/01/2009 6.40 6.26 6.58 6.40 0 22900.00 22900.00
21/01/2009 6.21 6.21 6.55 6.55 0 32500.00 32500.00
22/01/2009 6.41 6.38 6.41 6.38 0 221300.00 221300.00
23/01/2009 6.20 6.20 6.31 6.25 0 21200.00 21200.00
26/01/2009 6.40 6.36 6.40 6.40 0 34400.00 34400.00
27/01/2009 6.35 6.25 6.35 6.30 0 86600.00 86600.00
28/01/2009 6.45 6.30 6.45 6.40 0 7900.00 7900.00
29/01/2009 6.40 6.20 6.40 6.25 0 124500.00 124500.00
30/01/2009 6.35 6.00 6.35 6.00 0 643700.00 643700.00
02/02/2009 6.01 5.90 6.01 5.95 0 60000.00 60000.00
03/02/2009 5.98 5.98 6.00 6.00 0 27700.00 27700.00
04/02/2009 6.17 5.92 6.40 6.40 0 189600.00 189600.00
05/02/2009 6.33 6.25 6.40 6.40 0 117400.00 117400.00
06/02/2009 6.22 6.22 6.45 6.45 0 47300.00 47300.00
09/02/2009 6.30 6.30 6.40 6.40 0 200.00 200.00
10/02/2009 6.02 6.02 6.44 6.02 0 0.00 0.00
11/02/2009 6.50 6.32 6.50 6.32 0 400.00 400.00
12/02/2009 6.05 6.05 6.49 6.05 0 0.00 0.00
13/02/2009 6.40 6.40 6.40 6.40 0 600.00 600.00
16/02/2009 6.38 6.38 6.38 6.38 0 7000.00 7000.00
18/02/2009 6.38 6.03 6.38 6.03 0 190700.00 190700.00
19/02/2009 6.05 6.05 6.05 6.05 0 1300.00 1300.00
20/02/2009 6.02 6.00 6.10 6.00 0 44700.00 44700.00
25/02/2009 5.88 5.88 6.00 5.90 0 31600.00 31600.00
26/02/2009 5.90 5.90 6.30 6.30 0 27400.00 27400.00
27/02/2009 5.96 5.96 6.10 6.01 0 50900.00 50900.00
02/03/2009 6.00 5.80 6.00 5.81 0 44000.00 44000.00
03/03/2009 5.91 5.91 6.00 5.91 0 0.00 0.00
04/03/2009 5.99 5.95 6.00 5.95 0 105200.00 105200.00
05/03/2009 5.99 5.99 5.99 5.99 0 100.00 100.00
06/03/2009 6.10 6.05 6.20 6.20 0 33700.00 33700.00
09/03/2009 6.01 6.01 6.01 6.01 0 100.00 100.00
10/03/2009 5.85 5.70 5.99 5.99 0 59000.00 59000.00
11/03/2009 6.00 6.00 6.24 6.19 0 62400.00 62400.00
12/03/2009 6.01 5.87 6.01 5.94 0 11200.00 11200.00
13/03/2009 6.10 6.08 6.15 6.15 0 64100.00 64100.00
16/03/2009 5.98 5.95 6.09 6.00 0 203100.00 203100.00
17/03/2009 5.95 5.95 6.30 6.27 0 70200.00 70200.00
