01/02/2002 4.75 4.44 4.75 4.44 0 313600.00 313600.00
04/02/2002 4.44 4.43 4.45 4.45 0 512800.00 512800.00
05/02/2002 4.45 4.45 4.45 4.45 0 286800.00 286800.00
06/02/2002 4.46 4.46 4.47 4.47 0 424400.00 424400.00
07/02/2002 4.47 4.47 4.47 4.47 0 367600.00 367600.00
08/02/2002 4.50 4.47 4.50 4.47 0 154000.00 154000.00
11/02/2002 4.47 4.47 4.47 4.47 0 0.00 0.00
12/02/2002 4.47 4.47 4.47 4.47 0 0.00 0.00
13/02/2002 4.47 4.47 4.47 4.47 0 9600.00 9600.00
14/02/2002 4.47 4.40 4.47 4.40 0 58800.00 58800.00
15/02/2002 4.40 4.31 4.40 4.31 0 50800.00 50800.00
18/02/2002 4.32 4.32 4.75 4.32 0 0.00 0.00
19/02/2002 4.32 4.31 4.32 4.31 0 74400.00 74400.00
20/02/2002 4.31 4.22 4.31 4.22 0 41200.00 41200.00
21/02/2002 4.25 4.25 4.28 4.25 0 196800.00 196800.00
22/02/2002 4.23 4.00 4.23 4.00 0 1389600.00 1389600.00
25/02/2002 4.25 4.25 4.25 4.25 0 1267600.00 1267600.00
26/02/2002 4.14 4.14 4.30 4.14 0 0.00 0.00
27/02/2002 4.31 4.28 4.31 4.28 0 2800.00 2800.00
28/02/2002 4.28 4.28 4.28 4.28 0 0.00 0.00
01/03/2002 4.38 4.38 4.38 4.38 0 185600.00 185600.00
04/03/2002 4.25 4.25 4.50 4.25 0 0.00 0.00
05/03/2002 4.34 4.34 4.34 4.34 0 337600.00 337600.00
06/03/2002 4.38 4.38 4.38 4.38 0 10000.00 10000.00
07/03/2002 4.31 4.31 4.38 4.38 0 40400.00 40400.00
08/03/2002 4.31 4.31 4.38 4.38 0 79600.00 79600.00
11/03/2002 4.25 4.25 4.37 4.25 0 0.00 0.00
12/03/2002 4.31 4.31 4.37 4.31 0 0.00 0.00
13/03/2002 4.37 4.37 4.37 4.37 0 400.00 400.00
14/03/2002 4.32 4.32 4.37 4.32 0 0.00 0.00
15/03/2002 4.25 4.25 4.38 4.25 0 0.00 0.00
18/03/2002 4.25 4.25 4.37 4.25 0 0.00 0.00
19/03/2002 4.25 4.25 4.37 4.25 0 0.00 0.00
20/03/2002 4.25 4.00 4.25 4.12 0 3134000.00 3134000.00
21/03/2002 4.12 4.06 4.13 4.06 0 112400.00 112400.00
22/03/2002 4.09 4.09 4.09 4.09 0 800.00 800.00
25/03/2002 4.09 4.09 4.09 4.09 0 23200.00 23200.00
26/03/2002 4.00 4.00 4.25 4.00 0 0.00 0.00
27/03/2002 4.03 4.00 4.03 4.00 0 795600.00 795600.00
28/03/2002 3.88 3.88 4.00 3.88 0 0.00 0.00
29/03/2002 3.88 3.88 3.88 3.88 0 0.00 0.00
01/04/2002 3.75 3.75 4.00 3.75 0 0.00 0.00
02/04/2002 3.75 3.75 4.00 3.75 0 0.00 0.00
03/04/2002 4.00 4.00 4.00 4.00 0 20000.00 20000.00
04/04/2002 4.00 4.00 4.00 4.00 0 367200.00 367200.00
05/04/2002 4.00 4.00 4.00 4.00 0 400.00 400.00
08/04/2002 4.00 4.00 4.00 4.00 0 0.00 0.00
09/04/2002 3.88 3.88 4.47 3.88 0 0.00 0.00
10/04/2002 4.00 4.00 4.00 4.00 0 32400.00 32400.00
11/04/2002 4.00 4.00 4.00 4.00 0 7600.00 7600.00
12/04/2002 4.00 4.00 4.25 4.00 0 0.00 0.00
15/04/2002 3.88 3.88 4.40 3.88 0 0.00 0.00
16/04/2002 4.25 4.25 4.25 4.25 0 19200.00 19200.00
17/04/2002 4.25 4.25 4.25 4.25 0 20000.00 20000.00
18/04/2002 4.25 4.25 4.31 4.31 0 76400.00 76400.00
19/04/2002 4.31 4.31 4.31 4.31 0 85600.00 85600.00
22/04/2002 4.31 4.31 4.31 4.31 0 4000.00 4000.00
23/04/2002 3.88 3.88 4.32 3.88 0 0.00 0.00
24/04/2002 4.31 4.31 4.31 4.31 0 400.00 400.00
25/04/2002 4.25 4.25 4.25 4.25 0 80000.00 80000.00
26/04/2002 4.50 4.38 4.50 4.38 0 94400.00 94400.00
29/04/2002 4.00 4.00 4.38 4.00 0 0.00 0.00
30/04/2002 4.12 4.12 4.38 4.12 0 0.00 0.00
01/05/2002 4.12 4.12 4.12 4.12 0 0.00 0.00
02/05/2002 4.38 4.30 4.38 4.30 0 1310400.00 1310400.00
03/05/2002 4.25 4.25 4.31 4.31 0 13600.00 13600.00
06/05/2002 4.25 4.25 4.25 4.25 0 2000.00 2000.00
07/05/2002 4.30 4.29 4.30 4.30 0 20000.00 20000.00
08/05/2002 3.88 3.88 4.12 3.88 0 0.00 0.00
09/05/2002 4.12 4.12 4.12 4.12 0 2000.00 2000.00
10/05/2002 3.88 3.88 4.30 3.88 0 0.00 0.00
13/05/2002 4.00 4.00 4.25 4.00 0 0.00 0.00
14/05/2002 4.25 4.25 4.25 4.25 0 17600.00 17600.00
15/05/2002 3.88 3.88 4.18 3.88 0 0.00 0.00
16/05/2002 3.88 3.88 4.15 3.88 0 0.00 0.00
17/05/2002 4.00 4.00 4.00 4.00 0 21200.00 21200.00
20/05/2002 4.00 4.00 4.00 4.00 0 7600.00 7600.00
21/05/2002 4.00 4.00 4.00 4.00 0 4000.00 4000.00
22/05/2002 3.90 3.90 4.00 3.90 0 0.00 0.00
23/05/2002 3.95 3.95 3.95 3.95 0 5200.00 5200.00
24/05/2002 3.95 3.88 3.95 3.88 0 27200.00 27200.00
27/05/2002 3.75 3.75 4.25 3.75 0 0.00 0.00
28/05/2002 3.88 3.88 3.89 3.88 0 463200.00 463200.00
29/05/2002 4.12 4.12 4.12 4.12 0 2000.00 2000.00
30/05/2002 4.12 4.12 4.12 4.12 0 0.00 0.00
31/05/2002 4.12 4.00 4.12 4.00 0 309600.00 309600.00
03/06/2002 4.00 4.00 4.00 4.00 0 3200.00 3200.00
04/06/2002 3.88 3.88 4.30 3.88 0 0.00 0.00
05/06/2002 3.75 3.75 4.12 3.75 0 0.00 0.00
06/06/2002 4.25 4.25 4.25 4.25 0 9600.00 9600.00
07/06/2002 3.75 3.75 4.25 3.75 0 0.00 0.00
10/06/2002 4.12 4.12 4.12 4.12 0 249600.00 249600.00
11/06/2002 3.75 3.75 4.50 3.75 0 0.00 0.00
12/06/2002 3.75 3.75 4.22 3.75 0 0.00 0.00
13/06/2002 3.75 3.75 4.25 3.75 0 0.00 0.00
14/06/2002 3.75 3.75 3.75 3.75 0 822400.00 822400.00
17/06/2002 3.75 3.75 4.25 3.75 0 0.00 0.00
18/06/2002 3.62 3.62 4.25 3.62 0 0.00 0.00
19/06/2002 3.62 3.62 4.25 3.62 0 0.00 0.00
20/06/2002 3.62 3.62 4.25 3.62 0 0.00 0.00
21/06/2002 3.62 3.62 4.25 3.62 0 0.00 0.00
24/06/2002 3.50 3.50 4.00 3.50 0 0.00 0.00
25/06/2002 3.50 3.50 4.25 3.50 0 0.00 0.00
26/06/2002 3.50 3.50 4.25 3.50 0 0.00 0.00
27/06/2002 4.12 4.12 4.12 4.12 0 12000.00 12000.00
28/06/2002 3.50 3.50 4.12 3.50 0 0.00 0.00
01/07/2002 3.88 3.88 4.00 3.88 0 0.00 0.00
02/07/2002 3.50 3.50 4.07 3.50 0 0.00 0.00
03/07/2002 3.50 3.50 3.99 3.50 0 0.00 0.00
04/07/2002 3.88 3.88 3.88 3.88 0 800.00 800.00
05/07/2002 3.50 3.50 3.87 3.50 0 0.00 0.00
08/07/2002 3.76 3.76 3.76 3.76 0 20800.00 20800.00
09/07/2002 3.76 3.76 3.76 3.76 0 0.00 0.00
10/07/2002 3.75 3.25 3.75 3.25 0 1204000.00 1204000.00
11/07/2002 2.50 2.50 4.50 2.50 0 0.00 0.00
12/07/2002 3.25 3.20 3.25 3.20 0 12000.00 12000.00
15/07/2002 3.14 3.14 3.30 3.14 0 0.00 0.00
16/07/2002 3.12 3.12 3.15 3.12 0 63600.00 63600.00
17/07/2002 3.25 3.25 3.25 3.25 0 40400.00 40400.00
18/07/2002 3.12 3.06 3.12 3.06 0 42000.00 42000.00
19/07/2002 3.06 3.06 3.06 3.06 0 400.00 400.00
22/07/2002 3.06 3.06 3.25 3.06 0 0.00 0.00
23/07/2002 3.00 3.00 3.62 3.00 0 0.00 0.00
24/07/2002 3.25 3.25 3.25 3.25 0 400.00 400.00
25/07/2002 3.25 3.12 3.25 3.12 0 10800.00 10800.00
26/07/2002 3.03 3.00 3.03 3.00 0 1200.00 1200.00
29/07/2002 2.50 2.50 3.62 2.50 0 0.00 0.00
30/07/2002 2.76 2.76 3.00 2.76 0 0.00 0.00
31/07/2002 3.00 3.00 3.00 3.00 0 400.00 400.00
01/08/2002 2.88 2.88 3.00 2.88 0 0.00 0.00
02/08/2002 3.00 3.00 3.00 3.00 0 800.00 800.00
05/08/2002 2.88 2.88 3.00 2.88 0 0.00 0.00
06/08/2002 2.88 2.03 2.88 2.20 0 2083600.00 2083600.00
07/08/2002 2.22 2.22 2.38 2.30 0 65200.00 65200.00
08/08/2002 2.25 2.25 2.25 2.25 0 15200.00 15200.00
09/08/2002 2.25 2.25 2.25 2.25 0 8000.00 8000.00
12/08/2002 0.50 0.50 2.37 0.50 0 0.00 0.00
13/08/2002 2.12 2.12 2.25 2.12 0 0.00 0.00
14/08/2002 2.15 2.15 2.15 2.15 0 3600.00 3600.00
15/08/2002 2.12 2.12 2.12 2.12 0 19600.00 19600.00
16/08/2002 2.17 2.12 2.17 2.12 0 48400.00 48400.00
19/08/2002 2.05 2.05 2.25 2.05 0 0.00 0.00
20/08/2002 2.25 2.25 2.25 2.25 0 3200.00 3200.00
21/08/2002 2.05 1.94 2.05 1.94 0 24400.00 24400.00
22/08/2002 1.90 1.88 1.90 1.88 0 8800.00 8800.00
23/08/2002 1.75 1.75 2.00 1.75 0 0.00 0.00
26/08/2002 1.84 1.84 2.13 1.84 0 0.00 0.00
27/08/2002 2.13 2.12 2.13 2.12 0 4400.00 4400.00
28/08/2002 2.12 2.12 2.12 2.12 0 64000.00 64000.00
29/08/2002 2.22 2.22 2.34 2.34 0 18400.00 18400.00
30/08/2002 2.37 2.37 2.37 2.37 0 12000.00 12000.00
02/09/2002 2.03 2.03 2.37 2.03 0 0.00 0.00
03/09/2002 2.00 2.00 2.38 2.00 0 0.00 0.00
04/09/2002 2.38 2.36 2.38 2.38 0 80800.00 80800.00
05/09/2002 2.00 2.00 3.00 2.00 0 0.00 0.00
06/09/2002 2.38 2.38 2.38 2.38 0 12800.00 12800.00
09/09/2002 2.00 2.00 2.38 2.00 0 0.00 0.00
10/09/2002 2.00 2.00 3.25 2.00 0 0.00 0.00
11/09/2002 2.03 2.03 2.50 2.03 0 0.00 0.00
12/09/2002 2.08 2.08 2.50 2.08 0 0.00 0.00
13/09/2002 2.12 2.12 2.47 2.12 0 0.00 0.00
16/09/2002 2.00 2.00 2.50 2.00 0 0.00 0.00
17/09/2002 2.37 2.25 2.37 2.25 0 2800.00 2800.00
18/09/2002 2.00 2.00 2.25 2.00 0 0.00 0.00
19/09/2002 2.00 1.91 2.00 2.00 0 62800.00 62800.00
20/09/2002 2.00 2.00 2.00 2.00 0 800.00 800.00
23/09/2002 1.75 1.75 2.00 1.75 0 0.00 0.00
24/09/2002 1.92 1.92 2.00 2.00 0 84000.00 84000.00
25/09/2002 2.00 1.78 2.00 1.78 0 2886000.00 2886000.00
26/09/2002 1.79 1.77 1.79 1.77 0 3200.00 3200.00
27/09/2002 1.70 1.65 1.70 1.65 0 42800.00 42800.00
30/09/2002 1.65 1.65 1.65 1.65 0 1200.00 1200.00
01/10/2002 1.65 1.65 1.65 1.65 0 206400.00 206400.00
02/10/2002 1.67 1.65 1.67 1.65 0 6000.00 6000.00
03/10/2002 1.65 1.65 1.65 1.65 0 4000.00 4000.00
04/10/2002 1.50 1.50 1.65 1.50 0 0.00 0.00
07/10/2002 1.50 1.50 1.65 1.50 0 0.00 0.00
08/10/2002 1.50 1.50 1.65 1.50 0 0.00 0.00
09/10/2002 1.67 1.67 1.67 1.67 0 400.00 400.00
10/10/2002 1.65 1.65 1.65 1.65 0 400.00 400.00
11/10/2002 1.62 1.55 1.62 1.55 0 4400.00 4400.00
14/10/2002 1.55 1.55 1.55 1.55 0 8000.00 8000.00
15/10/2002 1.51 1.50 1.51 1.50 0 44000.00 44000.00
16/10/2002 0.75 0.75 1.50 0.75 0 0.00 0.00
17/10/2002 1.47 1.47 1.47 1.47 0 137200.00 137200.00
18/10/2002 1.47 1.46 1.47 1.47 0 100400.00 100400.00
21/10/2002 1.46 1.46 1.46 1.46 0 4000.00 4000.00
22/10/2002 1.38 1.38 1.47 1.38 0 0.00 0.00
23/10/2002 1.47 1.38 1.47 1.40 0 345600.00 345600.00
24/10/2002 1.40 1.40 1.40 1.40 0 104000.00 104000.00
25/10/2002 1.38 1.33 1.50 1.35 0 1000400.00 1000400.00
28/10/2002 1.45 1.45 1.45 1.45 0 4800.00 4800.00
29/10/2002 1.50 1.44 1.62 1.44 0 2800.00 2800.00
30/10/2002 1.40 1.40 1.50 1.40 0 0.00 0.00
31/10/2002 1.39 1.39 1.50 1.39 0 0.00 0.00
01/11/2002 1.50 1.50 1.50 1.50 0 800.00 800.00
04/11/2002 1.50 1.50 1.50 1.50 0 400.00 400.00
05/11/2002 1.44 1.44 1.65 1.44 0 0.00 0.00
06/11/2002 1.44 1.44 1.65 1.44 0 0.00 0.00
07/11/2002 1.42 1.42 1.52 1.50 0 33200.00 33200.00
08/11/2002 1.52 1.52 1.52 1.52 0 400.00 400.00
11/11/2002 1.65 1.65 1.75 1.73 0 406800.00 406800.00
12/11/2002 1.80 1.80 1.80 1.80 0 2000.00 2000.00
13/11/2002 1.80 1.80 1.84 1.83 0 399600.00 399600.00
14/11/2002 1.83 1.83 1.83 1.83 0 184000.00 184000.00
15/11/2002 1.83 1.83 1.83 1.83 0 0.00 0.00
18/11/2002 1.83 1.83 1.83 1.83 0 120000.00 120000.00
19/11/2002 1.83 1.50 1.83 1.50 0 4403200.00 4403200.00
20/11/2002 1.62 1.58 1.62 1.58 0 28000.00 28000.00
21/11/2002 1.62 1.62 1.62 1.62 0 12000.00 12000.00
22/11/2002 1.52 1.52 1.52 1.52 0 47600.00 47600.00
25/11/2002 1.66 1.62 1.66 1.62 0 86400.00 86400.00
26/11/2002 1.62 1.62 1.65 1.64 0 24400.00 24400.00
27/11/2002 1.67 1.67 1.71 1.71 0 76000.00 76000.00
28/11/2002 1.70 1.65 1.70 1.70 0 124000.00 124000.00
29/11/2002 1.75 1.67 1.75 1.69 0 32400.00 32400.00
02/12/2002 1.50 1.50 1.71 1.50 0 0.00 0.00
03/12/2002 1.71 1.62 1.71 1.62 0 10400.00 10400.00
04/12/2002 1.67 1.60 1.67 1.60 0 4400.00 4400.00
05/12/2002 1.50 1.50 1.56 1.52 0 1606400.00 1606400.00
06/12/2002 1.61 1.61 1.62 1.62 0 20800.00 20800.00
09/12/2002 1.55 1.52 1.55 1.52 0 2800.00 2800.00
10/12/2002 1.60 1.50 1.60 1.50 0 44000.00 44000.00
11/12/2002 1.60 1.59 1.60 1.59 0 374000.00 374000.00
12/12/2002 1.59 1.59 1.60 1.60 0 88000.00 88000.00
13/12/2002 1.60 1.60 1.62 1.61 0 105600.00 105600.00
16/12/2002 1.65 1.63 1.65 1.63 0 6000.00 6000.00
17/12/2002 1.67 1.62 1.67 1.66 0 12800.00 12800.00
18/12/2002 1.56 1.50 1.65 1.65 0 8000.00 8000.00
19/12/2002 1.65 1.65 1.68 1.68 0 18400.00 18400.00
20/12/2002 1.71 1.70 1.71 1.70 0 157200.00 157200.00
23/12/2002 1.70 1.70 1.73 1.73 0 210800.00 210800.00
24/12/2002 1.73 1.73 1.73 1.73 0 0.00 0.00
25/12/2002 1.73 1.73 1.73 1.73 0 0.00 0.00
26/12/2002 1.73 1.73 1.75 1.75 0 6000.00 6000.00
27/12/2002 1.77 1.77 1.85 1.85 0 1600.00 1600.00
30/12/2002 1.83 1.83 1.85 1.85 0 5600.00 5600.00
31/12/2002 1.85 1.85 1.85 1.85 0 0.00 0.00
01/01/2003 1.85 1.85 1.85 1.85 0 0.00 0.00
02/01/2003 1.80 1.80 1.80 1.80 0 400.00 400.00
03/01/2003 1.90 1.80 1.90 1.85 0 34000.00 34000.00
06/01/2003 1.85 1.85 1.89 1.89 0 220000.00 220000.00
07/01/2003 1.90 1.90 1.90 1.90 0 5200.00 5200.00
08/01/2003 1.92 1.90 1.92 1.90 0 16000.00 16000.00
09/01/2003 1.92 1.91 1.92 1.91 0 20800.00 20800.00
10/01/2003 1.91 1.90 1.92 1.90 0 108800.00 108800.00
13/01/2003 1.90 1.88 1.90 1.88 0 82000.00 82000.00
14/01/2003 1.88 1.88 1.90 1.90 0 62000.00 62000.00
15/01/2003 1.85 1.85 1.92 1.92 0 170000.00 170000.00
16/01/2003 1.99 1.97 1.99 1.97 0 800.00 800.00
17/01/2003 1.88 1.88 1.88 1.88 0 1200.00 1200.00
20/01/2003 1.75 1.75 1.95 1.75 0 0.00 0.00
21/01/2003 1.88 1.88 1.88 1.88 0 12000.00 12000.00
22/01/2003 1.86 1.83 1.86 1.83 0 4000.00 4000.00
23/01/2003 1.91 1.88 1.92 1.88 0 48800.00 48800.00
24/01/2003 1.88 1.83 1.88 1.83 0 4400.00 4400.00
27/01/2003 1.86 1.86 1.86 1.86 0 400.00 400.00
28/01/2003 1.88 1.88 1.88 1.88 0 400.00 400.00
29/01/2003 1.86 1.86 1.88 1.88 0 5200.00 5200.00
30/01/2003 1.90 1.85 1.90 1.85 0 1200.00 1200.00
31/01/2003 1.91 1.85 1.92 1.88 0 14000.00 14000.00
03/02/2003 1.76 1.76 1.92 1.76 0 0.00 0.00
04/02/2003 1.86 1.86 1.86 1.86 0 800.00 800.00
05/02/2003 1.87 1.87 1.88 1.88 0 10000.00 10000.00
06/02/2003 1.88 1.88 1.88 1.88 0 11200.00 11200.00
07/02/2003 1.88 1.77 1.88 1.86 0 4649600.00 4649600.00
10/02/2003 1.86 1.86 1.86 1.86 0 400.00 400.00
11/02/2003 1.86 1.86 1.86 1.86 0 20000.00 20000.00
12/02/2003 1.85 1.83 1.85 1.83 0 136000.00 136000.00
13/02/2003 1.77 1.75 1.77 1.75 0 10800.00 10800.00
14/02/2003 1.62 1.62 1.77 1.62 0 0.00 0.00
17/02/2003 1.75 1.75 1.75 1.75 0 400.00 400.00
18/02/2003 1.62 1.62 1.75 1.62 0 0.00 0.00
19/02/2003 1.75 1.75 1.75 1.75 0 20000.00 20000.00
20/02/2003 1.62 1.62 2.00 1.62 0 0.00 0.00
21/02/2003 1.75 1.75 1.75 1.75 0 260000.00 260000.00
24/02/2003 1.62 1.62 1.75 1.62 0 0.00 0.00
25/02/2003 1.62 1.62 1.70 1.70 0 6400.00 6400.00
26/02/2003 1.73 1.73 1.73 1.73 0 4000.00 4000.00
27/02/2003 1.67 1.67 1.73 1.73 0 5200.00 5200.00
28/02/2003 1.75 1.75 1.75 1.75 0 142800.00 142800.00
03/03/2003 1.75 1.75 1.75 1.75 0 0.00 0.00
04/03/2003 1.75 1.75 1.75 1.75 0 0.00 0.00
05/03/2003 1.57 1.57 1.78 1.57 0 0.00 0.00
06/03/2003 1.75 1.75 1.75 1.75 0 18000.00 18000.00
07/03/2003 1.79 1.79 1.79 1.79 0 4000.00 4000.00
10/03/2003 1.83 1.80 1.83 1.80 0 4400.00 4400.00
11/03/2003 1.80 1.80 1.81 1.81 0 376000.00 376000.00
12/03/2003 1.80 1.80 1.83 1.83 0 40000.00 40000.00
13/03/2003 1.83 1.83 1.85 1.83 0 265600.00 265600.00
14/03/2003 1.85 1.83 1.85 1.84 0 120400.00 120400.00
17/03/2003 1.84 1.84 1.84 1.84 0 400.00 400.00
18/03/2003 1.84 1.84 1.84 1.84 0 252800.00 252800.00
19/03/2003 1.85 1.85 1.85 1.85 0 5600.00 5600.00
20/03/2003 1.83 1.81 1.84 1.84 0 29600.00 29600.00
21/03/2003 1.81 1.81 1.81 1.81 0 57200.00 57200.00
24/03/2003 1.86 1.86 1.86 1.86 0 4000.00 4000.00
25/03/2003 1.80 1.80 1.97 1.80 0 0.00 0.00
26/03/2003 1.86 1.86 1.88 1.88 0 132000.00 132000.00
27/03/2003 1.85 1.85 1.90 1.85 0 0.00 0.00
28/03/2003 1.88 1.88 1.91 1.91 0 214400.00 214400.00
31/03/2003 1.85 1.85 1.91 1.85 0 0.00 0.00
01/04/2003 1.92 1.91 1.92 1.92 0 158400.00 158400.00
02/04/2003 1.95 1.92 1.95 1.95 0 113600.00 113600.00
03/04/2003 1.95 1.95 1.95 1.95 0 8000.00 8000.00
04/04/2003 1.95 1.95 1.99 1.99 0 225200.00 225200.00
07/04/2003 2.14 2.08 2.15 2.12 0 185600.00 185600.00
08/04/2003 2.10 2.10 2.12 2.12 0 43200.00 43200.00
09/04/2003 2.12 2.03 2.12 2.03 0 242800.00 242800.00
10/04/2003 2.05 2.00 2.05 2.03 0 144800.00 144800.00
11/04/2003 2.03 2.03 2.03 2.03 0 4400.00 4400.00
14/04/2003 2.05 2.05 2.10 2.10 0 112000.00 112000.00
15/04/2003 2.12 2.12 2.12 2.12 0 26800.00 26800.00
16/04/2003 2.15 2.15 2.25 2.24 0 508400.00 508400.00
17/04/2003 2.29 2.28 2.29 2.28 0 28000.00 28000.00
18/04/2003 2.28 2.28 2.28 2.28 0 0.00 0.00
21/04/2003 2.28 2.28 2.28 2.28 0 0.00 0.00
22/04/2003 2.25 2.25 2.25 2.25 0 360400.00 360400.00
23/04/2003 2.25 2.20 2.25 2.20 0 32000.00 32000.00
24/04/2003 2.20 2.20 2.20 2.20 0 23600.00 23600.00
25/04/2003 2.15 2.15 2.28 2.28 0 39200.00 39200.00
28/04/2003 2.22 2.22 2.22 2.22 0 44000.00 44000.00
29/04/2003 2.29 2.29 2.30 2.30 0 131200.00 131200.00
30/04/2003 2.28 2.25 2.28 2.25 0 16400.00 16400.00
01/05/2003 2.25 2.25 2.25 2.25 0 0.00 0.00
02/05/2003 2.28 2.28 2.35 2.28 0 0.00 0.00
05/05/2003 2.30 2.29 2.31 2.29 0 30400.00 30400.00
06/05/2003 2.30 2.30 2.30 2.30 0 22000.00 22000.00
07/05/2003 2.35 2.35 2.38 2.38 0 52800.00 52800.00
08/05/2003 2.38 2.38 2.40 2.40 0 124000.00 124000.00
09/05/2003 2.45 2.45 2.58 2.55 0 181200.00 181200.00
12/05/2003 2.55 2.50 2.56 2.54 0 65200.00 65200.00
13/05/2003 2.55 2.50 2.75 2.55 0 84000.00 84000.00
14/05/2003 2.55 2.50 2.55 2.55 0 50400.00 50400.00
15/05/2003 2.45 2.45 2.50 2.50 0 48000.00 48000.00
16/05/2003 2.55 2.46 2.55 2.46 0 12000.00 12000.00
19/05/2003 2.40 2.40 2.50 2.50 0 102000.00 102000.00
20/05/2003 2.38 2.38 2.38 2.38 0 64000.00 64000.00
21/05/2003 2.50 2.44 2.50 2.44 0 117600.00 117600.00
22/05/2003 2.50 2.50 2.50 2.50 0 4000.00 4000.00
23/05/2003 2.21 2.21 2.75 2.21 0 0.00 0.00
26/05/2003 2.45 2.45 2.45 2.45 0 4000.00 4000.00
27/05/2003 2.38 2.38 2.50 2.50 0 27200.00 27200.00
28/05/2003 2.50 2.50 2.53 2.53 0 62800.00 62800.00
29/05/2003 2.60 2.60 2.62 2.62 0 3200.00 3200.00
30/05/2003 2.70 2.62 2.70 2.62 0 7200.00 7200.00
02/06/2003 2.62 2.61 2.62 2.61 0 1600.00 1600.00
03/06/2003 2.61 2.60 2.61 2.60 0 12000.00 12000.00
04/06/2003 2.58 2.46 2.58 2.47 0 300400.00 300400.00
05/06/2003 2.50 2.46 2.50 2.46 0 11200.00 11200.00
06/06/2003 2.58 2.58 2.58 2.58 0 1200.00 1200.00
09/06/2003 2.29 2.29 2.57 2.29 0 0.00 0.00
10/06/2003 2.50 2.46 2.50 2.46 0 6000.00 6000.00
11/06/2003 2.46 2.46 2.46 2.46 0 18000.00 18000.00
12/06/2003 1.88 1.88 2.75 1.88 0 0.00 0.00
13/06/2003 2.46 2.45 2.46 2.45 0 200800.00 200800.00
16/06/2003 2.38 2.38 2.45 2.45 0 190800.00 190800.00
17/06/2003 2.45 2.35 2.45 2.45 0 24000.00 24000.00
18/06/2003 2.45 2.30 2.45 2.35 0 827600.00 827600.00
19/06/2003 2.35 2.35 2.35 2.35 0 0.00 0.00
20/06/2003 2.36 2.36 2.40 2.40 0 247600.00 247600.00
23/06/2003 2.40 2.30 2.40 2.40 0 12000.00 12000.00
24/06/2003 2.38 2.38 2.38 2.38 0 15200.00 15200.00
25/06/2003 2.33 2.20 2.33 2.20 0 205200.00 205200.00
26/06/2003 2.20 2.15 2.25 2.25 0 74000.00 74000.00
27/06/2003 2.25 2.25 2.25 2.25 0 55600.00 55600.00
30/06/2003 2.25 2.25 2.29 2.27 0 20800.00 20800.00
01/07/2003 2.25 2.25 2.33 2.33 0 30000.00 30000.00
02/07/2003 2.30 2.30 2.30 2.30 0 408000.00 408000.00
03/07/2003 2.32 2.32 2.32 2.32 0 12000.00 12000.00
04/07/2003 2.38 2.34 2.38 2.34 0 2400.00 2400.00
07/07/2003 2.38 2.25 2.38 2.30 0 217200.00 217200.00
08/07/2003 2.35 2.35 2.35 2.35 0 800.00 800.00
09/07/2003 2.35 2.35 2.35 2.35 0 0.00 0.00
10/07/2003 2.31 2.25 2.35 2.25 0 122800.00 122800.00
11/07/2003 2.26 2.26 2.33 2.33 0 6000.00 6000.00
14/07/2003 2.33 2.33 2.38 2.38 0 36800.00 36800.00
15/07/2003 2.38 2.38 2.38 2.38 0 17600.00 17600.00
16/07/2003 2.40 2.38 2.40 2.38 0 48000.00 48000.00
17/07/2003 2.38 2.37 2.40 2.40 0 70000.00 70000.00
18/07/2003 2.42 2.35 2.42 2.35 0 1076800.00 1076800.00
21/07/2003 2.38 2.36 2.38 2.36 0 94800.00 94800.00
22/07/2003 2.38 2.38 2.50 2.42 0 24800.00 24800.00
23/07/2003 2.42 2.38 2.42 2.38 0 46000.00 46000.00
24/07/2003 2.38 2.38 2.42 2.38 0 658000.00 658000.00
25/07/2003 2.42 2.42 2.42 2.42 0 2000.00 2000.00
28/07/2003 2.38 2.38 2.40 2.40 0 58400.00 58400.00
29/07/2003 2.40 2.38 2.40 2.38 0 204800.00 204800.00
30/07/2003 2.42 2.40 2.45 2.45 0 102400.00 102400.00
31/07/2003 2.45 2.45 2.45 2.45 0 400.00 400.00
01/08/2003 2.40 2.40 2.40 2.40 0 58400.00 58400.00
04/08/2003 2.33 2.33 2.39 2.38 0 1492000.00 1492000.00
05/08/2003 2.33 2.33 2.39 2.39 0 360000.00 360000.00
06/08/2003 2.38 2.38 2.39 2.39 0 1600.00 1600.00
07/08/2003 2.38 2.38 2.45 2.45 0 24800.00 24800.00
08/08/2003 2.35 2.35 2.35 2.35 0 121200.00 121200.00
11/08/2003 2.35 2.35 2.40 2.40 0 316400.00 316400.00
12/08/2003 2.40 2.40 2.40 2.40 0 221200.00 221200.00
13/08/2003 2.40 2.40 2.41 2.41 0 44400.00 44400.00
14/08/2003 2.41 2.41 2.45 2.45 0 146000.00 146000.00
15/08/2003 2.45 2.45 2.47 2.47 0 8400.00 8400.00
18/08/2003 2.50 2.50 2.50 2.50 0 17200.00 17200.00
19/08/2003 2.53 2.47 2.53 2.50 0 148800.00 148800.00
20/08/2003 2.50 2.45 2.50 2.47 0 49600.00 49600.00
21/08/2003 2.50 2.47 2.50 2.50 0 107200.00 107200.00
22/08/2003 2.50 2.50 2.50 2.50 0 16000.00 16000.00
25/08/2003 2.50 2.47 2.50 2.47 0 132800.00 132800.00
26/08/2003 2.47 2.47 2.47 2.47 0 92000.00 92000.00
27/08/2003 2.45 2.45 2.50 2.50 0 264000.00 264000.00
28/08/2003 2.50 2.50 3.00 2.75 0 1124800.00 1124800.00
29/08/2003 2.88 2.88 3.28 3.25 0 312400.00 312400.00
01/09/2003 3.35 3.27 3.50 3.50 0 387600.00 387600.00
02/09/2003 3.50 3.36 3.56 3.50 0 428000.00 428000.00
03/09/2003 3.50 3.50 3.68 3.61 0 291200.00 291200.00
04/09/2003 3.75 3.50 3.75 3.51 0 336000.00 336000.00
05/09/2003 3.60 3.53 3.62 3.55 0 292800.00 292800.00
08/09/2003 3.60 3.55 3.63 3.58 0 627200.00 627200.00
09/09/2003 3.58 3.53 3.59 3.56 0 673200.00 673200.00
10/09/2003 3.56 3.56 3.80 3.83 0 1935600.00 1935600.00
11/09/2003 3.83 3.83 4.12 3.99 0 1220400.00 1220400.00
12/09/2003 4.05 3.88 4.13 3.88 0 570800.00 570800.00
15/09/2003 4.07 3.90 4.07 3.93 0 444000.00 444000.00
16/09/2003 3.95 3.75 3.95 3.75 0 391200.00 391200.00
17/09/2003 3.75 3.75 3.86 3.77 0 341200.00 341200.00
18/09/2003 3.75 3.75 3.91 3.88 0 187200.00 187200.00
19/09/2003 3.91 3.74 3.97 3.75 0 420000.00 420000.00
22/09/2003 3.80 3.52 3.80 3.62 0 642000.00 642000.00
23/09/2003 3.60 3.53 3.61 3.56 0 323600.00 323600.00
24/09/2003 3.72 3.61 3.80 3.65 0 731200.00 731200.00
25/09/2003 3.75 3.62 3.75 3.65 0 467600.00 467600.00
26/09/2003 3.66 3.66 3.83 3.82 0 87600.00 87600.00
29/09/2003 3.85 3.75 3.85 3.81 0 266000.00 266000.00
30/09/2003 3.85 3.72 3.86 3.78 0 330400.00 330400.00
01/10/2003 3.78 3.78 3.94 3.94 0 135600.00 135600.00
02/10/2003 3.97 3.97 4.19 4.08 0 794400.00 794400.00
03/10/2003 4.03 4.03 4.25 4.10 0 584400.00 584400.00
06/10/2003 4.10 4.07 4.20 4.14 0 525600.00 525600.00
07/10/2003 4.14 4.10 4.17 4.15 0 679600.00 679600.00
08/10/2003 4.09 4.06 4.20 4.12 0 879600.00 879600.00
09/10/2003 4.18 3.80 4.38 3.89 0 739600.00 739600.00
10/10/2003 3.99 3.84 3.99 3.90 0 365600.00 365600.00
13/10/2003 3.90 3.81 3.95 3.89 0 320800.00 320800.00
14/10/2003 3.91 3.77 3.91 3.80 0 337600.00 337600.00
15/10/2003 3.79 3.60 3.79 3.65 0 572400.00 572400.00
16/10/2003 3.68 3.67 3.86 3.86 0 961200.00 961200.00
17/10/2003 3.76 3.75 3.94 3.93 0 252400.00 252400.00
20/10/2003 3.93 3.80 3.97 3.97 0 84000.00 84000.00
21/10/2003 4.00 3.98 4.04 4.01 0 301200.00 301200.00
22/10/2003 4.05 3.92 4.05 3.96 0 110000.00 110000.00
23/10/2003 3.83 3.81 3.94 3.87 0 79200.00 79200.00
24/10/2003 3.85 3.81 3.92 3.81 0 508800.00 508800.00
27/10/2003 3.80 3.80 4.01 4.00 0 351200.00 351200.00
28/10/2003 4.03 4.03 4.09 4.07 0 480400.00 480400.00
29/10/2003 4.06 4.04 4.18 4.15 0 627600.00 627600.00
30/10/2003 4.14 4.11 4.21 4.21 0 593200.00 593200.00
31/10/2003 4.21 4.20 4.30 4.30 0 1032800.00 1032800.00
03/11/2003 4.21 4.21 4.50 4.49 0 865600.00 865600.00
04/11/2003 4.50 4.50 4.70 4.66 0 608400.00 608400.00
05/11/2003 4.75 4.55 4.75 4.63 0 308800.00 308800.00
06/11/2003 4.62 4.50 4.62 4.59 0 264800.00 264800.00
07/11/2003 4.66 4.62 4.95 4.80 0 545600.00 545600.00
10/11/2003 4.79 4.79 4.97 4.90 0 244400.00 244400.00
11/11/2003 4.85 4.82 4.97 4.94 0 355600.00 355600.00
12/11/2003 4.97 4.97 5.25 5.06 0 931200.00 931200.00
13/11/2003 5.10 4.97 5.12 5.05 0 554400.00 554400.00
14/11/2003 5.03 4.93 5.11 5.00 0 180400.00 180400.00
17/11/2003 5.11 4.97 5.11 5.03 0 256800.00 256800.00
18/11/2003 5.05 5.04 5.10 5.10 0 166800.00 166800.00
19/11/2003 5.11 4.97 5.20 5.03 0 76800.00 76800.00
20/11/2003 5.12 4.88 5.12 5.07 0 213600.00 213600.00
21/11/2003 5.07 5.00 5.10 5.05 0 165600.00 165600.00
24/11/2003 5.01 4.90 5.10 5.05 0 104400.00 104400.00
25/11/2003 5.00 4.93 5.00 4.95 0 532000.00 532000.00
26/11/2003 4.97 4.97 5.09 5.09 0 274800.00 274800.00
27/11/2003 5.11 5.11 5.35 5.30 0 334000.00 334000.00
28/11/2003 5.32 5.32 5.51 5.49 0 382000.00 382000.00
01/12/2003 5.50 5.34 5.57 5.44 0 183200.00 183200.00
02/12/2003 5.43 5.40 5.51 5.50 0 269600.00 269600.00
03/12/2003 5.50 5.38 5.50 5.47 0 205600.00 205600.00
04/12/2003 5.45 5.28 5.49 5.45 0 605200.00 605200.00
05/12/2003 5.45 5.45 5.62 5.55 0 630400.00 630400.00
08/12/2003 5.55 5.45 5.62 5.53 0 423200.00 423200.00
09/12/2003 5.57 5.50 5.57 5.50 0 278000.00 278000.00
10/12/2003 5.53 5.53 5.59 5.57 0 448800.00 448800.00
11/12/2003 5.60 5.60 5.78 5.76 0 384000.00 384000.00
12/12/2003 5.78 5.75 5.87 5.82 0 217200.00 217200.00
15/12/2003 5.82 5.82 6.04 6.00 0 594800.00 594800.00
16/12/2003 6.01 5.90 6.01 6.00 0 144800.00 144800.00
17/12/2003 6.10 6.10 6.26 6.18 0 433600.00 433600.00
18/12/2003 6.26 6.26 6.75 6.50 0 304400.00 304400.00
19/12/2003 6.62 6.40 6.70 6.46 0 132400.00 132400.00
22/12/2003 6.53 6.32 6.53 6.43 0 271200.00 271200.00
23/12/2003 6.43 6.32 6.55 6.43 0 190000.00 190000.00
24/12/2003 6.43 6.43 6.43 6.43 0 0.00 0.00
25/12/2003 6.43 6.43 6.43 6.43 0 0.00 0.00
26/12/2003 6.45 6.25 6.45 6.40 0 44400.00 44400.00
29/12/2003 6.32 6.15 6.38 6.34 0 104800.00 104800.00
30/12/2003 6.25 6.23 6.45 6.45 0 131200.00 131200.00
31/12/2003 6.45 6.45 6.45 6.45 0 0.00 0.00
01/01/2004 6.45 6.45 6.45 6.45 0 0.00 0.00
02/01/2004 6.47 6.47 6.95 6.88 0 174000.00 174000.00
05/01/2004 6.80 6.50 6.80 6.60 0 442400.00 442400.00
06/01/2004 6.62 6.34 6.68 6.60 0 774000.00 774000.00
07/01/2004 6.44 6.26 6.70 6.62 0 379600.00 379600.00
08/01/2004 6.65 6.45 6.65 6.45 0 280400.00 280400.00
09/01/2004 6.32 6.14 6.43 6.25 0 597200.00 597200.00
12/01/2004 6.04 5.80 6.22 6.05 0 681200.00 681200.00
13/01/2004 6.20 5.95 6.38 6.37 0 356800.00 356800.00
14/01/2004 6.39 6.09 6.39 6.12 0 417600.00 417600.00
15/01/2004 6.05 6.03 6.22 6.12 0 167200.00 167200.00
16/01/2004 6.12 6.11 6.25 6.25 0 131200.00 131200.00
19/01/2004 6.20 6.20 6.65 6.62 0 305200.00 305200.00
20/01/2004 6.68 6.44 6.70 6.45 0 171200.00 171200.00
21/01/2004 6.30 6.30 6.45 6.45 0 175200.00 175200.00
22/01/2004 6.05 6.05 6.55 6.25 0 178400.00 178400.00
23/01/2004 6.25 6.25 6.47 6.34 0 108800.00 108800.00
26/01/2004 6.40 6.25 6.50 6.47 0 227600.00 227600.00
27/01/2004 6.53 6.28 6.53 6.35 0 48000.00 48000.00
28/01/2004 6.38 6.10 6.47 6.20 0 269600.00 269600.00
29/01/2004 6.25 5.82 6.25 6.10 0 314800.00 314800.00
30/01/2004 5.95 5.80 6.12 6.00 0 232000.00 232000.00
02/02/2004 5.88 5.65 5.88 5.78 0 168400.00 168400.00
03/02/2004 6.00 5.93 6.12 6.03 0 230800.00 230800.00
04/02/2004 6.09 5.88 6.09 5.94 0 469600.00 469600.00
05/02/2004 5.94 5.90 6.00 5.93 0 412400.00 412400.00
06/02/2004 5.85 5.82 5.99 5.97 0 348800.00 348800.00
09/02/2004 5.95 5.90 6.01 5.95 0 342800.00 342800.00
10/02/2004 5.95 5.89 5.95 5.91 0 188000.00 188000.00
11/02/2004 5.94 5.93 6.25 6.08 0 177600.00 177600.00
12/02/2004 6.08 6.08 6.15 6.11 0 181600.00 181600.00
13/02/2004 6.22 6.11 6.40 6.39 0 329200.00 329200.00
16/02/2004 6.39 6.25 6.50 6.26 0 191200.00 191200.00
17/02/2004 6.38 6.08 6.38 6.25 0 298000.00 298000.00
18/02/2004 6.25 6.05 6.25 6.10 0 107600.00 107600.00
19/02/2004 6.00 5.76 6.00 5.95 0 275200.00 275200.00
20/02/2004 5.90 5.70 5.93 5.87 0 256000.00 256000.00
23/02/2004 5.87 5.87 5.87 5.87 0 0.00 0.00
24/02/2004 5.87 5.87 5.87 5.87 0 0.00 0.00
25/02/2004 6.00 5.88 6.00 6.00 0 33600.00 33600.00
26/02/2004 5.88 5.88 6.00 6.00 0 19200.00 19200.00
27/02/2004 6.05 6.05 6.20 6.11 0 352400.00 352400.00
01/03/2004 6.18 6.18 6.24 6.24 0 319600.00 319600.00
02/03/2004 6.00 6.00 6.24 6.24 0 173200.00 173200.00
03/03/2004 6.25 6.22 6.34 6.26 0 301200.00 301200.00
04/03/2004 6.25 6.24 6.30 6.25 0 264400.00 264400.00
05/03/2004 6.25 6.20 6.36 6.22 0 258400.00 258400.00
08/03/2004 6.25 6.18 6.32 6.28 0 200000.00 200000.00
09/03/2004 6.22 6.16 6.38 6.31 0 334400.00 334400.00
10/03/2004 6.25 6.18 6.32 6.25 0 310400.00 310400.00
11/03/2004 6.30 6.00 6.30 6.07 0 413200.00 413200.00
12/03/2004 6.07 6.00 6.37 6.25 0 446000.00 446000.00
15/03/2004 6.40 6.20 6.40 6.25 0 165200.00 165200.00
16/03/2004 6.25 6.25 6.32 6.25 0 126000.00 126000.00
17/03/2004 6.31 6.28 6.36 6.36 0 86000.00 86000.00
18/03/2004 6.37 6.20 6.40 6.24 0 291200.00 291200.00
19/03/2004 6.12 6.06 6.30 6.15 0 120400.00 120400.00
22/03/2004 6.05 6.00 6.14 6.00 0 193600.00 193600.00
23/03/2004 6.05 6.00 6.05 6.01 0 172800.00 172800.00
24/03/2004 6.03 5.96 6.07 6.01 0 168800.00 168800.00
25/03/2004 6.01 5.99 6.05 6.04 0 146400.00 146400.00
26/03/2004 5.95 5.95 6.32 6.30 0 133200.00 133200.00
29/03/2004 6.25 6.25 6.28 6.25 0 145600.00 145600.00
30/03/2004 6.32 6.20 6.38 6.25 0 279600.00 279600.00
31/03/2004 6.20 6.05 6.20 6.11 0 134800.00 134800.00
01/04/2004 6.12 6.12 6.25 6.25 0 232000.00 232000.00
02/04/2004 6.25 6.22 6.27 6.25 0 339600.00 339600.00
05/04/2004 6.25 6.23 6.40 6.32 0 397600.00 397600.00
06/04/2004 6.30 6.30 6.57 6.49 0 400800.00 400800.00
07/04/2004 6.50 6.40 6.50 6.43 0 72800.00 72800.00
08/04/2004 6.40 6.35 6.40 6.35 0 72000.00 72000.00
09/04/2004 6.35 6.35 6.35 6.35 0 0.00 0.00
12/04/2004 6.32 6.20 6.32 6.32 0 136000.00 136000.00
13/04/2004 6.38 6.15 6.54 6.18 0 390000.00 390000.00
14/04/2004 6.18 6.15 6.30 6.30 0 196800.00 196800.00
15/04/2004 6.20 6.01 6.25 6.25 0 289600.00 289600.00
16/04/2004 6.25 6.15 6.25 6.22 0 140400.00 140400.00
19/04/2004 6.25 6.01 6.25 6.01 0 313600.00 313600.00
20/04/2004 6.25 5.88 6.25 5.95 0 215600.00 215600.00
21/04/2004 5.95 5.95 5.95 5.95 0 0.00 0.00
22/04/2004 5.86 5.78 5.86 5.82 0 653200.00 653200.00
23/04/2004 5.82 5.82 5.82 5.82 0 0.00 0.00
26/04/2004 5.90 5.80 6.05 5.95 0 295600.00 295600.00
27/04/2004 6.01 6.01 6.43 6.43 0 3402000.00 3402000.00
28/04/2004 6.45 6.35 6.47 6.45 0 2666400.00 2666400.00
29/04/2004 6.45 6.21 6.45 6.28 0 1708800.00 1708800.00
30/04/2004 6.30 6.25 6.35 6.29 0 1714000.00 1714000.00
03/05/2004 6.20 6.12 6.22 6.12 0 1015200.00 1015200.00
04/05/2004 6.12 6.12 6.46 6.25 0 1034800.00 1034800.00
05/05/2004 6.45 6.25 6.45 6.30 0 491200.00 491200.00
06/05/2004 6.30 6.15 6.30 6.24 0 1325200.00 1325200.00
07/05/2004 6.14 6.00 6.14 6.03 0 592000.00 592000.00
10/05/2004 5.82 5.68 5.82 5.69 0 2714000.00 2714000.00
11/05/2004 5.78 5.78 5.82 5.82 0 1611200.00 1611200.00
12/05/2004 5.83 5.75 5.85 5.82 0 957200.00 957200.00
13/05/2004 5.75 5.75 6.14 6.14 0 1123200.00 1123200.00
14/05/2004 6.15 6.15 6.60 6.45 0 1192400.00 1192400.00
17/05/2004 6.25 6.23 6.45 6.40 0 663600.00 663600.00
18/05/2004 6.50 6.40 6.50 6.43 0 391200.00 391200.00
19/05/2004 6.45 6.45 6.75 6.54 0 472400.00 472400.00
20/05/2004 6.54 6.38 6.54 6.40 0 228000.00 228000.00
21/05/2004 6.27 6.00 6.38 6.32 0 500000.00 500000.00
24/05/2004 6.50 6.25 6.50 6.32 0 459600.00 459600.00
25/05/2004 6.25 6.25 6.57 6.57 0 364800.00 364800.00
26/05/2004 6.55 6.34 6.55 6.55 0 198800.00 198800.00
27/05/2004 6.62 6.50 6.62 6.62 0 232000.00 232000.00
28/05/2004 6.62 6.57 6.65 6.59 0 386400.00 386400.00
31/05/2004 6.62 6.57 6.62 6.60 0 143200.00 143200.00
01/06/2004 6.62 6.57 6.62 6.59 0 227200.00 227200.00
02/06/2004 6.65 6.47 6.74 6.50 0 579600.00 579600.00
03/06/2004 6.50 6.44 6.57 6.57 0 167600.00 167600.00
04/06/2004 6.57 6.38 6.59 6.46 0 436000.00 436000.00
07/06/2004 6.51 6.32 6.55 6.40 0 540400.00 540400.00
08/06/2004 6.40 6.32 6.75 6.75 0 1721600.00 1721600.00
09/06/2004 6.75 6.75 7.25 7.04 0 1641200.00 1641200.00
10/06/2004 7.04 7.04 7.04 7.04 0 0.00 0.00
11/06/2004 7.10 7.05 7.38 7.38 0 677600.00 677600.00
14/06/2004 7.25 7.20 7.72 7.62 0 1018800.00 1018800.00
15/06/2004 7.72 7.53 7.85 7.56 0 1943600.00 1943600.00
16/06/2004 7.60 7.50 7.60 7.55 0 442400.00 442400.00
17/06/2004 7.50 7.50 7.72 7.62 0 882800.00 882800.00
18/06/2004 7.62 7.62 7.78 7.78 0 545200.00 545200.00
21/06/2004 7.88 7.68 7.88 7.68 0 387600.00 387600.00
22/06/2004 7.57 7.50 7.71 7.60 0 562000.00 562000.00
23/06/2004 7.70 7.68 7.97 7.95 0 544400.00 544400.00
24/06/2004 7.95 7.90 8.10 8.10 0 580000.00 580000.00
25/06/2004 8.07 7.93 8.07 8.00 0 188400.00 188400.00
28/06/2004 7.90 7.90 8.10 8.05 0 306800.00 306800.00
29/06/2004 8.03 8.03 8.50 8.50 0 364800.00 364800.00
30/06/2004 8.50 8.50 8.87 8.87 0 912000.00 912000.00
01/07/2004 8.76 8.65 9.38 8.65 0 1253600.00 1253600.00
02/07/2004 8.76 8.25 8.87 8.38 0 775600.00 775600.00
05/07/2004 8.43 8.05 8.43 8.32 0 245600.00 245600.00
06/07/2004 8.25 7.95 8.26 8.03 0 288800.00 288800.00
07/07/2004 8.23 8.15 8.32 8.23 0 508800.00 508800.00
08/07/2004 8.30 8.16 8.30 8.20 0 549600.00 549600.00
09/07/2004 8.20 8.20 8.20 8.20 0 0.00 0.00
12/07/2004 8.31 8.19 8.49 8.38 0 435200.00 435200.00
13/07/2004 8.31 8.31 8.70 8.45 0 839600.00 839600.00
14/07/2004 8.50 8.32 8.75 8.50 0 1704400.00 1704400.00
15/07/2004 8.62 8.38 8.62 8.48 0 428800.00 428800.00
16/07/2004 8.50 8.38 8.50 8.43 0 372000.00 372000.00
19/07/2004 8.40 8.10 8.40 8.38 0 257600.00 257600.00
20/07/2004 8.23 8.20 8.80 8.57 0 1219600.00 1219600.00
21/07/2004 8.73 8.41 8.80 8.41 0 402000.00 402000.00
22/07/2004 8.41 8.02 8.41 8.19 0 701200.00 701200.00
23/07/2004 8.20 7.59 8.20 7.68 0 796400.00 796400.00
26/07/2004 7.88 7.53 7.88 7.70 0 503200.00 503200.00
27/07/2004 7.75 7.72 7.89 7.79 0 585200.00 585200.00
28/07/2004 7.83 7.83 8.12 8.08 0 648000.00 648000.00
29/07/2004 8.12 8.06 8.30 8.28 0 501600.00 501600.00
30/07/2004 8.36 8.25 8.43 8.27 0 275600.00 275600.00
02/08/2004 8.25 8.00 8.25 8.00 0 276800.00 276800.00
03/08/2004 7.94 7.94 8.20 8.07 0 824400.00 824400.00
04/08/2004 8.07 7.80 8.07 7.88 0 652800.00 652800.00
05/08/2004 7.88 7.62 7.90 7.75 0 240000.00 240000.00
06/08/2004 7.68 7.62 7.75 7.63 0 301600.00 301600.00
09/08/2004 7.75 7.39 7.75 7.60 0 331600.00 331600.00
10/08/2004 7.57 7.47 7.66 7.54 0 644000.00 644000.00
11/08/2004 7.55 7.55 7.85 7.71 0 270000.00 270000.00
12/08/2004 7.72 7.72 7.89 7.89 0 128800.00 128800.00
13/08/2004 7.95 7.95 8.24 8.12 0 184400.00 184400.00
16/08/2004 8.12 8.12 8.30 8.25 0 340400.00 340400.00
17/08/2004 8.35 7.95 8.35 8.04 0 194400.00 194400.00
18/08/2004 8.07 7.89 8.15 8.10 0 222400.00 222400.00
19/08/2004 8.12 8.12 8.31 8.15 0 222400.00 222400.00
20/08/2004 8.20 8.20 8.30 8.25 0 624800.00 624800.00
23/08/2004 8.25 8.03 8.48 8.38 0 528000.00 528000.00
24/08/2004 8.48 8.35 8.55 8.55 0 423600.00 423600.00
25/08/2004 8.55 8.55 8.99 8.75 0 388800.00 388800.00
26/08/2004 8.60 8.60 8.79 8.70 0 410800.00 410800.00
27/08/2004 8.75 8.75 9.12 8.81 0 850400.00 850400.00
30/08/2004 8.88 8.88 9.25 9.14 0 314800.00 314800.00
31/08/2004 9.14 9.07 9.30 9.12 0 734800.00 734800.00
01/09/2004 9.19 8.79 9.19 8.81 0 229600.00 229600.00
02/09/2004 8.88 8.82 9.00 8.88 0 180400.00 180400.00
03/09/2004 8.80 8.73 8.80 8.73 0 135200.00 135200.00
06/09/2004 8.77 8.50 8.88 8.70 0 79200.00 79200.00
07/09/2004 8.70 8.70 8.70 8.70 0 0.00 0.00
08/09/2004 8.75 8.46 8.75 8.48 0 833600.00 833600.00
09/09/2004 8.50 8.44 8.94 8.94 0 425200.00 425200.00
10/09/2004 8.99 8.82 9.10 9.00 0 246400.00 246400.00
13/09/2004 9.02 8.88 9.09 8.93 0 434400.00 434400.00
14/09/2004 9.05 9.00 9.48 9.38 0 557600.00 557600.00
15/09/2004 9.46 9.18 9.49 9.49 0 394400.00 394400.00
16/09/2004 9.57 9.50 9.87 9.59 0 742000.00 742000.00
17/09/2004 9.60 9.60 10.25 10.00 0 1687600.00 1687600.00
20/09/2004 10.10 9.75 10.10 9.90 0 591200.00 591200.00
21/09/2004 9.95 9.40 10.06 9.40 0 812000.00 812000.00
22/09/2004 9.45 8.93 9.50 9.05 0 1229200.00 1229200.00
23/09/2004 9.05 8.82 9.18 8.98 0 876400.00 876400.00
24/09/2004 8.90 8.90 9.25 9.10 0 296000.00 296000.00
27/09/2004 9.20 9.05 9.20 9.12 0 262800.00 262800.00
28/09/2004 9.18 9.18 9.55 9.35 0 369200.00 369200.00
29/09/2004 9.50 8.99 9.50 8.99 0 542400.00 542400.00
30/09/2004 9.03 9.03 9.30 9.21 0 238800.00 238800.00
01/10/2004 9.25 9.25 9.59 9.57 0 1074000.00 1074000.00
04/10/2004 9.70 9.50 9.82 9.57 0 553600.00 553600.00
05/10/2004 9.51 9.40 9.57 9.48 0 511200.00 511200.00
06/10/2004 9.50 9.44 9.70 9.70 0 1167200.00 1167200.00
07/10/2004 9.59 9.59 9.79 9.75 0 746400.00 746400.00
08/10/2004 9.85 9.57 9.91 9.75 0 606800.00 606800.00
11/10/2004 9.80 9.73 9.80 9.76 0 92000.00 92000.00
12/10/2004 9.76 9.76 9.76 9.76 0 0.00 0.00
13/10/2004 9.73 9.65 9.79 9.79 0 488800.00 488800.00
14/10/2004 9.75 9.65 9.86 9.86 0 403200.00 403200.00
15/10/2004 9.88 9.50 9.88 9.68 0 918000.00 918000.00
18/10/2004 9.66 9.56 9.70 9.56 0 331600.00 331600.00
19/10/2004 9.57 9.08 9.60 9.18 0 388400.00 388400.00
20/10/2004 9.14 9.06 9.27 9.12 0 294800.00 294800.00
21/10/2004 9.25 9.25 9.70 9.42 0 402800.00 402800.00
22/10/2004 9.62 9.30 9.71 9.43 0 848800.00 848800.00
25/10/2004 9.57 9.43 9.80 9.68 0 318400.00 318400.00
26/10/2004 9.62 9.60 10.00 9.99 0 590400.00 590400.00
27/10/2004 10.05 9.93 10.11 10.00 0 574000.00 574000.00
28/10/2004 9.99 9.71 10.12 9.98 0 396000.00 396000.00
29/10/2004 10.00 10.00 10.48 10.27 0 925600.00 925600.00
01/11/2004 10.25 10.15 10.44 10.43 0 365600.00 365600.00
02/11/2004 10.43 10.43 10.43 10.43 0 0.00 0.00
03/11/2004 10.48 10.25 10.56 10.40 0 593200.00 593200.00
04/11/2004 10.45 10.18 10.50 10.18 0 418400.00 418400.00
05/11/2004 10.18 9.95 10.18 10.05 0 335600.00 335600.00
08/11/2004 9.98 9.98 10.50 10.32 0 540000.00 540000.00
09/11/2004 10.27 10.23 10.48 10.41 0 359200.00 359200.00
10/11/2004 10.48 10.43 10.65 10.60 0 513600.00 513600.00
11/11/2004 10.65 10.62 11.02 11.00 0 508400.00 508400.00
12/11/2004 11.05 11.00 11.43 11.20 0 625200.00 625200.00
15/11/2004 11.20 11.20 11.20 11.20 0 0.00 0.00
16/11/2004 11.20 11.20 11.42 11.42 0 490800.00 490800.00
17/11/2004 11.43 11.32 12.22 11.75 0 523200.00 523200.00
18/11/2004 11.88 11.50 12.07 11.80 0 674800.00 674800.00
19/11/2004 12.00 11.99 12.91 12.61 0 712800.00 712800.00
22/11/2004 12.60 12.25 12.74 12.61 0 529600.00 529600.00
23/11/2004 12.62 12.25 12.68 12.38 0 1568000.00 1568000.00
24/11/2004 12.28 12.28 12.66 12.44 0 542400.00 542400.00
25/11/2004 12.46 12.07 12.46 12.21 0 393200.00 393200.00
26/11/2004 12.14 12.14 12.50 12.35 0 300800.00 300800.00
29/11/2004 12.25 12.12 12.38 12.37 0 488400.00 488400.00
30/11/2004 12.25 12.25 12.40 12.33 0 524800.00 524800.00
01/12/2004 12.33 12.33 12.75 12.55 0 414000.00 414000.00
02/12/2004 12.55 12.55 12.77 12.74 0 844000.00 844000.00
03/12/2004 12.74 12.74 13.06 13.06 0 233600.00 233600.00
06/12/2004 13.12 12.95 13.55 13.38 0 334000.00 334000.00
07/12/2004 13.43 13.05 13.48 13.20 0 353600.00 353600.00
08/12/2004 13.15 12.82 13.20 13.00 0 250800.00 250800.00
09/12/2004 12.88 12.62 12.95 12.93 0 168800.00 168800.00
10/12/2004 13.00 12.51 13.37 13.05 0 785200.00 785200.00
13/12/2004 13.11 13.05 13.49 13.49 0 329600.00 329600.00
14/12/2004 13.50 13.50 13.80 13.62 0 792800.00 792800.00
15/12/2004 13.75 13.65 13.76 13.70 0 410000.00 410000.00
16/12/2004 13.68 13.65 13.80 13.73 0 526400.00 526400.00
17/12/2004 13.73 13.68 13.88 13.75 0 337600.00 337600.00
20/12/2004 13.68 13.62 13.88 13.62 0 656800.00 656800.00
21/12/2004 13.63 13.51 13.75 13.65 0 517200.00 517200.00
22/12/2004 13.75 13.62 13.88 13.81 0 123600.00 123600.00
23/12/2004 13.93 13.58 13.93 13.62 0 192000.00 192000.00
24/12/2004 13.62 13.62 13.62 13.62 0 0.00 0.00
27/12/2004 13.68 13.65 14.00 14.00 0 333600.00 333600.00
28/12/2004 14.05 14.05 14.62 14.29 0 376000.00 376000.00
29/12/2004 14.29 14.29 14.50 14.45 0 453200.00 453200.00
30/12/2004 14.50 14.25 14.52 14.52 0 190800.00 190800.00
31/12/2004 14.52 14.52 14.52 14.52 0 0.00 0.00
03/01/2005 14.77 14.55 14.93 14.92 0 333600.00 333600.00
04/01/2005 15.12 14.75 15.75 14.75 0 458000.00 458000.00
05/01/2005 15.00 14.25 15.00 14.26 0 615600.00 615600.00
06/01/2005 14.25 14.21 14.32 14.29 0 1194000.00 1194000.00
07/01/2005 14.38 14.23 14.89 14.74 0 238400.00 238400.00
10/01/2005 14.50 13.95 14.62 14.05 0 508800.00 508800.00
11/01/2005 14.02 13.75 14.12 14.00 0 1054800.00 1054800.00
12/01/2005 14.00 13.80 14.24 14.12 0 486000.00 486000.00
13/01/2005 14.13 14.00 14.50 14.12 0 1630800.00 1630800.00
14/01/2005 14.19 13.88 14.35 14.23 0 172400.00 172400.00
17/01/2005 14.20 14.05 14.20 14.10 0 375600.00 375600.00
18/01/2005 13.88 13.75 14.10 13.93 0 134000.00 134000.00
19/01/2005 13.88 13.85 13.95 13.89 0 584400.00 584400.00
20/01/2005 13.75 13.75 14.00 13.98 0 245600.00 245600.00
21/01/2005 13.89 13.75 13.97 13.97 0 123200.00 123200.00
24/01/2005 13.98 13.80 13.98 13.95 0 60800.00 60800.00
25/01/2005 13.95 13.95 13.95 13.95 0 0.00 0.00
26/01/2005 13.95 13.30 13.95 13.62 0 345600.00 345600.00
27/01/2005 13.62 12.96 13.62 13.12 0 437200.00 437200.00
28/01/2005 13.17 13.00 13.25 13.25 0 192800.00 192800.00
31/01/2005 13.12 13.12 13.38 13.14 0 768000.00 768000.00
01/02/2005 13.25 12.82 13.25 12.89 0 1375200.00 1375200.00
02/02/2005 12.88 12.75 13.25 13.25 0 858800.00 858800.00
03/02/2005 13.25 12.94 13.25 12.94 0 485600.00 485600.00
04/02/2005 12.94 12.93 13.50 13.38 0 876800.00 876800.00
07/02/2005 13.38 13.38 13.38 13.38 0 0.00 0.00
08/02/2005 13.38 13.38 13.38 13.38 0 0.00 0.00
09/02/2005 13.00 13.00 13.85 13.82 0 57200.00 57200.00
10/02/2005 13.82 13.15 13.82 13.32 0 397200.00 397200.00
11/02/2005 13.38 13.12 13.38 13.25 0 1169600.00 1169600.00
14/02/2005 13.38 13.20 13.45 13.34 0 766000.00 766000.00
15/02/2005 13.25 13.15 13.26 13.19 0 395600.00 395600.00
16/02/2005 13.15 12.55 13.15 12.93 0 815600.00 815600.00
17/02/2005 13.06 12.95 13.12 13.12 0 419200.00 419200.00
18/02/2005 13.12 13.00 13.25 13.00 0 682000.00 682000.00
21/02/2005 13.10 12.85 13.10 12.93 0 460400.00 460400.00
22/02/2005 13.12 12.50 13.25 13.25 0 2432000.00 2432000.00
23/02/2005 13.32 12.93 13.33 13.05 0 394000.00 394000.00
24/02/2005 13.25 12.81 13.57 13.12 0 1288000.00 1288000.00
25/02/2005 13.02 13.00 13.50 13.38 0 654000.00 654000.00
28/02/2005 13.38 13.12 13.50 13.50 0 649600.00 649600.00
01/03/2005 13.50 13.25 13.93 13.89 0 622800.00 622800.00
02/03/2005 13.99 13.90 14.12 14.00 0 1942800.00 1942800.00
03/03/2005 14.25 14.12 14.50 14.30 0 1988400.00 1988400.00
04/03/2005 14.38 14.20 14.62 14.38 0 707200.00 707200.00
07/03/2005 14.39 14.25 14.88 14.66 0 812000.00 812000.00
08/03/2005 14.50 14.50 14.88 14.52 0 424000.00 424000.00
09/03/2005 14.38 14.38 14.70 14.55 0 278800.00 278800.00
10/03/2005 14.62 14.62 15.25 15.00 0 1210400.00 1210400.00
11/03/2005 15.05 14.10 15.13 14.12 0 596000.00 596000.00
14/03/2005 14.12 13.70 14.75 14.75 0 470800.00 470800.00
15/03/2005 14.75 14.55 15.12 14.75 0 633200.00 633200.00
16/03/2005 14.62 14.15 14.62 14.49 0 377200.00 377200.00
17/03/2005 14.25 13.79 14.25 14.02 0 695200.00 695200.00
18/03/2005 14.12 14.00 14.54 14.15 0 529200.00 529200.00
21/03/2005 14.15 14.12 14.37 14.20 0 562000.00 562000.00
22/03/2005 14.20 14.12 14.75 14.25 0 1438800.00 1438800.00
23/03/2005 14.25 13.50 14.25 13.90 0 1089200.00 1089200.00
24/03/2005 14.00 13.75 14.00 14.00 0 230400.00 230400.00
25/03/2005 14.00 14.00 14.00 14.00 0 0.00 0.00
28/03/2005 13.96 13.62 13.96 13.63 0 114800.00 114800.00
29/03/2005 13.75 13.03 13.75 13.50 0 913200.00 913200.00
30/03/2005 13.50 13.25 13.62 13.38 0 340000.00 340000.00
31/03/2005 13.57 13.03 13.57 13.30 0 344400.00 344400.00
01/04/2005 13.12 12.77 13.12 12.88 0 785600.00 785600.00
04/04/2005 12.84 12.75 13.20 13.10 0 405200.00 405200.00
05/04/2005 13.25 13.02 14.00 13.12 0 1010400.00 1010400.00
06/04/2005 13.12 12.88 13.12 12.88 0 1434400.00 1434400.00
07/04/2005 12.83 12.82 13.50 13.50 0 131200.00 131200.00
08/04/2005 13.25 13.25 13.50 13.38 0 352800.00 352800.00
11/04/2005 13.45 13.20 13.47 13.47 0 107200.00 107200.00
12/04/2005 13.43 13.38 13.69 13.50 0 453200.00 453200.00
13/04/2005 13.50 13.25 13.62 13.36 0 221600.00 221600.00
14/04/2005 13.38 12.75 13.38 12.95 0 343200.00 343200.00
15/04/2005 12.80 12.59 13.12 12.75 0 270800.00 270800.00
18/04/2005 12.57 12.50 13.02 13.02 0 797200.00 797200.00
19/04/2005 13.00 12.93 13.39 13.38 0 809600.00 809600.00
20/04/2005 13.45 13.10 13.50 13.18 0 225600.00 225600.00
21/04/2005 13.18 13.18 13.18 13.18 0 0.00 0.00
22/04/2005 13.25 13.00 13.25 13.05 0 209200.00 209200.00
25/04/2005 13.00 12.88 13.26 12.88 0 362000.00 362000.00
26/04/2005 12.98 12.76 13.25 13.12 0 565200.00 565200.00
27/04/2005 12.88 12.75 13.32 13.32 0 290000.00 290000.00
28/04/2005 13.17 12.95 13.25 13.01 0 384000.00 384000.00
29/04/2005 13.25 12.88 13.25 13.25 0 412400.00 412400.00
02/05/2005 13.25 13.00 13.25 13.02 0 196800.00 196800.00
03/05/2005 12.88 12.80 13.00 12.88 0 132400.00 132400.00
04/05/2005 12.88 12.65 13.25 13.00 0 540000.00 540000.00
05/05/2005 13.00 12.88 13.10 13.00 0 932400.00 932400.00
06/05/2005 13.00 12.88 13.00 12.97 0 978400.00 978400.00
09/05/2005 12.98 12.77 12.98 12.82 0 473200.00 473200.00
10/05/2005 12.65 12.53 12.82 12.63 0 540400.00 540400.00
11/05/2005 12.50 12.50 13.00 13.00 0 322800.00 322800.00
12/05/2005 13.17 12.80 13.17 12.88 0 384800.00 384800.00
13/05/2005 12.88 12.88 13.25 13.10 0 892800.00 892800.00
16/05/2005 12.90 12.88 13.25 12.97 0 572800.00 572800.00
17/05/2005 13.00 12.98 13.55 13.50 0 656400.00 656400.00
18/05/2005 13.60 13.60 13.93 13.84 0 676800.00 676800.00
19/05/2005 13.75 13.40 13.75 13.48 0 208400.00 208400.00
20/05/2005 13.48 13.38 13.72 13.38 0 157200.00 157200.00
23/05/2005 13.60 13.03 13.60 13.25 0 156800.00 156800.00
24/05/2005 13.35 13.12 13.50 13.38 0 335600.00 335600.00
25/05/2005 13.48 13.27 13.62 13.45 0 186000.00 186000.00
26/05/2005 13.45 13.45 13.45 13.45 0 0.00 0.00
27/05/2005 13.30 13.30 13.74 13.74 0 267200.00 267200.00
30/05/2005 13.75 13.75 14.12 14.12 0 78000.00 78000.00
31/05/2005 14.06 14.06 14.89 14.75 0 2467600.00 2467600.00
01/06/2005 14.74 14.65 15.25 14.65 0 804800.00 804800.00
02/06/2005 14.82 13.75 14.85 14.35 0 854800.00 854800.00
03/06/2005 14.23 14.21 14.84 14.75 0 319200.00 319200.00
06/06/2005 14.50 14.25 14.50 14.50 0 686400.00 686400.00
07/06/2005 14.25 14.07 14.32 14.32 0 492800.00 492800.00
08/06/2005 14.50 14.50 15.00 14.52 0 1331600.00 1331600.00
09/06/2005 14.52 14.29 14.56 14.55 0 66000.00 66000.00
10/06/2005 14.80 14.62 14.85 14.72 0 282000.00 282000.00
13/06/2005 14.88 14.25 14.95 14.31 0 359600.00 359600.00
14/06/2005 14.31 13.91 14.31 14.09 0 1384800.00 1384800.00
15/06/2005 14.21 13.53 14.21 13.62 0 370000.00 370000.00
16/06/2005 13.77 13.62 14.00 13.92 0 542400.00 542400.00
17/06/2005 14.00 13.95 14.24 14.24 0 509600.00 509600.00
20/06/2005 14.05 13.98 14.22 14.17 0 486400.00 486400.00
21/06/2005 14.25 13.99 14.47 14.38 0 596800.00 596800.00
22/06/2005 14.38 13.88 14.38 14.25 0 248400.00 248400.00
23/06/2005 14.18 13.82 14.18 13.97 0 337600.00 337600.00
24/06/2005 13.97 13.38 13.97 13.50 0 127200.00 127200.00
27/06/2005 13.38 13.12 13.48 13.38 0 287200.00 287200.00
28/06/2005 13.50 13.26 13.59 13.38 0 251200.00 251200.00
29/06/2005 13.38 13.38 13.88 13.64 0 92800.00 92800.00
30/06/2005 13.75 13.62 14.12 13.72 0 492000.00 492000.00
01/07/2005 13.75 13.70 14.00 14.00 0 199200.00 199200.00
04/07/2005 13.70 13.70 13.88 13.80 0 124400.00 124400.00
05/07/2005 13.75 13.33 13.75 13.52 0 231600.00 231600.00
06/07/2005 13.25 13.20 13.62 13.43 0 1060000.00 1060000.00
07/07/2005 13.20 13.15 13.50 13.40 0 436400.00 436400.00
08/07/2005 13.70 13.20 13.70 13.38 0 88400.00 88400.00
11/07/2005 13.38 13.26 13.69 13.55 0 558800.00 558800.00
12/07/2005 13.50 13.45 13.75 13.55 0 501200.00 501200.00
13/07/2005 13.38 13.38 13.50 13.50 0 1966000.00 1966000.00
14/07/2005 13.54 13.04 13.62 13.04 0 579200.00 579200.00
15/07/2005 13.04 13.00 13.25 13.00 0 450400.00 450400.00
18/07/2005 13.25 13.05 13.38 13.27 0 544400.00 544400.00
19/07/2005 13.30 13.16 13.50 13.38 0 1651200.00 1651200.00
20/07/2005 13.50 13.15 13.50 13.25 0 413600.00 413600.00
21/07/2005 13.38 13.20 13.43 13.25 0 554800.00 554800.00
22/07/2005 13.24 12.88 13.24 13.11 0 39600.00 39600.00
25/07/2005 13.25 12.70 13.25 12.87 0 308800.00 308800.00
26/07/2005 12.94 12.88 13.50 13.39 0 662800.00 662800.00
27/07/2005 13.38 13.25 13.57 13.30 0 1543600.00 1543600.00
28/07/2005 13.50 13.30 13.50 13.36 0 662800.00 662800.00
29/07/2005 13.36 13.35 13.45 13.40 0 1170000.00 1170000.00
01/08/2005 13.43 13.43 13.74 13.56 0 498000.00 498000.00
02/08/2005 13.80 13.38 13.82 13.52 0 353600.00 353600.00
03/08/2005 13.62 13.52 13.84 13.75 0 829200.00 829200.00
04/08/2005 13.75 13.73 13.76 13.75 0 1272400.00 1272400.00
05/08/2005 13.75 13.56 13.75 13.68 0 312800.00 312800.00
08/08/2005 13.75 13.56 13.75 13.57 0 389200.00 389200.00
09/08/2005 13.73 13.26 13.73 13.40 0 358800.00 358800.00
10/08/2005 13.50 13.50 13.62 13.60 0 459600.00 459600.00
11/08/2005 13.50 13.38 13.65 13.50 0 412000.00 412000.00
12/08/2005 13.25 13.12 13.55 13.50 0 263600.00 263600.00
15/08/2005 13.62 13.51 14.00 13.80 0 1018000.00 1018000.00
16/08/2005 13.76 13.62 13.77 13.75 0 127200.00 127200.00
17/08/2005 13.75 13.52 13.75 13.62 0 544400.00 544400.00
18/08/2005 13.52 13.27 13.70 13.38 0 319600.00 319600.00
19/08/2005 13.50 13.01 13.50 13.06 0 112400.00 112400.00
22/08/2005 13.25 13.15 13.30 13.18 0 597200.00 597200.00
23/08/2005 13.12 12.93 13.20 13.04 0 415600.00 415600.00
24/08/2005 13.12 13.12 13.35 13.23 0 224800.00 224800.00
25/08/2005 13.35 13.24 13.38 13.37 0 327200.00 327200.00
26/08/2005 13.38 13.30 13.40 13.40 0 484400.00 484400.00
29/08/2005 13.35 13.25 13.70 13.60 0 552800.00 552800.00
30/08/2005 13.62 13.62 14.25 13.88 0 486800.00 486800.00
31/08/2005 14.22 13.94 14.22 14.05 0 774800.00 774800.00
01/09/2005 14.24 14.00 14.25 14.05 0 966000.00 966000.00
02/09/2005 13.50 13.50 14.12 14.00 0 1438400.00 1438400.00
05/09/2005 14.00 14.00 14.62 14.55 0 350800.00 350800.00
06/09/2005 14.50 14.40 14.88 14.82 0 977600.00 977600.00
07/09/2005 14.82 14.82 14.82 14.82 0 0.00 0.00
08/09/2005 14.75 14.52 14.82 14.75 0 622000.00 622000.00
09/09/2005 14.75 14.75 15.00 15.00 0 1016400.00 1016400.00
12/09/2005 14.95 14.78 14.95 14.79 0 214800.00 214800.00
13/09/2005 14.75 14.50 14.75 14.56 0 438400.00 438400.00
14/09/2005 14.50 14.25 14.62 14.62 0 396400.00 396400.00
15/09/2005 14.62 14.50 15.12 15.01 0 1157200.00 1157200.00
16/09/2005 15.02 14.50 15.32 14.72 0 472400.00 472400.00
19/09/2005 14.75 14.35 14.75 14.45 0 268800.00 268800.00
20/09/2005 14.50 14.32 14.50 14.45 0 229200.00 229200.00
21/09/2005 14.50 13.75 14.60 13.89 0 438400.00 438400.00
22/09/2005 13.88 13.43 13.95 13.51 0 1651600.00 1651600.00
23/09/2005 13.57 13.56 13.80 13.75 0 790000.00 790000.00
26/09/2005 13.75 13.75 14.20 14.15 0 410000.00 410000.00
27/09/2005 14.15 13.90 14.62 14.57 0 724000.00 724000.00
28/09/2005 14.74 14.48 15.12 14.94 0 1103600.00 1103600.00
29/09/2005 15.00 14.75 15.75 15.56 0 885600.00 885600.00
30/09/2005 15.78 15.38 16.50 15.86 0 630000.00 630000.00
03/10/2005 15.75 15.62 16.12 16.03 0 708400.00 708400.00
04/10/2005 16.03 15.88 16.17 15.99 0 960800.00 960800.00
05/10/2005 15.77 15.32 15.77 15.62 0 484000.00 484000.00
06/10/2005 15.50 14.88 15.75 15.35 0 1324800.00 1324800.00
07/10/2005 15.35 15.35 15.75 15.54 0 746800.00 746800.00
10/10/2005 15.75 15.62 15.81 15.62 0 826800.00 826800.00
11/10/2005 15.62 15.54 15.88 15.88 0 420800.00 420800.00
12/10/2005 15.88 15.88 15.88 15.88 0 0.00 0.00
13/10/2005 15.62 15.50 15.75 15.75 0 469200.00 469200.00
14/10/2005 15.88 15.62 15.95 15.75 0 415600.00 415600.00
17/10/2005 15.85 15.76 16.05 16.05 0 958000.00 958000.00
18/10/2005 16.05 15.85 16.05 15.90 0 408000.00 408000.00
19/10/2005 15.75 15.40 15.75 15.50 0 1666800.00 1666800.00
20/10/2005 15.50 15.00 15.65 15.00 0 2744800.00 2744800.00
21/10/2005 15.25 14.67 15.25 14.93 0 550800.00 550800.00
24/10/2005 14.93 14.75 15.30 15.24 0 428800.00 428800.00
25/10/2005 15.24 14.00 15.25 14.50 0 1110400.00 1110400.00
26/10/2005 14.38 14.38 15.12 14.88 0 896400.00 896400.00
27/10/2005 14.88 14.55 14.98 14.75 0 308400.00 308400.00
28/10/2005 15.00 14.80 15.00 14.95 0 424000.00 424000.00
31/10/2005 15.12 14.80 15.12 14.88 0 556800.00 556800.00
01/11/2005 14.94 14.63 15.35 15.24 0 674800.00 674800.00
02/11/2005 15.24 15.24 15.24 15.24 0 0.00 0.00
03/11/2005 15.50 15.45 15.69 15.50 0 1452000.00 1452000.00
04/11/2005 15.50 15.30 15.50 15.41 0 400400.00 400400.00
07/11/2005 15.50 15.13 15.50 15.32 0 265600.00 265600.00
08/11/2005 15.25 15.00 15.30 15.24 0 175200.00 175200.00
09/11/2005 15.25 15.05 15.62 15.55 0 409200.00 409200.00
10/11/2005 15.50 15.50 15.88 15.75 0 126000.00 126000.00
11/11/2005 15.88 15.62 15.99 15.73 0 875600.00 875600.00
14/11/2005 15.50 15.38 15.52 15.50 0 194000.00 194000.00
15/11/2005 15.50 15.50 15.50 15.50 0 0.00 0.00
16/11/2005 15.50 15.38 15.55 15.53 0 732000.00 732000.00
17/11/2005 15.51 15.51 15.88 15.85 0 213200.00 213200.00
18/11/2005 15.88 15.87 16.45 16.25 0 555600.00 555600.00
21/11/2005 16.25 16.25 17.07 16.90 0 690800.00 690800.00
22/11/2005 16.75 16.58 17.50 17.25 0 739200.00 739200.00
23/11/2005 17.25 17.25 17.58 17.50 0 581200.00 581200.00
24/11/2005 17.50 17.30 17.64 17.30 0 476400.00 476400.00
25/11/2005 17.25 17.15 17.62 17.38 0 302800.00 302800.00
28/11/2005 17.38 16.98 17.48 17.00 0 1116800.00 1116800.00
29/11/2005 17.12 16.50 17.12 16.50 0 446400.00 446400.00
30/11/2005 16.50 16.27 16.75 16.73 0 726000.00 726000.00
01/12/2005 17.00 16.88 17.10 16.92 0 514800.00 514800.00
02/12/2005 16.92 16.92 17.12 17.01 0 515200.00 515200.00
05/12/2005 17.04 16.88 17.25 17.04 0 620400.00 620400.00
06/12/2005 17.15 17.15 17.38 17.15 0 311600.00 311600.00
07/12/2005 16.90 16.88 17.17 16.90 0 1231600.00 1231600.00
08/12/2005 17.12 17.10 17.25 17.14 0 783600.00 783600.00
09/12/2005 17.17 17.12 17.37 17.17 0 288000.00 288000.00
12/12/2005 17.25 17.08 17.25 17.25 0 1409200.00 1409200.00
13/12/2005 17.88 17.25 17.98 17.88 0 650000.00 650000.00
14/12/2005 18.08 18.00 18.48 18.08 0 1286400.00 1286400.00
15/12/2005 18.08 17.88 18.12 18.12 0 109200.00 109200.00
16/12/2005 17.97 17.58 18.10 17.97 0 298400.00 298400.00
19/12/2005 17.93 17.73 18.23 17.93 0 1004400.00 1004400.00
20/12/2005 18.25 17.88 18.25 18.25 0 394400.00 394400.00
21/12/2005 18.29 18.25 18.98 18.29 0 665600.00 665600.00
22/12/2005 18.60 18.50 18.65 18.60 0 574800.00 574800.00
23/12/2005 18.62 18.50 18.62 18.62 0 110400.00 110400.00
26/12/2005 18.50 18.50 18.65 18.50 0 71200.00 71200.00
27/12/2005 18.61 18.50 18.70 18.61 0 489600.00 489600.00
28/12/2005 18.75 18.25 18.75 18.75 0 223600.00 223600.00
29/12/2005 18.50 18.50 18.90 18.50 0 118800.00 118800.00
30/12/2005 18.50 18.50 18.50 18.50 0 0.00 0.00
02/01/2006 18.49 18.38 18.50 18.49 0 58000.00 58000.00
03/01/2006 19.25 18.50 19.35 19.25 0 651600.00 651600.00
04/01/2006 20.35 19.25 20.35 20.35 0 1043600.00 1043600.00
05/01/2006 21.25 20.23 21.75 21.25 0 1098800.00 1098800.00
06/01/2006 20.88 20.51 21.20 20.88 0 1133200.00 1133200.00
09/01/2006 20.88 19.88 20.88 20.27 0 507600.00 507600.00
10/01/2006 20.19 19.88 20.62 20.19 0 921600.00 921600.00
11/01/2006 20.40 20.22 20.51 20.22 0 1009200.00 1009200.00
12/01/2006 20.17 19.78 21.00 20.27 0 1246000.00 1246000.00
13/01/2006 20.62 20.30 21.00 20.50 0 792800.00 792800.00
16/01/2006 20.52 20.00 21.61 21.61 0 653600.00 653600.00
17/01/2006 21.62 21.01 21.95 21.40 0 488000.00 488000.00
18/01/2006 21.37 21.00 21.62 21.62 0 202800.00 202800.00
19/01/2006 21.81 21.42 22.38 21.58 0 422800.00 422800.00
20/01/2006 21.50 21.30 21.62 21.45 0 359200.00 359200.00
23/01/2006 21.45 21.12 21.50 21.35 0 539600.00 539600.00
24/01/2006 21.35 21.35 21.75 21.58 0 334800.00 334800.00
25/01/2006 21.58 21.58 21.58 21.58 0 0.00 0.00
26/01/2006 21.62 21.62 22.35 22.20 0 2038000.00 2038000.00
27/01/2006 22.45 22.35 23.25 22.95 0 644800.00 644800.00
30/01/2006 22.95 22.38 22.95 22.50 0 813600.00 813600.00
31/01/2006 22.48 22.12 23.05 22.50 0 1670400.00 1670400.00
01/02/2006 22.60 22.25 22.88 22.61 0 1160000.00 1160000.00
02/02/2006 23.00 22.00 23.30 22.30 0 496400.00 496400.00
03/02/2006 22.75 21.50 23.29 23.00 0 551400.00 551400.00
06/02/2006 23.00 22.65 24.00 23.01 0 438100.00 438100.00
07/02/2006 23.39 22.10 23.39 22.43 0 418600.00 418600.00
08/02/2006 23.00 21.60 23.00 21.79 0 922000.00 922000.00
09/02/2006 22.05 20.25 22.20 20.65 0 1852900.00 1852900.00
10/02/2006 21.20 19.70 21.70 19.90 0 1998800.00 1998800.00
13/02/2006 19.90 19.60 20.40 19.85 0 1039800.00 1039800.00
14/02/2006 20.00 19.81 20.30 19.81 0 442700.00 442700.00
15/02/2006 20.18 19.80 20.18 19.90 0 324900.00 324900.00
16/02/2006 20.12 19.95 21.10 21.06 0 1165300.00 1165300.00
17/02/2006 21.30 19.85 21.30 20.15 0 1486200.00 1486200.00
20/02/2006 20.50 19.30 20.50 19.32 0 710400.00 710400.00
21/02/2006 19.50 18.20 19.64 18.60 0 1463600.00 1463600.00
22/02/2006 18.62 18.00 18.80 18.00 0 1870200.00 1870200.00
23/02/2006 18.16 17.72 19.19 19.05 0 2899700.00 2899700.00
24/02/2006 19.20 19.15 20.38 20.38 0 1214100.00 1214100.00
27/02/2006 20.38 20.38 20.38 20.38 0 0.00 0.00
28/02/2006 20.05 20.05 20.05 20.05 0 0.00 0.00
01/03/2006 20.19 20.00 20.98 20.85 0 707400.00 707400.00
02/03/2006 21.00 20.11 21.01 20.70 0 1123100.00 1123100.00
03/03/2006 20.70 20.15 20.85 20.80 0 1281100.00 1281100.00
06/03/2006 20.85 20.00 20.99 20.15 0 636500.00 636500.00
07/03/2006 20.20 18.81 20.20 19.10 0 1129500.00 1129500.00
08/03/2006 18.96 18.15 19.20 19.15 0 794200.00 794200.00
09/03/2006 19.31 18.25 19.50 18.70 0 528000.00 528000.00
10/03/2006 18.75 18.50 19.19 18.98 0 445500.00 445500.00
13/03/2006 19.00 18.90 19.30 19.05 0 798700.00 798700.00
14/03/2006 19.00 19.00 20.05 20.05 0 617800.00 617800.00
15/03/2006 20.11 19.90 20.76 20.61 0 1160400.00 1160400.00
16/03/2006 20.90 20.51 21.19 21.01 0 1249100.00 1249100.00
17/03/2006 20.85 20.85 21.65 21.18 0 1329000.00 1329000.00
20/03/2006 21.00 20.65 21.25 20.92 0 493300.00 493300.00
21/03/2006 20.79 20.70 21.28 21.04 0 1450200.00 1450200.00
22/03/2006 21.01 21.00 22.17 22.15 0 1819600.00 1819600.00
23/03/2006 21.50 20.85 21.70 21.05 0 3179300.00 3179300.00
24/03/2006 21.20 20.90 21.45 21.00 0 2837400.00 2837400.00
27/03/2006 20.85 20.21 21.68 21.30 0 1239900.00 1239900.00
28/03/2006 21.00 20.00 21.20 20.00 0 498500.00 498500.00
29/03/2006 20.21 20.00 21.00 20.80 0 294200.00 294200.00
30/03/2006 20.80 20.80 21.22 21.22 0 450500.00 450500.00
31/03/2006 21.19 20.09 21.19 20.26 0 621900.00 621900.00
03/04/2006 20.31 19.52 20.80 19.75 0 858900.00 858900.00
04/04/2006 20.00 19.59 20.48 20.35 0 1311000.00 1311000.00
05/04/2006 20.50 19.75 20.50 19.87 0 1287500.00 1287500.00
06/04/2006 19.90 19.80 20.55 20.40 0 870200.00 870200.00
07/04/2006 20.50 20.11 21.00 20.74 0 715800.00 715800.00
10/04/2006 19.94 19.86 20.84 20.00 0 865100.00 865100.00
11/04/2006 20.20 19.74 20.35 19.74 0 380500.00 380500.00
12/04/2006 20.00 19.51 20.05 19.54 0 590200.00 590200.00
13/04/2006 19.52 19.05 19.52 19.10 0 268700.00 268700.00
14/04/2006 19.10 19.10 19.10 19.10 0 0.00 0.00
17/04/2006 19.43 18.78 19.54 18.80 0 278700.00 278700.00
18/04/2006 18.85 18.70 19.10 18.95 0 735700.00 735700.00
19/04/2006 19.19 18.88 19.20 18.90 0 402400.00 402400.00
20/04/2006 18.92 18.90 19.55 19.20 0 1089800.00 1089800.00
21/04/2006 19.20 19.20 19.20 19.20 0 0.00 0.00
24/04/2006 19.47 18.80 19.47 18.86 0 358700.00 358700.00
25/04/2006 18.98 18.70 19.00 18.99 0 352400.00 352400.00
26/04/2006 19.10 18.82 19.10 19.00 0 500600.00 500600.00
27/04/2006 18.99 18.60 18.99 18.62 0 354800.00 354800.00
28/04/2006 18.89 18.26 18.89 18.30 0 1711300.00 1711300.00
01/05/2006 18.30 18.30 18.30 18.30 0 0.00 0.00
02/05/2006 18.40 18.39 19.19 19.00 0 1529600.00 1529600.00
03/05/2006 19.19 18.60 19.35 18.60 0 531900.00 531900.00
04/05/2006 18.77 17.75 18.85 17.85 0 1045600.00 1045600.00
05/05/2006 17.80 17.80 18.35 18.30 0 858200.00 858200.00
08/05/2006 18.34 18.19 18.99 18.90 0 1962900.00 1962900.00
09/05/2006 19.01 18.90 19.93 19.90 0 3144700.00 3144700.00
10/05/2006 19.92 19.40 20.00 19.80 0 777400.00 777400.00
11/05/2006 19.90 19.03 19.94 19.19 0 490700.00 490700.00
12/05/2006 19.30 18.82 19.30 19.00 0 1196100.00 1196100.00
15/05/2006 19.00 18.55 19.20 18.76 0 1323100.00 1323100.00
16/05/2006 19.24 18.90 19.59 19.00 0 1243300.00 1243300.00
17/05/2006 18.27 18.11 19.00 18.31 0 562400.00 562400.00
18/05/2006 18.56 18.12 18.90 18.50 0 646200.00 646200.00
19/05/2006 18.90 17.81 18.90 18.02 0 482500.00 482500.00
22/05/2006 17.90 16.25 17.90 17.50 0 1036200.00 1036200.00
23/05/2006 17.65 16.50 17.90 17.65 0 1057300.00 1057300.00
24/05/2006 16.80 15.16 16.85 16.00 0 893400.00 893400.00
25/05/2006 16.20 15.85 17.89 17.89 0 1321600.00 1321600.00
26/05/2006 17.90 17.51 18.49 18.19 0 771600.00 771600.00
29/05/2006 18.20 17.70 18.35 17.70 0 233200.00 233200.00
30/05/2006 17.50 17.05 18.09 17.51 0 782100.00 782100.00
31/05/2006 17.40 17.25 18.29 17.25 0 995400.00 995400.00
01/06/2006 17.55 17.50 18.20 18.00 0 637700.00 637700.00
02/06/2006 18.34 17.50 18.50 17.90 0 677700.00 677700.00
05/06/2006 18.00 17.10 18.00 17.25 0 228300.00 228300.00
06/06/2006 17.08 16.91 17.59 17.40 0 250000.00 250000.00
07/06/2006 17.50 16.90 18.20 17.30 0 582000.00 582000.00
08/06/2006 17.02 17.00 18.20 18.00 0 1049500.00 1049500.00
09/06/2006 18.20 17.68 18.50 17.80 0 425100.00 425100.00
12/06/2006 17.50 16.60 18.10 16.97 0 708900.00 708900.00
13/06/2006 16.60 16.25 17.49 17.00 0 1089600.00 1089600.00
14/06/2006 17.00 16.15 17.84 17.70 0 1568800.00 1568800.00
16/06/2006 18.10 16.98 18.28 17.42 0 745200.00 745200.00
19/06/2006 17.87 17.80 18.19 17.80 0 807100.00 807100.00
20/06/2006 17.30 17.30 18.00 17.60 0 353200.00 353200.00
21/06/2006 17.40 17.02 17.51 17.19 0 521300.00 521300.00
22/06/2006 17.30 17.06 17.85 17.51 0 246300.00 246300.00
23/06/2006 17.55 17.15 17.75 17.70 0 213600.00 213600.00
26/06/2006 17.60 17.31 17.60 17.55 0 200900.00 200900.00
27/06/2006 17.69 17.20 17.80 17.41 0 254300.00 254300.00
28/06/2006 17.60 17.00 17.65 17.01 0 591400.00 591400.00
29/06/2006 17.20 16.89 17.84 17.84 0 771900.00 771900.00
30/06/2006 17.84 17.30 17.85 17.70 0 542600.00 542600.00
03/07/2006 17.70 17.70 18.60 18.55 0 498800.00 498800.00
04/07/2006 18.78 18.30 18.78 18.35 0 179200.00 179200.00
05/07/2006 17.86 17.40 18.30 17.40 0 470200.00 470200.00
06/07/2006 17.69 17.40 17.90 17.43 0 398000.00 398000.00
07/07/2006 17.88 17.45 18.49 18.24 0 551900.00 551900.00
10/07/2006 18.23 17.61 18.29 17.61 0 238500.00 238500.00
11/07/2006 17.60 17.25 17.75 17.45 0 410200.00 410200.00
12/07/2006 17.50 17.46 18.04 17.75 0 413100.00 413100.00
13/07/2006 17.50 17.30 17.80 17.35 0 431900.00 431900.00
14/07/2006 17.40 17.26 17.79 17.75 0 148100.00 148100.00
17/07/2006 17.31 17.30 17.75 17.73 0 152200.00 152200.00
18/07/2006 17.73 17.59 18.30 18.28 0 437900.00 437900.00
19/07/2006 18.30 17.99 19.10 19.10 0 389500.00 389500.00
20/07/2006 19.14 18.50 19.20 18.74 0 428200.00 428200.00
21/07/2006 18.88 18.10 18.88 18.79 0 191900.00 191900.00
24/07/2006 18.98 18.86 19.60 19.60 0 361000.00 361000.00
25/07/2006 19.50 19.13 20.30 20.30 0 1032600.00 1032600.00
26/07/2006 19.99 19.89 20.30 20.30 0 874100.00 874100.00
27/07/2006 20.29 19.64 20.50 19.70 0 603300.00 603300.00
28/07/2006 19.85 19.45 20.35 20.17 0 482600.00 482600.00
31/07/2006 20.10 20.02 20.50 20.45 0 297600.00 297600.00
01/08/2006 20.47 20.00 20.47 20.00 0 267300.00 267300.00
02/08/2006 20.20 19.70 20.40 19.98 0 704200.00 704200.00
03/08/2006 19.97 19.32 19.97 19.37 0 1722100.00 1722100.00
04/08/2006 19.48 19.41 19.85 19.85 0 697700.00 697700.00
07/08/2006 19.70 19.52 20.10 19.60 0 419400.00 419400.00
08/08/2006 19.75 19.35 19.95 19.60 0 615200.00 615200.00
09/08/2006 19.89 19.40 20.40 19.50 0 1198200.00 1198200.00
10/08/2006 19.70 19.35 20.30 20.10 0 953900.00 953900.00
11/08/2006 19.81 19.48 20.00 19.51 0 1306200.00 1306200.00
14/08/2006 19.65 19.15 19.94 19.50 0 449700.00 449700.00
15/08/2006 19.95 19.55 20.15 20.00 0 604500.00 604500.00
16/08/2006 20.15 19.76 20.20 20.15 0 1404700.00 1404700.00
17/08/2006 20.20 19.65 20.51 19.80 0 631300.00 631300.00
18/08/2006 20.00 19.78 20.18 19.90 0 629100.00 629100.00
21/08/2006 19.70 19.50 20.20 20.06 0 444100.00 444100.00
22/08/2006 20.00 19.60 20.22 19.60 0 448600.00 448600.00
23/08/2006 19.60 19.45 19.79 19.50 0 677600.00 677600.00
24/08/2006 19.90 19.35 20.25 20.00 0 492400.00 492400.00
25/08/2006 20.18 19.86 20.50 20.45 0 373700.00 373700.00
28/08/2006 20.43 20.02 20.90 20.90 0 390400.00 390400.00
29/08/2006 20.80 20.56 21.15 20.79 0 498600.00 498600.00
30/08/2006 20.89 20.22 20.91 20.50 0 164400.00 164400.00
31/08/2006 20.80 20.10 20.90 20.89 0 442800.00 442800.00
01/09/2006 20.90 20.80 21.75 21.55 0 854700.00 854700.00
04/09/2006 21.55 21.12 22.19 22.00 0 316300.00 316300.00
05/09/2006 21.95 21.60 22.00 21.90 0 471200.00 471200.00
06/09/2006 21.89 21.70 22.00 21.81 0 658200.00 658200.00
08/09/2006 21.80 21.80 22.45 22.00 0 516600.00 516600.00
11/09/2006 21.95 21.30 22.10 21.90 0 476000.00 476000.00
12/09/2006 22.00 20.80 22.00 21.00 0 621700.00 621700.00
13/09/2006 21.07 20.20 21.10 20.40 0 887000.00 887000.00
14/09/2006 20.46 20.45 21.00 20.70 0 277600.00 277600.00
15/09/2006 20.80 20.62 21.48 21.48 0 394600.00 394600.00
18/09/2006 21.50 21.21 21.95 21.95 0 484000.00 484000.00
19/09/2006 21.60 21.07 21.85 21.40 0 544300.00 544300.00
20/09/2006 21.50 20.51 21.84 20.86 0 408800.00 408800.00
21/09/2006 21.19 20.25 21.38 20.50 0 850900.00 850900.00
22/09/2006 20.50 20.20 20.98 20.65 0 414700.00 414700.00
25/09/2006 20.70 20.00 21.90 21.75 0 382500.00 382500.00
26/09/2006 21.90 21.35 21.98 21.70 0 477500.00 477500.00
27/09/2006 21.50 21.05 21.70 21.45 0 709600.00 709600.00
28/09/2006 21.49 20.60 21.70 21.00 0 893900.00 893900.00
29/09/2006 20.85 20.51 21.15 21.00 0 321200.00 321200.00
02/10/2006 21.11 21.11 22.30 22.26 0 1893200.00 1893200.00
03/10/2006 22.20 22.00 22.58 22.58 0 618700.00 618700.00
04/10/2006 22.40 22.40 23.75 23.65 0 1121100.00 1121100.00
05/10/2006 23.55 22.90 23.81 22.94 0 1029900.00 1029900.00
06/10/2006 22.94 22.36 22.94 22.80 0 1105300.00 1105300.00
09/10/2006 22.75 22.05 22.75 22.40 0 500.00 500.00
11/10/2006 22.60 22.51 23.00 22.94 0 719400.00 719400.00
13/10/2006 23.15 22.40 23.15 22.88 0 901600.00 901600.00
16/10/2006 22.87 22.20 22.87 22.77 0 596100.00 596100.00
17/10/2006 22.65 22.21 23.07 23.05 0 802600.00 802600.00
18/10/2006 23.06 22.20 23.40 22.61 0 1207300.00 1207300.00
19/10/2006 22.60 21.80 22.60 21.95 0 279800.00 279800.00
20/10/2006 22.00 21.75 22.25 22.00 0 583300.00 583300.00
23/10/2006 22.13 21.60 22.58 22.58 0 400100.00 400100.00
24/10/2006 22.20 22.20 22.64 22.64 0 197400.00 197400.00
25/10/2006 22.45 21.90 22.56 22.46 0 561700.00 561700.00
26/10/2006 22.49 22.11 22.60 22.35 0 321400.00 321400.00
27/10/2006 22.30 21.70 22.32 21.93 0 238300.00 238300.00
30/10/2006 21.70 21.35 21.93 21.90 0 585100.00 585100.00
31/10/2006 22.00 22.00 22.92 22.87 0 733600.00 733600.00
01/11/2006 22.95 22.70 23.84 23.68 0 1251200.00 1251200.00
03/11/2006 23.40 23.30 24.20 23.70 0 404900.00 404900.00
06/11/2006 24.09 23.86 24.58 24.58 0 1024900.00 1024900.00
07/11/2006 24.56 23.39 24.57 23.45 0 1209900.00 1209900.00
08/11/2006 23.37 23.00 23.85 23.70 0 559100.00 559100.00
09/11/2006 24.39 24.00 24.95 24.38 0 1400200.00 1400200.00
10/11/2006 24.02 24.00 24.80 24.15 0 600600.00 600600.00
13/11/2006 24.00 23.21 24.02 23.75 0 675200.00 675200.00
14/11/2006 23.70 23.53 24.35 24.10 0 1057800.00 1057800.00
16/11/2006 24.10 23.73 24.70 24.60 0 2352900.00 2352900.00
17/11/2006 24.60 24.11 24.65 24.50 0 573200.00 573200.00
21/11/2006 24.54 24.00 25.89 25.89 0 1660100.00 1660100.00
22/11/2006 25.76 25.60 26.95 26.70 0 1102200.00 1102200.00
23/11/2006 26.63 26.40 27.25 27.00 0 897300.00 897300.00
24/11/2006 26.99 26.30 27.90 26.79 0 1202700.00 1202700.00
27/11/2006 27.00 25.40 27.00 25.99 0 989400.00 989400.00
28/11/2006 25.99 25.60 26.78 26.75 0 690300.00 690300.00
29/11/2006 26.75 26.60 27.66 27.25 0 1178300.00 1178300.00
30/11/2006 27.49 27.05 27.75 27.55 0 638500.00 638500.00
01/12/2006 27.77 27.42 28.25 28.25 0 1345900.00 1345900.00
04/12/2006 28.40 27.71 29.20 29.20 0 906100.00 906100.00
05/12/2006 29.19 28.42 29.75 29.59 0 925700.00 925700.00
06/12/2006 29.40 29.05 29.70 29.15 0 1005700.00 1005700.00
07/12/2006 29.79 28.55 29.79 28.96 0 577200.00 577200.00
08/12/2006 28.71 28.41 29.40 28.65 0 341000.00 341000.00
11/12/2006 28.70 28.17 29.20 28.30 0 284600.00 284600.00
12/12/2006 28.30 27.65 28.44 27.99 0 1036300.00 1036300.00
13/12/2006 28.28 27.51 28.29 27.94 0 1040300.00 1040300.00
14/12/2006 28.50 27.51 28.60 27.75 0 639300.00 639300.00
15/12/2006 28.19 27.70 28.25 27.81 0 943800.00 943800.00
18/12/2006 28.00 27.65 28.33 27.85 0 731300.00 731300.00
19/12/2006 27.99 27.49 27.99 27.75 0 979900.00 979900.00
20/12/2006 28.24 27.95 28.25 28.00 0 2485300.00 2485300.00
21/12/2006 28.20 27.50 28.22 27.80 0 422700.00 422700.00
22/12/2006 28.00 27.60 28.19 27.80 0 493800.00 493800.00
26/12/2006 28.20 28.20 29.00 28.85 0 1204300.00 1204300.00
27/12/2006 28.95 28.31 29.30 29.05 0 979500.00 979500.00
28/12/2006 29.05 28.50 29.05 28.85 0 620000.00 620000.00
02/01/2007 28.98 28.98 30.15 30.00 0 631900.00 631900.00
03/01/2007 29.95 29.78 30.20 29.85 0 917400.00 917400.00
04/01/2007 29.98 29.00 29.98 29.00 0 720500.00 720500.00
05/01/2007 29.00 27.70 29.46 28.89 0 1367500.00 1367500.00
08/01/2007 28.91 28.01 29.39 28.40 0 919400.00 919400.00
09/01/2007 28.61 27.01 28.61 27.48 0 645600.00 645600.00
10/01/2007 25.01 24.95 26.29 25.45 0 6415800.00 6415800.00
11/01/2007 26.00 25.43 26.30 25.56 0 4269400.00 4269400.00
12/01/2007 25.95 24.65 25.98 25.44 0 4101500.00 4101500.00
15/01/2007 25.60 25.56 26.26 26.00 0 1494200.00 1494200.00
16/01/2007 26.00 25.70 26.50 26.30 0 1530300.00 1530300.00
17/01/2007 26.50 26.11 27.60 27.30 0 2784800.00 2784800.00
18/01/2007 27.49 27.20 28.10 27.87 0 2858200.00 2858200.00
19/01/2007 27.81 26.55 27.90 27.60 0 1244600.00 1244600.00
22/01/2007 27.80 27.60 28.09 27.95 0 755000.00 755000.00
23/01/2007 27.92 27.11 28.17 27.60 0 1110600.00 1110600.00
24/01/2007 27.80 27.30 27.93 27.50 0 1085900.00 1085900.00
26/01/2007 27.25 26.90 27.90 27.90 0 1699500.00 1699500.00
29/01/2007 27.69 27.60 27.80 27.74 0 927300.00 927300.00
30/01/2007 27.70 27.55 28.21 27.93 0 955100.00 955100.00
31/01/2007 27.87 27.11 28.00 27.90 0 626400.00 626400.00
01/02/2007 27.80 27.65 28.20 27.90 0 534900.00 534900.00
02/02/2007 27.95 26.64 27.95 27.05 0 2018900.00 2018900.00
05/02/2007 27.10 26.60 27.10 27.08 0 583200.00 583200.00
06/02/2007 27.00 26.95 27.25 27.16 0 601600.00 601600.00
07/02/2007 27.19 26.70 27.20 27.00 0 854500.00 854500.00
08/02/2007 26.80 26.60 27.86 27.80 0 714200.00 714200.00
09/02/2007 27.80 27.09 27.81 27.39 0 870300.00 870300.00
12/02/2007 27.79 26.62 27.79 26.80 0 1609800.00 1609800.00
13/02/2007 26.96 26.83 27.48 27.48 0 504600.00 504600.00
14/02/2007 27.40 27.16 27.83 27.51 0 1572700.00 1572700.00
15/02/2007 27.51 27.00 27.60 27.18 0 1526100.00 1526100.00
16/02/2007 27.33 26.20 27.34 26.90 0 1104400.00 1104400.00
21/02/2007 26.90 26.50 27.85 27.79 0 241600.00 241600.00
22/02/2007 27.67 27.60 28.15 28.14 0 520500.00 520500.00
23/02/2007 28.14 27.51 28.15 28.03 0 489000.00 489000.00
26/02/2007 28.08 27.80 28.54 28.54 0 391100.00 391100.00
27/02/2007 27.27 26.13 27.60 26.31 0 1803600.00 1803600.00
28/02/2007 26.50 26.00 27.30 27.30 0 1073700.00 1073700.00
01/03/2007 26.55 26.01 27.60 27.15 0 998000.00 998000.00
02/03/2007 26.70 26.52 27.24 26.70 0 1032400.00 1032400.00
05/03/2007 26.11 25.49 26.80 25.49 0 655500.00 655500.00
06/03/2007 26.11 25.90 27.00 26.69 0 816900.00 816900.00
07/03/2007 26.69 25.82 26.80 26.00 0 594000.00 594000.00
08/03/2007 26.60 26.27 26.69 26.65 0 689500.00 689500.00
09/03/2007 26.65 26.53 27.20 26.90 0 568800.00 568800.00
12/03/2007 26.89 26.37 27.93 27.70 0 1181900.00 1181900.00
13/03/2007 27.40 26.93 27.72 27.17 0 1223800.00 1223800.00
14/03/2007 26.55 26.10 27.30 26.85 0 1692200.00 1692200.00
15/03/2007 26.85 26.32 27.10 26.80 0 787400.00 787400.00
16/03/2007 27.00 26.35 27.00 26.50 0 365200.00 365200.00
19/03/2007 27.00 26.37 27.00 26.45 0 537800.00 537800.00
20/03/2007 26.40 26.35 26.70 26.57 0 618300.00 618300.00
21/03/2007 26.87 26.60 27.72 27.50 0 621200.00 621200.00
22/03/2007 27.60 26.85 27.64 27.00 0 712700.00 712700.00
23/03/2007 27.00 26.99 27.70 27.50 0 669700.00 669700.00
26/03/2007 27.51 27.00 27.65 27.15 0 512700.00 512700.00
27/03/2007 27.20 26.51 27.20 26.89 0 371900.00 371900.00
28/03/2007 26.89 26.25 26.90 26.50 0 583900.00 583900.00
29/03/2007 26.70 26.51 27.39 27.10 0 523600.00 523600.00
30/03/2007 26.89 26.55 27.49 27.47 0 1232100.00 1232100.00
02/04/2007 27.38 27.20 27.70 27.20 0 842800.00 842800.00
03/04/2007 27.56 27.56 28.50 28.39 0 1561900.00 1561900.00
04/04/2007 28.50 28.35 29.28 28.44 0 798500.00 798500.00
05/04/2007 28.61 28.30 28.99 28.95 0 621100.00 621100.00
09/04/2007 28.96 28.21 29.15 28.47 0 623600.00 623600.00
10/04/2007 28.43 28.03 28.81 28.10 0 3667200.00 3667200.00
11/04/2007 28.20 27.09 28.30 27.52 0 800900.00 800900.00
12/04/2007 27.50 27.50 28.80 28.73 0 516300.00 516300.00
13/04/2007 28.51 28.51 30.49 30.00 0 2871400.00 2871400.00
16/04/2007 30.41 29.82 30.45 29.90 0 1283000.00 1283000.00
17/04/2007 29.91 29.70 30.49 30.25 0 815800.00 815800.00
18/04/2007 30.05 30.00 30.65 30.00 0 1400600.00 1400600.00
19/04/2007 29.72 29.12 30.59 30.30 0 640000.00 640000.00
20/04/2007 30.35 29.86 30.50 30.49 0 824800.00 824800.00
23/04/2007 30.49 30.19 31.20 30.76 0 783600.00 783600.00
24/04/2007 30.75 29.91 31.10 30.88 0 404900.00 404900.00
26/04/2007 31.45 30.57 31.48 30.84 0 827400.00 827400.00
27/04/2007 30.01 29.89 31.60 31.60 0 625900.00 625900.00
30/04/2007 31.69 31.11 31.85 31.77 0 433000.00 433000.00
02/05/2007 31.89 31.12 31.89 31.48 0 1270100.00 1270100.00
03/05/2007 31.80 31.21 32.05 31.49 0 944400.00 944400.00
04/05/2007 31.49 31.05 32.00 31.88 0 689700.00 689700.00
07/05/2007 31.49 31.23 31.89 31.68 0 505900.00 505900.00
08/05/2007 31.25 31.16 32.35 32.29 0 1464100.00 1464100.00
09/05/2007 32.25 31.71 32.71 32.60 0 626100.00 626100.00
10/05/2007 32.51 31.58 32.59 32.14 0 446100.00 446100.00
11/05/2007 31.70 31.60 32.15 32.00 0 380400.00 380400.00
14/05/2007 31.99 31.90 32.45 32.25 0 319900.00 319900.00
15/05/2007 32.30 32.20 33.80 32.70 0 646400.00 646400.00
16/05/2007 32.87 32.30 33.75 32.90 0 1536900.00 1536900.00
17/05/2007 33.08 32.25 33.26 32.25 0 405500.00 405500.00
18/05/2007 32.40 31.20 32.75 31.50 0 809100.00 809100.00
21/05/2007 31.50 31.28 32.09 31.69 0 417000.00 417000.00
22/05/2007 31.71 31.00 31.71 31.10 0 643600.00 643600.00
23/05/2007 31.72 30.90 31.84 31.40 0 819900.00 819900.00
24/05/2007 31.40 30.20 31.40 30.60 0 859500.00 859500.00
25/05/2007 30.61 30.61 32.00 31.95 0 621000.00 621000.00
28/05/2007 31.80 31.58 32.40 32.20 0 217900.00 217900.00
29/05/2007 32.23 31.64 32.95 32.40 0 603100.00 603100.00
30/05/2007 32.00 31.45 33.24 32.96 0 434900.00 434900.00
31/05/2007 33.10 32.25 33.44 32.25 0 596700.00 596700.00
01/06/2007 32.97 32.20 32.99 32.39 0 375500.00 375500.00
04/06/2007 32.41 31.76 33.15 31.89 0 562300.00 562300.00
05/06/2007 32.00 31.52 32.25 32.25 0 720700.00 720700.00
06/06/2007 32.00 31.11 32.00 31.35 0 774100.00 774100.00
08/06/2007 30.90 30.51 31.90 31.70 0 519100.00 519100.00
11/06/2007 31.70 31.42 32.08 31.65 0 320200.00 320200.00
12/06/2007 31.61 30.25 31.61 31.00 0 642900.00 642900.00
13/06/2007 31.15 30.80 31.75 31.50 0 1125600.00 1125600.00
14/06/2007 31.50 31.41 31.85 31.68 0 567100.00 567100.00
15/06/2007 32.00 31.83 32.40 32.30 0 655300.00 655300.00
18/06/2007 32.48 32.00 32.63 32.35 0 1295300.00 1295300.00
19/06/2007 32.11 32.00 32.98 32.95 0 2327500.00 2327500.00
20/06/2007 32.90 32.11 32.98 32.60 0 931600.00 931600.00
21/06/2007 32.70 32.01 33.40 33.30 0 835500.00 835500.00
22/06/2007 32.51 32.30 33.20 33.10 0 1157900.00 1157900.00
25/06/2007 33.10 32.40 33.10 32.50 0 1456900.00 1456900.00
26/06/2007 32.50 32.26 33.67 33.29 0 442500.00 442500.00
27/06/2007 33.20 32.63 34.70 34.60 0 1023300.00 1023300.00
28/06/2007 35.65 34.70 37.40 37.00 0 1800600.00 1800600.00
29/06/2007 37.06 35.50 37.48 35.51 0 722300.00 722300.00
02/07/2007 35.54 34.80 36.20 36.19 0 661200.00 661200.00
03/07/2007 36.18 35.15 36.19 36.00 0 484600.00 484600.00
04/07/2007 35.89 34.60 35.89 35.00 0 507400.00 507400.00
05/07/2007 35.15 34.62 35.55 34.91 0 551000.00 551000.00
06/07/2007 36.32 36.32 36.32 36.32 0 693500.00 693500.00
10/07/2007 36.32 35.51 37.50 37.20 0 664500.00 664500.00
11/07/2007 36.99 36.99 38.39 37.39 0 1262100.00 1262100.00
12/07/2007 38.00 36.36 38.00 36.86 0 589700.00 589700.00
13/07/2007 36.96 36.52 37.50 36.60 0 553200.00 553200.00
16/07/2007 36.80 35.50 37.09 36.49 0 749200.00 749200.00
17/07/2007 36.45 36.14 37.69 37.25 0 706400.00 706400.00
18/07/2007 37.25 36.33 37.25 36.70 0 634900.00 634900.00
19/07/2007 37.29 36.92 38.50 37.00 0 830200.00 830200.00
20/07/2007 37.01 35.90 37.01 36.89 0 580000.00 580000.00
23/07/2007 36.99 36.50 37.89 36.82 0 451900.00 451900.00
24/07/2007 36.61 34.00 36.75 35.75 0 1181900.00 1181900.00
25/07/2007 35.76 33.75 36.00 34.90 0 1042400.00 1042400.00
26/07/2007 34.44 32.62 34.69 33.52 0 1441500.00 1441500.00
27/07/2007 33.00 33.00 34.91 34.00 0 1051100.00 1051100.00
30/07/2007 34.11 33.51 35.49 34.99 0 549700.00 549700.00
31/07/2007 35.74 33.84 35.74 34.06 0 687300.00 687300.00
01/08/2007 33.61 32.60 34.01 33.00 0 682500.00 682500.00
02/08/2007 33.42 32.90 34.06 33.63 0 767700.00 767700.00
03/08/2007 33.95 32.58 33.95 33.25 0 978000.00 978000.00
06/08/2007 33.40 32.15 34.00 33.76 0 677400.00 677400.00
07/08/2007 33.87 33.40 35.70 35.35 0 498100.00 498100.00
08/08/2007 35.76 35.76 37.50 36.60 0 556700.00 556700.00
09/08/2007 36.09 35.01 36.72 36.11 0 695200.00 695200.00
10/08/2007 34.41 33.90 35.79 35.00 0 597400.00 597400.00
13/08/2007 35.17 34.51 35.40 35.10 0 445700.00 445700.00
14/08/2007 35.22 34.10 35.30 34.54 0 471100.00 471100.00
15/08/2007 34.30 31.60 34.49 32.80 0 1802700.00 1802700.00
16/08/2007 31.00 28.85 31.50 30.26 0 1329000.00 1329000.00
17/08/2007 31.77 29.01 32.80 32.75 0 1000700.00 1000700.00
20/08/2007 33.25 32.10 34.00 33.89 0 633200.00 633200.00
21/08/2007 33.96 32.93 34.39 33.70 0 617200.00 617200.00
22/08/2007 34.34 33.54 34.50 33.86 0 839100.00 839100.00
23/08/2007 34.19 32.61 34.30 33.90 0 350200.00 350200.00
24/08/2007 33.75 33.35 34.78 34.78 0 793100.00 793100.00
27/08/2007 34.39 34.01 34.80 34.40 0 306000.00 306000.00
28/08/2007 34.39 32.63 34.39 33.08 0 480500.00 480500.00
29/08/2007 33.21 32.65 34.10 33.75 0 329300.00 329300.00
30/08/2007 33.47 33.03 34.00 33.50 0 505600.00 505600.00
31/08/2007 34.13 33.50 34.30 34.00 0 784900.00 784900.00
03/09/2007 34.29 33.83 34.40 33.90 0 329000.00 329000.00
04/09/2007 34.20 33.50 34.37 33.50 0 503000.00 503000.00
05/09/2007 33.39 33.25 34.59 34.35 0 491900.00 491900.00
06/09/2007 34.80 34.04 34.95 34.29 0 454800.00 454800.00
10/09/2007 34.00 32.83 34.00 33.25 0 343700.00 343700.00
11/09/2007 33.75 33.50 34.07 33.75 0 715900.00 715900.00
12/09/2007 33.95 33.34 34.70 33.41 0 622000.00 622000.00
13/09/2007 33.94 33.62 34.47 33.85 0 449700.00 449700.00
14/09/2007 33.85 33.71 34.72 34.70 0 425000.00 425000.00
17/09/2007 34.40 33.36 34.79 33.90 0 418700.00 418700.00
18/09/2007 34.06 33.31 35.12 35.12 0 881900.00 881900.00
19/09/2007 35.33 34.66 35.80 35.20 0 1237800.00 1237800.00
20/09/2007 35.50 34.30 35.50 34.61 0 678900.00 678900.00
21/09/2007 35.02 34.51 35.40 34.60 0 627600.00 627600.00
24/09/2007 35.10 33.90 35.28 35.10 0 734700.00 734700.00
25/09/2007 34.99 34.70 35.49 35.00 0 847600.00 847600.00
26/09/2007 35.30 35.30 36.24 35.90 0 610500.00 610500.00
27/09/2007 36.20 35.70 36.65 36.60 0 988500.00 988500.00
28/09/2007 36.35 36.05 37.48 36.90 0 658300.00 658300.00
01/10/2007 37.38 37.20 38.71 38.71 0 772400.00 772400.00
02/10/2007 38.71 38.00 38.95 38.11 0 750200.00 750200.00
03/10/2007 38.35 36.17 38.57 37.14 0 467800.00 467800.00
04/10/2007 37.40 37.21 38.97 38.70 0 634300.00 634300.00
05/10/2007 39.02 38.71 39.90 38.71 0 1159500.00 1159500.00
08/10/2007 39.33 38.55 39.41 38.79 0 655200.00 655200.00
09/10/2007 39.01 36.01 39.45 36.01 0 2197900.00 2197900.00
10/10/2007 34.29 33.20 34.60 33.49 0 3727000.00 3727000.00
11/10/2007 33.80 32.69 34.15 32.69 0 1308100.00 1308100.00
15/10/2007 32.80 30.20 33.30 30.95 0 1834800.00 1834800.00
16/10/2007 30.59 29.99 30.70 30.01 0 1715800.00 1715800.00
17/10/2007 30.35 29.00 30.99 30.00 0 1548400.00 1548400.00
18/10/2007 30.09 29.55 31.80 31.80 0 1106000.00 1106000.00
19/10/2007 32.00 31.01 32.25 31.10 0 1283300.00 1283300.00
22/10/2007 30.60 30.21 31.10 30.36 0 662700.00 662700.00
23/10/2007 31.00 30.52 31.00 30.70 0 1625100.00 1625100.00
24/10/2007 30.93 30.50 31.49 30.93 0 1355100.00 1355100.00
25/10/2007 31.35 30.06 31.48 30.50 0 591300.00 591300.00
26/10/2007 30.51 29.72 30.98 30.50 0 826700.00 826700.00
29/10/2007 30.55 30.55 31.23 30.80 0 724400.00 724400.00
30/10/2007 30.99 30.50 32.04 31.85 0 1408600.00 1408600.00
31/10/2007 32.11 31.70 32.69 31.99 0 1617400.00 1617400.00
01/11/2007 31.50 31.30 32.95 32.20 0 1337700.00 1337700.00
05/11/2007 32.21 31.77 33.46 33.00 0 1124400.00 1124400.00
06/11/2007 33.51 32.20 33.71 32.56 0 1094400.00 1094400.00
07/11/2007 32.58 32.00 32.79 32.19 0 1061900.00 1061900.00
08/11/2007 32.40 30.09 32.43 30.88 0 835500.00 835500.00
09/11/2007 30.80 29.70 30.80 29.70 0 1384500.00 1384500.00
12/11/2007 29.65 29.10 30.70 29.50 0 806100.00 806100.00
13/11/2007 29.90 29.30 30.25 29.60 0 767100.00 767100.00
14/11/2007 30.30 30.16 31.00 31.00 0 680300.00 680300.00
16/11/2007 30.80 30.40 31.00 31.00 0 425500.00 425500.00
19/11/2007 31.00 29.50 31.00 29.50 0 456100.00 456100.00
21/11/2007 28.72 28.00 29.39 28.90 0 618200.00 618200.00
22/11/2007 29.32 28.50 29.32 28.55 0 150400.00 150400.00
23/11/2007 28.72 28.57 29.60 29.60 0 353000.00 353000.00
26/11/2007 29.61 28.50 31.00 28.50 0 1309900.00 1309900.00
27/11/2007 28.50 28.49 30.39 29.43 0 924500.00 924500.00
28/11/2007 30.00 29.60 31.78 31.55 0 836500.00 836500.00
29/11/2007 31.52 30.80 32.20 31.40 0 711100.00 711100.00
30/11/2007 32.20 31.21 32.21 31.30 0 733300.00 733300.00
03/12/2007 31.80 30.81 32.00 31.18 0 545300.00 545300.00
04/12/2007 31.18 30.21 31.30 31.20 0 628900.00 628900.00
05/12/2007 31.40 31.40 31.99 31.51 0 1147000.00 1147000.00
06/12/2007 31.66 31.02 31.90 31.90 0 334800.00 334800.00
07/12/2007 31.95 31.50 32.00 32.00 0 256900.00 256900.00
10/12/2007 31.90 31.57 32.47 32.00 0 1242200.00 1242200.00
11/12/2007 32.00 30.00 32.30 31.29 0 1072700.00 1072700.00
12/12/2007 31.20 30.80 31.80 31.68 0 1624700.00 1624700.00
13/12/2007 30.90 30.04 31.18 30.90 0 496400.00 496400.00
14/12/2007 30.42 29.83 30.79 29.85 0 450000.00 450000.00
17/12/2007 29.59 27.72 29.59 28.20 0 896600.00 896600.00
18/12/2007 28.70 27.70 29.10 29.10 0 391700.00 391700.00
19/12/2007 28.71 28.12 29.20 28.80 0 676300.00 676300.00
20/12/2007 29.14 27.35 29.14 29.00 0 1109300.00 1109300.00
21/12/2007 29.50 28.53 29.50 28.70 0 600700.00 600700.00
26/12/2007 28.69 28.16 28.80 28.50 0 457700.00 457700.00
27/12/2007 28.50 27.91 28.50 28.00 0 391900.00 391900.00
28/12/2007 28.01 27.50 28.20 27.50 0 1009700.00 1009700.00
02/01/2008 27.60 27.50 28.70 28.09 0 979600.00 979600.00
03/01/2008 28.11 27.00 28.99 27.40 0 531400.00 531400.00
04/01/2008 27.52 26.15 27.65 26.21 0 1441300.00 1441300.00
07/01/2008 26.31 26.15 27.14 26.80 0 766900.00 766900.00
08/01/2008 27.37 26.90 28.19 27.74 0 1039500.00 1039500.00
09/01/2008 27.50 27.00 28.10 28.05 0 893300.00 893300.00
10/01/2008 28.00 27.32 28.05 27.80 0 1032500.00 1032500.00
11/01/2008 27.32 27.10 27.80 27.69 0 851800.00 851800.00
14/01/2008 27.51 27.25 27.93 27.70 0 435200.00 435200.00
15/01/2008 27.77 27.00 27.77 27.00 0 1016500.00 1016500.00
16/01/2008 26.68 25.77 26.80 25.95 0 758500.00 758500.00
17/01/2008 26.06 24.21 26.08 25.00 0 621600.00 621600.00
18/01/2008 25.11 23.76 25.45 24.39 0 774800.00 774800.00
21/01/2008 23.33 21.70 23.33 21.74 0 1050500.00 1050500.00
22/01/2008 22.00 22.00 24.00 23.50 0 1483200.00 1483200.00
23/01/2008 23.00 22.52 23.89 23.15 0 1256500.00 1256500.00
24/01/2008 23.51 23.51 25.79 25.13 0 1647500.00 1647500.00
28/01/2008 24.50 23.80 25.33 25.17 0 1168200.00 1168200.00
29/01/2008 25.23 24.48 26.30 25.90 0 1830700.00 1830700.00
30/01/2008 26.30 25.82 27.50 27.10 0 1053700.00 1053700.00
31/01/2008 26.90 26.35 28.37 28.35 0 919200.00 919200.00
01/02/2008 28.90 28.44 29.40 29.10 0 1071200.00 1071200.00
06/02/2008 27.93 27.62 29.29 29.00 0 935300.00 935300.00
07/02/2008 28.47 27.84 28.84 28.20 0 1110600.00 1110600.00
08/02/2008 28.50 27.79 28.78 28.55 0 576100.00 576100.00
11/02/2008 28.71 28.25 29.25 29.00 0 677200.00 677200.00
12/02/2008 29.08 28.89 30.00 28.99 0 700700.00 700700.00
13/02/2008 29.49 28.72 29.75 29.02 0 1161000.00 1161000.00
14/02/2008 29.27 28.05 30.00 28.90 0 805600.00 805600.00
15/02/2008 28.50 27.55 28.85 28.85 0 706700.00 706700.00
18/02/2008 29.20 28.65 29.30 28.90 0 285300.00 285300.00
19/02/2008 29.30 28.51 29.46 28.86 0 491500.00 491500.00
20/02/2008 28.50 28.43 30.39 30.39 0 799200.00 799200.00
21/02/2008 31.00 28.46 31.12 28.85 0 1235100.00 1235100.00
22/02/2008 29.10 28.50 29.18 29.10 0 1039600.00 1039600.00
25/02/2008 29.10 28.57 29.49 29.04 0 946700.00 946700.00
26/02/2008 29.07 28.65 29.44 29.35 0 1433000.00 1433000.00
27/02/2008 28.85 27.65 29.40 28.85 0 1253200.00 1253200.00
28/02/2008 28.62 28.62 29.49 29.48 0 906100.00 906100.00
29/02/2008 28.90 28.50 28.95 28.85 0 694800.00 694800.00
03/03/2008 28.60 28.13 29.03 28.50 0 718200.00 718200.00
04/03/2008 28.69 27.15 28.69 27.25 0 949500.00 949500.00
05/03/2008 27.60 27.27 27.90 27.30 0 957400.00 957400.00
06/03/2008 27.40 26.13 27.45 26.47 0 849900.00 849900.00
07/03/2008 26.00 25.51 27.28 26.92 0 827300.00 827300.00
10/03/2008 26.43 25.12 26.51 25.60 0 1027900.00 1027900.00
11/03/2008 25.65 24.19 26.83 26.83 0 2187400.00 2187400.00
12/03/2008 27.19 26.25 27.75 27.40 0 622400.00 622400.00
13/03/2008 26.50 26.03 27.75 27.60 0 405400.00 405400.00
14/03/2008 26.06 26.05 27.73 27.55 0 744600.00 744600.00
18/03/2008 27.61 27.38 28.09 27.65 0 586400.00 586400.00
19/03/2008 27.57 25.68 28.10 26.50 0 493200.00 493200.00
20/03/2008 26.52 25.38 27.45 26.75 0 676200.00 676200.00
25/03/2008 27.28 26.67 27.98 27.85 0 525200.00 525200.00
26/03/2008 27.74 26.68 27.97 27.39 0 456600.00 456600.00
27/03/2008 27.15 27.00 27.65 27.12 0 406800.00 406800.00
28/03/2008 26.40 26.05 26.90 26.20 0 624800.00 624800.00
31/03/2008 26.07 25.50 26.29 25.89 0 1122900.00 1122900.00
01/04/2008 26.30 25.82 27.80 27.80 0 705100.00 705100.00
02/04/2008 27.69 27.14 27.95 27.30 0 659300.00 659300.00
03/04/2008 27.21 26.80 28.44 27.18 0 541400.00 541400.00
04/04/2008 27.57 26.80 27.57 27.10 0 366700.00 366700.00
07/04/2008 27.08 26.32 27.70 26.47 0 397100.00 397100.00
08/04/2008 26.52 26.32 27.68 27.60 0 464200.00 464200.00
09/04/2008 27.03 26.67 27.50 27.00 0 284500.00 284500.00
10/04/2008 27.00 26.22 27.23 26.85 0 491600.00 491600.00
11/04/2008 26.84 26.40 27.34 27.04 0 782600.00 782600.00
14/04/2008 26.70 25.87 26.81 26.54 0 254000.00 254000.00
15/04/2008 26.79 26.33 27.26 26.75 0 340400.00 340400.00
16/04/2008 26.78 26.70 27.50 27.00 0 1278200.00 1278200.00
17/04/2008 27.00 26.70 27.90 27.70 0 286800.00 286800.00
18/04/2008 27.69 27.21 27.95 27.76 0 332800.00 332800.00
22/04/2008 27.70 27.35 28.68 27.90 0 365800.00 365800.00
23/04/2008 27.73 27.17 28.54 27.50 0 595900.00 595900.00
24/04/2008 27.50 27.27 27.60 27.27 0 553900.00 553900.00
25/04/2008 27.27 27.26 28.00 27.90 0 498900.00 498900.00
28/04/2008 28.00 27.66 28.29 27.90 0 458100.00 458100.00
29/04/2008 27.65 26.77 27.99 27.68 0 295100.00 295100.00
30/04/2008 27.35 27.25 32.05 32.00 0 1301300.00 1301300.00
02/05/2008 31.95 30.35 32.85 31.35 0 1749200.00 1749200.00
05/05/2008 31.20 30.35 31.84 31.50 0 766300.00 766300.00
06/05/2008 31.50 31.12 32.40 32.40 0 1020100.00 1020100.00
07/05/2008 31.76 31.00 32.40 32.00 0 782500.00 782500.00
08/05/2008 31.90 31.22 32.00 32.00 0 343700.00 343700.00
09/05/2008 31.44 31.25 32.21 32.21 0 286700.00 286700.00
12/05/2008 32.02 31.81 32.48 32.48 0 587100.00 587100.00
13/05/2008 32.65 31.86 32.85 32.70 0 394100.00 394100.00
14/05/2008 32.70 31.85 33.00 32.79 0 1320200.00 1320200.00
15/05/2008 32.57 32.00 32.71 32.45 0 555700.00 555700.00
16/05/2008 32.78 30.69 32.78 31.39 0 999900.00 999900.00
19/05/2008 32.18 30.30 32.18 30.45 0 690700.00 690700.00
20/05/2008 30.22 29.90 31.15 31.15 0 512600.00 512600.00
21/05/2008 31.19 30.22 31.36 30.25 0 669700.00 669700.00
23/05/2008 30.25 29.49 30.67 30.42 0 308500.00 308500.00
26/05/2008 30.43 29.54 30.65 30.10 0 306300.00 306300.00
27/05/2008 30.00 29.30 30.45 29.56 0 546700.00 546700.00
28/05/2008 29.56 29.52 30.53 30.08 0 1294100.00 1294100.00
29/05/2008 30.19 30.12 32.31 31.04 0 506200.00 506200.00
30/05/2008 31.50 31.10 32.71 32.71 0 1301300.00 1301300.00
02/06/2008 32.08 31.52 32.54 32.54 0 564100.00 564100.00
03/06/2008 32.99 31.16 33.00 32.80 0 884700.00 884700.00
04/06/2008 32.45 32.00 33.66 33.60 0 782800.00 782800.00
05/06/2008 33.80 32.70 33.97 33.59 0 801600.00 801600.00
06/06/2008 33.47 31.99 33.47 32.77 0 579300.00 579300.00
10/06/2008 32.12 31.29 32.31 32.00 0 402300.00 402300.00
11/06/2008 32.20 31.23 32.63 32.60 0 1749800.00 1749800.00
12/06/2008 33.00 32.95 33.90 33.68 0 1059200.00 1059200.00
13/06/2008 33.89 33.10 33.90 33.65 0 514600.00 514600.00
16/06/2008 33.69 33.04 34.98 34.36 0 1705700.00 1705700.00
17/06/2008 34.52 34.52 35.98 35.86 0 1433700.00 1433700.00
18/06/2008 35.11 35.11 35.83 35.20 0 1096700.00 1096700.00
19/06/2008 34.70 34.60 35.29 34.91 0 243600.00 243600.00
20/06/2008 34.69 34.21 35.10 34.50 0 445900.00 445900.00
23/06/2008 34.21 33.66 34.21 33.97 0 329300.00 329300.00
24/06/2008 33.52 32.67 33.89 32.90 0 421000.00 421000.00
25/06/2008 33.10 32.84 34.31 32.90 0 772500.00 772500.00
26/06/2008 33.00 30.13 33.33 31.30 0 1086400.00 1086400.00
27/06/2008 31.43 31.43 32.10 31.95 0 723500.00 723500.00
30/06/2008 31.46 31.42 32.00 31.69 0 489100.00 489100.00
01/07/2008 31.47 30.50 32.50 31.14 0 916600.00 916600.00
02/07/2008 31.79 30.13 31.79 30.17 0 591300.00 591300.00
03/07/2008 30.90 29.40 31.44 29.80 0 654600.00 654600.00
04/07/2008 29.01 29.01 30.02 30.00 0 384900.00 384900.00
07/07/2008 30.59 28.70 30.59 28.80 0 1152700.00 1152700.00
08/07/2008 28.79 28.01 29.00 28.79 0 844900.00 844900.00
10/07/2008 28.50 28.45 29.57 28.69 0 1773400.00 1773400.00
11/07/2008 28.62 28.47 29.30 29.15 0 818100.00 818100.00
14/07/2008 28.80 28.50 29.51 28.55 0 1007300.00 1007300.00
15/07/2008 28.10 27.80 29.69 29.60 0 970400.00 970400.00
16/07/2008 29.74 29.46 30.39 29.61 0 1734700.00 1734700.00
17/07/2008 30.00 29.48 30.20 29.65 0 1308600.00 1308600.00
18/07/2008 29.65 29.20 30.45 29.74 0 570000.00 570000.00
21/07/2008 30.00 29.65 30.70 30.05 0 852200.00 852200.00
22/07/2008 29.80 29.17 29.80 29.75 0 971400.00 971400.00
23/07/2008 29.76 29.41 30.23 30.00 0 1085100.00 1085100.00
24/07/2008 30.00 29.58 30.00 29.70 0 1421700.00 1421700.00
25/07/2008 29.80 29.40 30.00 29.57 0 1147200.00 1147200.00
28/07/2008 29.94 29.58 30.10 29.79 0 537400.00 537400.00
29/07/2008 29.90 29.82 31.54 31.54 0 588100.00 588100.00
30/07/2008 31.55 31.50 32.20 32.20 0 536300.00 536300.00
31/07/2008 32.20 31.61 33.00 31.86 0 928700.00 928700.00
01/08/2008 31.62 30.10 31.79 30.70 0 470600.00 470600.00
04/08/2008 31.18 30.15 31.18 30.56 0 639400.00 639400.00
05/08/2008 30.10 30.10 31.89 30.40 0 888400.00 888400.00
06/08/2008 30.69 30.50 31.90 31.55 0 473200.00 473200.00
07/08/2008 31.99 31.13 31.99 31.20 0 419200.00 419200.00
08/08/2008 31.39 30.62 31.57 31.20 0 255700.00 255700.00
11/08/2008 31.52 29.16 31.52 29.60 0 765700.00 765700.00
12/08/2008 28.58 28.28 29.50 29.15 0 936900.00 936900.00
13/08/2008 29.00 28.40 29.90 28.93 0 1592600.00 1592600.00
14/08/2008 29.13 29.10 29.97 29.58 0 555200.00 555200.00
15/08/2008 29.60 28.21 29.90 28.81 0 1263100.00 1263100.00
18/08/2008 28.81 28.16 29.75 28.43 0 611900.00 611900.00
19/08/2008 28.89 28.31 29.48 28.90 0 288200.00 288200.00
20/08/2008 29.44 28.11 29.61 28.85 0 650700.00 650700.00
21/08/2008 29.38 28.51 29.49 29.11 0 402900.00 402900.00
22/08/2008 29.11 28.10 29.43 29.00 0 1029700.00 1029700.00
25/08/2008 29.00 28.91 29.45 29.16 0 420400.00 420400.00
26/08/2008 29.21 28.88 29.56 29.26 0 509300.00 509300.00
27/08/2008 29.45 28.54 29.94 29.43 0 324600.00 324600.00
28/08/2008 29.80 29.80 31.11 30.80 0 759600.00 759600.00
29/08/2008 31.08 29.82 31.08 29.82 0 1083000.00 1083000.00
01/09/2008 29.75 29.18 30.35 29.25 0 305600.00 305600.00
02/09/2008 28.89 28.69 29.77 29.00 0 809400.00 809400.00
03/09/2008 28.92 28.05 29.42 28.10 0 747900.00 747900.00
04/09/2008 28.12 27.60 28.61 28.30 0 763300.00 763300.00
05/09/2008 27.92 27.92 30.34 28.94 0 724900.00 724900.00
08/09/2008 28.92 28.80 29.75 29.12 0 627600.00 627600.00
09/09/2008 28.71 27.57 29.62 27.57 0 2260600.00 2260600.00
10/09/2008 28.29 26.63 28.29 27.46 0 1027500.00 1027500.00
11/09/2008 27.01 26.49 27.10 26.61 0 1436600.00 1436600.00
12/09/2008 26.71 25.80 26.89 25.81 0 1194800.00 1194800.00
15/09/2008 25.00 24.73 26.95 25.61 0 1867000.00 1867000.00
16/09/2008 25.00 24.90 26.80 24.90 0 1548600.00 1548600.00
17/09/2008 25.06 23.98 25.60 24.35 0 1710600.00 1710600.00
18/09/2008 24.44 24.00 25.50 24.35 0 1166800.00 1166800.00
19/09/2008 25.99 25.34 26.00 25.70 0 901100.00 901100.00
22/09/2008 25.82 25.06 26.48 25.75 0 1398800.00 1398800.00
23/09/2008 25.79 24.40 26.04 24.80 0 516700.00 516700.00
24/09/2008 25.53 24.32 25.53 24.32 0 665400.00 665400.00
25/09/2008 24.83 24.55 25.87 25.58 0 488300.00 488300.00
26/09/2008 25.28 24.62 25.94 25.29 0 433700.00 433700.00
29/09/2008 25.48 22.51 25.48 24.00 0 543800.00 543800.00
30/09/2008 24.00 23.79 25.00 25.00 0 731700.00 731700.00
01/10/2008 25.00 23.52 25.39 24.90 0 708000.00 708000.00
02/10/2008 24.40 22.50 24.58 23.25 0 835200.00 835200.00
03/10/2008 23.50 21.52 24.48 21.80 0 790800.00 790800.00
06/10/2008 20.89 19.26 22.38 21.68 0 579700.00 579700.00
07/10/2008 21.10 20.25 22.00 21.70 0 730400.00 730400.00
08/10/2008 20.85 19.90 21.58 21.50 0 948600.00 948600.00
09/10/2008 21.75 19.80 22.99 20.95 0 1040400.00 1040400.00
10/10/2008 20.00 19.20 21.00 20.00 0 1335600.00 1335600.00
13/10/2008 22.60 21.25 22.99 22.99 0 942900.00 942900.00
14/10/2008 24.20 22.80 24.20 23.15 0 767100.00 767100.00
15/10/2008 22.30 21.13 22.68 22.09 0 2174100.00 2174100.00
16/10/2008 22.00 19.90 22.79 21.75 0 1620200.00 1620200.00
17/10/2008 21.60 20.91 22.90 21.36 0 828000.00 828000.00
20/10/2008 21.43 21.06 22.49 22.00 0 669600.00 669600.00
21/10/2008 22.65 21.03 22.65 22.30 0 762300.00 762300.00
22/10/2008 21.75 19.60 21.75 19.60 0 616400.00 616400.00
23/10/2008 19.61 18.08 20.10 19.21 0 742600.00 742600.00
24/10/2008 17.00 16.57 17.99 17.00 0 826800.00 826800.00
27/10/2008 17.31 14.99 17.31 14.99 0 1076500.00 1076500.00
28/10/2008 16.00 13.30 17.30 15.89 0 2773100.00 2773100.00
29/10/2008 16.90 16.50 18.36 16.65 0 2542600.00 2542600.00
30/10/2008 17.00 16.80 19.92 19.92 0 1278900.00 1278900.00
31/10/2008 19.50 18.75 21.95 21.40 0 2259100.00 2259100.00
03/11/2008 21.40 20.54 21.60 20.63 0 895800.00 895800.00
04/11/2008 21.20 20.58 22.04 20.58 0 886900.00 886900.00
05/11/2008 20.46 19.51 20.59 19.96 0 573000.00 573000.00
06/11/2008 19.50 19.50 20.27 19.85 0 707700.00 707700.00
07/11/2008 19.61 19.26 20.59 19.90 0 781900.00 781900.00
10/11/2008 20.41 19.50 20.70 19.50 0 797000.00 797000.00
11/11/2008 19.50 18.66 20.69 20.24 0 1122700.00 1122700.00
12/11/2008 19.64 19.52 20.50 20.42 0 2281000.00 2281000.00
13/11/2008 20.45 20.12 21.30 21.30 0 989800.00 989800.00
14/11/2008 21.69 21.11 22.44 22.00 0 826200.00 826200.00
17/11/2008 21.35 21.31 22.30 21.95 0 593900.00 593900.00
18/11/2008 21.45 21.16 22.59 22.50 0 712400.00 712400.00
19/11/2008 22.50 21.81 22.79 22.65 0 720600.00 720600.00
21/11/2008 22.18 21.65 22.65 22.16 0 717200.00 717200.00
24/11/2008 22.33 21.84 23.37 21.84 0 793500.00 793500.00
25/11/2008 21.61 21.40 22.78 22.10 0 682700.00 682700.00
26/11/2008 21.77 21.77 23.47 22.99 0 754300.00 754300.00
27/11/2008 22.99 21.98 22.99 22.54 0 372400.00 372400.00
28/11/2008 22.30 22.24 23.30 22.63 0 814600.00 814600.00
01/12/2008 22.30 21.52 22.30 21.60 0 909500.00 909500.00
02/12/2008 21.21 21.21 23.18 22.79 0 551800.00 551800.00
03/12/2008 22.70 21.65 23.89 23.61 0 1410300.00 1410300.00
04/12/2008 23.63 23.18 24.05 23.80 0 820900.00 820900.00
05/12/2008 23.58 23.01 23.70 23.39 0 591200.00 591200.00
08/12/2008 24.54 22.88 24.65 22.88 0 1480300.00 1480300.00
09/12/2008 23.20 21.50 23.22 21.50 0 1319000.00 1319000.00
10/12/2008 21.84 20.86 22.36 21.51 0 1214600.00 1214600.00
11/12/2008 21.73 21.18 22.86 22.70 0 842500.00 842500.00
12/12/2008 22.15 21.62 23.00 23.00 0 763300.00 763300.00
15/12/2008 23.06 22.05 23.06 22.60 0 478100.00 478100.00
16/12/2008 22.31 22.31 23.72 23.72 0 424100.00 424100.00
17/12/2008 23.70 22.76 24.06 23.75 0 1141800.00 1141800.00
18/12/2008 23.71 23.20 24.01 23.90 0 579200.00 579200.00
19/12/2008 23.35 23.32 24.99 24.80 0 547500.00 547500.00
22/12/2008 24.96 22.67 24.96 23.30 0 598100.00 598100.00
23/12/2008 23.31 23.31 24.30 23.66 0 506800.00 506800.00
26/12/2008 23.36 23.36 24.29 23.99 0 152300.00 152300.00
29/12/2008 23.98 23.09 23.98 23.65 0 445800.00 445800.00
30/12/2008 23.65 23.63 24.45 23.63 0 736300.00 736300.00
02/01/2009 23.30 23.30 24.60 24.60 0 409800.00 409800.00
05/01/2009 24.65 24.38 25.92 25.92 0 485000.00 485000.00
06/01/2009 25.90 25.03 25.91 25.20 0 591600.00 591600.00
07/01/2009 25.00 24.30 25.12 25.02 0 1338100.00 1338100.00
08/01/2009 24.53 24.26 25.06 24.51 0 590500.00 590500.00
09/01/2009 24.90 23.52 25.14 24.89 0 644400.00 644400.00
12/01/2009 24.39 23.32 24.44 23.60 0 450400.00 450400.00
13/01/2009 23.49 23.49 25.05 24.69 0 611600.00 611600.00
14/01/2009 24.41 23.80 24.55 24.00 0 752600.00 752600.00
15/01/2009 23.94 23.59 24.38 24.11 0 446800.00 446800.00
16/01/2009 24.50 23.76 25.05 24.86 0 310100.00 310100.00
19/01/2009 24.72 23.90 24.73 24.15 0 270200.00 270200.00
20/01/2009 23.93 23.20 24.66 23.20 0 371800.00 371800.00
21/01/2009 23.37 22.83 23.67 22.92 0 456100.00 456100.00
22/01/2009 23.11 22.46 23.35 22.79 0 804500.00 804500.00
23/01/2009 22.67 22.50 23.96 23.33 0 329000.00 329000.00
26/01/2009 23.33 23.22 24.10 23.76 0 381600.00 381600.00
27/01/2009 23.51 23.10 24.15 23.57 0 467200.00 467200.00
28/01/2009 24.00 23.76 24.19 24.00 0 666900.00 666900.00
29/01/2009 23.86 23.46 24.00 23.50 0 382300.00 382300.00
30/01/2009 23.44 22.85 23.99 22.85 0 486600.00 486600.00
02/02/2009 22.86 22.45 23.45 23.00 0 353100.00 353100.00
03/02/2009 22.81 22.34 24.16 24.16 0 1146200.00 1146200.00
04/02/2009 23.76 23.50 24.59 23.76 0 688800.00 688800.00
05/02/2009 23.89 23.05 24.00 23.33 0 556300.00 556300.00
06/02/2009 23.49 23.15 23.78 23.30 0 323300.00 323300.00
09/02/2009 23.16 23.16 23.70 23.70 0 771000.00 771000.00
10/02/2009 24.25 23.31 24.80 23.50 0 851700.00 851700.00
11/02/2009 23.50 22.50 24.00 22.75 0 374200.00 374200.00
12/02/2009 22.77 22.63 23.40 23.07 0 333400.00 333400.00
13/02/2009 23.75 23.13 23.75 23.42 0 331900.00 331900.00
16/02/2009 23.18 22.72 23.30 22.85 0 1541400.00 1541400.00
17/02/2009 22.65 22.35 22.84 22.71 0 599500.00 599500.00
18/02/2009 22.76 22.21 23.16 22.50 0 950300.00 950300.00
19/02/2009 22.70 22.46 23.04 23.04 0 165600.00 165600.00
20/02/2009 22.45 22.45 23.39 22.91 0 328400.00 328400.00
25/02/2009 22.90 22.50 23.50 22.60 0 399200.00 399200.00
26/02/2009 23.27 22.20 23.30 22.65 0 401800.00 401800.00
27/02/2009 22.37 22.25 23.35 23.18 0 251800.00 251800.00
02/03/2009 22.56 21.40 22.96 21.56 0 558100.00 558100.00
03/03/2009 21.78 21.20 22.59 22.39 0 324700.00 324700.00
04/03/2009 22.89 21.66 22.89 21.90 0 861800.00 861800.00
05/03/2009 21.90 21.50 22.27 21.50 0 391700.00 391700.00
06/03/2009 21.76 21.61 22.49 22.00 0 367100.00 367100.00
09/03/2009 21.73 21.73 22.49 22.03 0 397100.00 397100.00
10/03/2009 22.48 22.01 22.71 22.50 0 929600.00 929600.00
11/03/2009 22.72 22.13 22.89 22.40 0 533000.00 533000.00
12/03/2009 22.40 21.76 22.61 22.30 0 614500.00 614500.00
13/03/2009 22.36 21.80 22.43 22.20 0 961600.00 961600.00
16/03/2009 22.20 22.00 22.40 22.00 0 782900.00 782900.00
17/03/2009 22.03 22.03 22.50 22.37 0 463000.00 463000.00
