31/07/2006 16.81 16.40 17.69 17.15 0 10840800.00 10840800.00
01/08/2006 16.98 16.71 17.90 17.80 0 4450200.00 4450200.00
02/08/2006 17.94 17.60 18.60 17.60 0 3438200.00 3438200.00
03/08/2006 17.22 17.22 17.94 17.85 0 2735400.00 2735400.00
04/08/2006 17.97 17.90 18.45 18.20 0 2068200.00 2068200.00
07/08/2006 18.05 18.00 18.30 18.10 0 308300.00 308300.00
08/08/2006 18.29 18.20 18.60 18.50 0 1018500.00 1018500.00
09/08/2006 18.75 18.70 19.37 19.00 0 1751100.00 1751100.00
10/08/2006 18.99 18.90 19.70 19.39 0 1500200.00 1500200.00
11/08/2006 19.50 18.72 19.69 19.10 0 529000.00 529000.00
14/08/2006 19.05 18.70 19.45 19.16 0 408300.00 408300.00
15/08/2006 19.35 19.25 19.65 19.60 0 817500.00 817500.00
16/08/2006 19.60 19.16 19.70 19.70 0 761300.00 761300.00
17/08/2006 19.70 19.50 19.85 19.60 0 2176900.00 2176900.00
18/08/2006 19.25 19.10 19.60 19.50 0 2941800.00 2941800.00
21/08/2006 18.90 18.22 19.40 18.83 0 1413200.00 1413200.00
22/08/2006 19.15 18.30 19.15 18.90 0 508600.00 508600.00
23/08/2006 18.45 18.10 18.94 18.79 0 680800.00 680800.00
24/08/2006 18.80 18.10 19.00 19.00 0 663600.00 663600.00
25/08/2006 19.03 18.65 19.45 19.20 0 885200.00 885200.00
28/08/2006 19.05 19.00 19.34 19.34 0 431500.00 431500.00
29/08/2006 19.35 19.00 19.37 19.25 0 579700.00 579700.00
30/08/2006 19.34 19.02 19.34 19.20 0 648300.00 648300.00
31/08/2006 19.10 19.10 19.50 19.15 0 1258500.00 1258500.00
01/09/2006 19.39 19.16 19.49 19.48 0 739700.00 739700.00
04/09/2006 19.48 19.15 19.60 19.25 0 940700.00 940700.00
05/09/2006 19.30 18.90 19.34 19.00 0 1182200.00 1182200.00
06/09/2006 18.90 18.59 19.19 18.99 0 685300.00 685300.00
07/09/2006 18.99 18.99 18.99 18.99 0 0.00 0.00
08/09/2006 19.20 18.80 19.30 19.20 0 735600.00 735600.00
11/09/2006 19.10 18.20 19.10 18.70 0 770100.00 770100.00
12/09/2006 19.00 18.43 19.00 18.85 0 697000.00 697000.00
13/09/2006 18.85 18.31 18.88 18.60 0 1622300.00 1622300.00
14/09/2006 18.85 18.31 18.85 18.64 0 437300.00 437300.00
15/09/2006 18.82 18.25 18.82 18.39 0 403400.00 403400.00
18/09/2006 18.49 18.35 18.69 18.50 0 257000.00 257000.00
19/09/2006 18.50 18.10 18.55 18.40 0 670400.00 670400.00
20/09/2006 18.21 17.61 18.40 18.00 0 752200.00 752200.00
21/09/2006 18.29 17.27 18.49 17.70 0 947300.00 947300.00
22/09/2006 17.42 17.21 17.88 17.85 0 824400.00 824400.00
25/09/2006 18.20 17.30 18.29 18.17 0 821800.00 821800.00
26/09/2006 18.00 17.80 18.40 18.30 0 791100.00 791100.00
27/09/2006 17.78 17.77 18.70 18.45 0 464200.00 464200.00
28/09/2006 18.50 18.16 18.73 18.66 0 581200.00 581200.00
29/09/2006 18.84 18.42 19.60 19.60 0 2126100.00 2126100.00
02/10/2006 20.19 19.73 20.59 20.45 0 1268700.00 1268700.00
03/10/2006 20.20 19.71 20.70 19.85 0 1408600.00 1408600.00
04/10/2006 20.04 19.90 20.44 20.15 0 1268700.00 1268700.00
05/10/2006 20.28 20.00 20.89 20.89 0 900500.00 900500.00
06/10/2006 20.50 20.43 21.30 21.30 0 768700.00 768700.00
09/10/2006 21.47 21.15 21.47 21.15 0 3200.00 3200.00
10/10/2006 21.69 21.00 21.95 21.69 0 1214000.00 1214000.00
11/10/2006 21.34 20.35 21.34 20.60 0 1448800.00 1448800.00
12/10/2006 20.60 20.60 20.60 20.60 0 0.00 0.00
13/10/2006 20.87 20.30 20.90 20.80 0 686700.00 686700.00
16/10/2006 20.94 20.36 20.94 20.75 0 516600.00 516600.00
17/10/2006 20.42 20.28 20.60 20.31 0 620000.00 620000.00
18/10/2006 20.53 19.70 20.70 20.35 0 920200.00 920200.00
19/10/2006 20.35 20.20 20.85 20.80 0 693300.00 693300.00
20/10/2006 20.79 20.40 20.87 20.60 0 391700.00 391700.00
23/10/2006 20.50 20.05 20.85 20.80 0 712000.00 712000.00
24/10/2006 20.80 20.20 20.80 20.48 0 511500.00 511500.00
25/10/2006 20.55 19.85 20.60 19.98 0 949700.00 949700.00
26/10/2006 20.22 19.80 20.22 20.15 0 470400.00 470400.00
27/10/2006 20.18 19.82 20.35 20.20 0 429200.00 429200.00
30/10/2006 20.40 19.70 20.40 20.25 0 772600.00 772600.00
31/10/2006 20.30 20.30 20.90 20.90 0 596200.00 596200.00
01/11/2006 20.85 20.60 21.00 20.85 0 612200.00 612200.00
02/11/2006 20.85 20.85 20.85 20.85 0 0.00 0.00
03/11/2006 20.89 20.55 21.25 21.25 0 822700.00 822700.00
06/11/2006 21.15 20.75 21.40 20.75 0 961000.00 961000.00
07/11/2006 20.67 20.16 20.80 20.24 0 401900.00 401900.00
08/11/2006 20.22 19.81 20.48 20.48 0 1126000.00 1126000.00
09/11/2006 20.48 19.81 20.65 19.98 0 452500.00 452500.00
10/11/2006 20.00 19.40 20.00 19.55 0 790800.00 790800.00
13/11/2006 19.39 19.03 19.80 19.50 0 661300.00 661300.00
14/11/2006 19.69 19.60 20.70 20.70 0 1021700.00 1021700.00
15/11/2006 20.70 20.70 20.70 20.70 0 0.00 0.00
16/11/2006 20.60 20.17 20.85 20.40 0 1803700.00 1803700.00
17/11/2006 20.20 20.05 20.44 20.32 0 1275800.00 1275800.00
20/11/2006 20.32 20.32 20.32 20.32 0 0.00 0.00
21/11/2006 20.30 20.30 21.21 21.00 0 1279500.00 1279500.00
22/11/2006 20.95 20.95 21.85 21.60 0 1499900.00 1499900.00
23/11/2006 21.74 21.15 21.89 21.89 0 500000.00 500000.00
24/11/2006 21.50 21.23 21.96 21.80 0 579500.00 579500.00
27/11/2006 21.41 20.80 21.70 21.06 0 1161800.00 1161800.00
28/11/2006 21.14 20.95 21.70 21.70 0 769600.00 769600.00
29/11/2006 21.94 21.81 22.30 22.30 0 1460700.00 1460700.00
30/11/2006 22.30 21.98 22.70 21.98 0 3457400.00 3457400.00
01/12/2006 22.00 20.91 22.39 21.51 0 634600.00 634600.00
04/12/2006 21.90 21.52 22.27 22.27 0 757900.00 757900.00
05/12/2006 22.27 22.07 22.90 22.79 0 883500.00 883500.00
06/12/2006 22.80 22.29 22.90 22.59 0 421600.00 421600.00
07/12/2006 22.90 22.20 22.90 22.90 0 724200.00 724200.00
08/12/2006 22.78 22.40 22.90 22.80 0 488900.00 488900.00
11/12/2006 22.89 22.66 23.00 23.00 0 371700.00 371700.00
12/12/2006 22.90 22.73 23.35 23.14 0 791500.00 791500.00
13/12/2006 23.31 23.00 23.49 23.40 0 1449200.00 1449200.00
14/12/2006 23.38 23.10 23.90 23.80 0 694200.00 694200.00
15/12/2006 24.00 23.50 24.20 23.75 0 524900.00 524900.00
18/12/2006 24.05 23.40 24.05 23.80 0 1338500.00 1338500.00
19/12/2006 23.27 22.80 23.50 23.50 0 958600.00 958600.00
20/12/2006 23.60 23.51 23.88 23.84 0 1158900.00 1158900.00
21/12/2006 23.55 23.55 23.89 23.75 0 861300.00 861300.00
22/12/2006 23.75 23.49 23.99 23.85 0 1158200.00 1158200.00
25/12/2006 23.85 23.85 23.85 23.85 0 0.00 0.00
26/12/2006 23.98 23.54 24.00 23.91 0 206600.00 206600.00
27/12/2006 23.90 23.90 24.55 24.55 0 917400.00 917400.00
28/12/2006 24.16 24.16 25.10 25.00 0 2003500.00 2003500.00
29/12/2006 25.00 25.00 25.00 25.00 0 0.00 0.00
01/01/2007 25.00 25.00 25.00 25.00 0 0.00 0.00
02/01/2007 25.00 24.90 25.50 25.10 0 538000.00 538000.00
03/01/2007 25.09 24.21 25.09 24.95 0 481600.00 481600.00
04/01/2007 24.93 24.22 24.93 24.80 0 698900.00 698900.00
05/01/2007 24.35 23.05 24.70 24.30 0 1413700.00 1413700.00
08/01/2007 24.15 23.40 24.65 23.89 0 1173300.00 1173300.00
09/01/2007 23.72 22.79 23.95 23.70 0 1194100.00 1194100.00
10/01/2007 23.20 22.55 23.87 23.40 0 1184200.00 1184200.00
11/01/2007 23.40 23.01 23.99 23.85 0 551600.00 551600.00
12/01/2007 23.90 23.01 24.20 23.30 0 1767300.00 1767300.00
15/01/2007 23.50 23.10 23.79 23.40 0 279600.00 279600.00
16/01/2007 23.08 22.94 23.30 23.20 0 393500.00 393500.00
17/01/2007 23.27 22.80 23.30 23.15 0 412000.00 412000.00
18/01/2007 23.30 22.70 23.83 23.15 0 358500.00 358500.00
19/01/2007 23.30 23.12 23.79 23.79 0 497300.00 497300.00
22/01/2007 23.78 23.51 24.20 24.20 0 356300.00 356300.00
23/01/2007 23.99 23.60 24.60 24.60 0 228800.00 228800.00
24/01/2007 24.55 24.40 24.85 24.85 0 853000.00 853000.00
25/01/2007 24.85 24.85 24.85 24.85 0 0.00 0.00
26/01/2007 24.36 23.64 24.65 24.64 0 580600.00 580600.00
29/01/2007 24.75 23.81 24.75 24.00 0 405200.00 405200.00
30/01/2007 24.11 24.00 24.34 24.17 0 709400.00 709400.00
31/01/2007 24.00 23.82 24.70 24.70 0 1276100.00 1276100.00
01/02/2007 24.90 24.02 25.50 24.50 0 1392200.00 1392200.00
02/02/2007 24.60 24.06 24.90 24.20 0 476400.00 476400.00
05/02/2007 24.20 23.85 24.20 23.90 0 561100.00 561100.00
06/02/2007 23.95 23.45 24.08 23.45 0 1217300.00 1217300.00
07/02/2007 23.50 22.70 23.50 23.25 0 731600.00 731600.00
08/02/2007 22.95 22.70 23.59 23.59 0 1592100.00 1592100.00
09/02/2007 23.37 23.04 23.53 23.06 0 1321600.00 1321600.00
12/02/2007 22.95 22.60 23.17 22.70 0 945200.00 945200.00
13/02/2007 22.70 22.45 23.20 23.20 0 1434100.00 1434100.00
14/02/2007 23.48 23.10 24.39 24.30 0 1460100.00 1460100.00
15/02/2007 24.30 24.19 26.05 25.75 0 5310400.00 5310400.00
16/02/2007 25.60 25.50 26.40 25.70 0 1163800.00 1163800.00
19/02/2007 25.70 25.70 25.70 25.70 0 0.00 0.00
20/02/2007 25.70 25.70 25.70 25.70 0 0.00 0.00
21/02/2007 25.70 25.31 26.40 25.84 0 657300.00 657300.00
22/02/2007 26.00 25.36 26.00 25.78 0 795400.00 795400.00
23/02/2007 25.80 25.21 25.81 25.49 0 553200.00 553200.00
26/02/2007 25.49 25.11 25.85 25.85 0 767700.00 767700.00
27/02/2007 24.98 22.90 24.98 24.20 0 1785600.00 1785600.00
28/02/2007 24.20 23.50 25.05 25.05 0 1634500.00 1634500.00
01/03/2007 24.49 23.30 25.00 25.00 0 1001700.00 1001700.00
02/03/2007 24.53 23.75 24.89 24.20 0 1131900.00 1131900.00
05/03/2007 23.46 22.90 24.10 23.00 0 1640500.00 1640500.00
06/03/2007 23.94 23.13 25.00 25.00 0 832400.00 832400.00
07/03/2007 25.10 25.00 26.15 25.80 0 1665200.00 1665200.00
08/03/2007 26.25 26.00 27.00 26.80 0 1577600.00 1577600.00
09/03/2007 26.96 26.50 27.80 26.90 0 1473900.00 1473900.00
12/03/2007 27.37 26.61 27.37 26.90 0 946300.00 946300.00
13/03/2007 26.90 25.55 26.90 26.40 0 1411600.00 1411600.00
14/03/2007 25.88 25.10 27.08 27.08 0 956400.00 956400.00
15/03/2007 26.86 26.10 27.08 27.08 0 1444900.00 1444900.00
16/03/2007 26.60 26.60 27.56 27.45 0 630700.00 630700.00
19/03/2007 27.80 26.40 27.80 27.15 0 2878900.00 2878900.00
20/03/2007 27.22 26.40 27.50 26.65 0 2524700.00 2524700.00
21/03/2007 26.65 26.25 27.15 27.15 0 1386500.00 1386500.00
22/03/2007 27.15 26.15 27.30 27.00 0 745800.00 745800.00
23/03/2007 26.92 26.60 27.19 27.10 0 551900.00 551900.00
26/03/2007 26.90 26.42 27.35 27.25 0 344300.00 344300.00
27/03/2007 27.25 27.02 28.40 27.50 0 1786600.00 1786600.00
28/03/2007 26.90 26.54 28.55 28.55 0 1250700.00 1250700.00
29/03/2007 29.00 27.60 29.87 28.70 0 3346100.00 3346100.00
30/03/2007 29.00 27.60 29.00 28.00 0 1224200.00 1224200.00
02/04/2007 27.75 27.50 28.00 28.00 0 653800.00 653800.00
03/04/2007 28.50 27.95 28.50 28.40 0 1115500.00 1115500.00
04/04/2007 28.69 27.62 28.69 27.78 0 1478100.00 1478100.00
05/04/2007 28.14 27.60 28.14 27.95 0 763200.00 763200.00
06/04/2007 27.95 27.95 27.95 27.95 0 0.00 0.00
09/04/2007 28.01 27.66 28.21 27.90 0 697400.00 697400.00
10/04/2007 28.14 27.67 28.14 27.70 0 666900.00 666900.00
11/04/2007 27.62 26.89 27.90 27.65 0 655100.00 655100.00
12/04/2007 27.40 27.05 27.70 27.70 0 675600.00 675600.00
13/04/2007 27.76 27.52 28.00 28.00 0 838100.00 838100.00
16/04/2007 28.40 28.21 28.50 28.30 0 788000.00 788000.00
17/04/2007 28.49 27.80 28.49 27.90 0 530400.00 530400.00
18/04/2007 27.85 27.53 27.96 27.70 0 1200800.00 1200800.00
19/04/2007 29.40 28.51 29.82 29.50 0 5277400.00 5277400.00
20/04/2007 30.20 29.20 30.50 29.90 0 2077300.00 2077300.00
23/04/2007 30.00 29.63 30.00 29.90 0 651200.00 651200.00
24/04/2007 30.00 29.45 30.10 29.69 0 910000.00 910000.00
25/04/2007 29.76 29.40 29.98 29.95 0 1142400.00 1142400.00
26/04/2007 30.10 29.53 30.39 30.39 0 828500.00 828500.00
27/04/2007 30.39 29.85 30.44 30.40 0 913700.00 913700.00
30/04/2007 30.44 30.04 30.63 30.63 0 927600.00 927600.00
01/05/2007 30.63 30.63 30.63 30.63 0 0.00 0.00
02/05/2007 30.63 30.60 31.40 31.10 0 1447000.00 1447000.00
03/05/2007 31.50 30.90 31.86 31.60 0 1176700.00 1176700.00
04/05/2007 31.60 31.10 31.90 31.75 0 1440600.00 1440600.00
07/05/2007 31.60 31.02 31.90 31.74 0 611900.00 611900.00
08/05/2007 31.55 31.00 31.87 31.70 0 714400.00 714400.00
09/05/2007 31.75 31.26 32.40 32.40 0 973200.00 973200.00
10/05/2007 31.90 31.30 32.40 31.30 0 1083000.00 1083000.00
11/05/2007 31.26 30.71 31.69 31.00 0 908800.00 908800.00
14/05/2007 31.15 30.80 31.38 31.20 0 587900.00 587900.00
15/05/2007 31.00 30.80 31.21 30.90 0 873700.00 873700.00
16/05/2007 30.90 30.50 31.70 31.60 0 2848500.00 2848500.00
17/05/2007 31.59 30.89 31.60 30.89 0 2723800.00 2723800.00
18/05/2007 31.03 30.42 31.05 30.79 0 2198400.00 2198400.00
21/05/2007 30.95 29.76 31.40 31.25 0 1595000.00 1595000.00
22/05/2007 31.00 30.90 32.44 32.44 0 2115700.00 2115700.00
23/05/2007 32.59 31.90 32.84 32.63 0 2734900.00 2734900.00
24/05/2007 32.22 31.90 32.88 32.46 0 1160600.00 1160600.00
25/05/2007 32.46 32.40 34.00 33.90 0 1647300.00 1647300.00
28/05/2007 33.90 33.71 35.00 34.72 0 1066500.00 1066500.00
29/05/2007 34.76 33.80 35.35 33.80 0 1931200.00 1931200.00
30/05/2007 33.49 33.11 34.40 34.30 0 1903800.00 1903800.00
31/05/2007 34.68 33.50 34.95 34.40 0 1354300.00 1354300.00
01/06/2007 34.60 33.60 34.75 34.40 0 2585200.00 2585200.00
04/06/2007 34.40 34.10 35.85 35.84 0 1616100.00 1616100.00
05/06/2007 35.80 34.70 35.85 35.29 0 1347700.00 1347700.00
06/06/2007 34.95 34.63 35.30 35.30 0 948400.00 948400.00
07/06/2007 35.30 35.30 35.30 35.30 0 0.00 0.00
08/06/2007 34.63 34.15 36.85 36.70 0 1699900.00 1699900.00
11/06/2007 36.75 36.00 36.95 36.59 0 1455700.00 1455700.00
12/06/2007 36.30 35.01 36.40 35.01 0 1350900.00 1350900.00
13/06/2007 35.50 34.39 35.85 34.71 0 3548300.00 3548300.00
14/06/2007 35.01 34.54 35.24 35.24 0 1171800.00 1171800.00
15/06/2007 35.30 35.25 36.58 36.50 0 1308900.00 1308900.00
18/06/2007 36.58 35.35 36.80 35.44 0 2200100.00 2200100.00
19/06/2007 35.44 34.80 35.53 35.13 0 1200100.00 1200100.00
20/06/2007 35.49 34.50 35.80 35.50 0 1066300.00 1066300.00
21/06/2007 35.53 34.86 36.10 35.90 0 785600.00 785600.00
22/06/2007 35.60 35.10 36.00 36.00 0 846400.00 846400.00
25/06/2007 35.80 35.34 36.14 35.89 0 1007400.00 1007400.00
26/06/2007 35.99 35.20 36.17 35.20 0 763800.00 763800.00
27/06/2007 35.00 34.40 35.20 34.50 0 1363000.00 1363000.00
28/06/2007 34.69 34.15 35.20 34.84 0 1457500.00 1457500.00
29/06/2007 35.09 34.66 35.25 35.25 0 963000.00 963000.00
02/07/2007 35.35 35.10 35.69 35.65 0 922000.00 922000.00
03/07/2007 35.65 35.22 36.00 35.99 0 885400.00 885400.00
04/07/2007 35.80 35.45 35.90 35.70 0 408800.00 408800.00
05/07/2007 35.66 34.70 36.05 35.99 0 1340200.00 1340200.00
06/07/2007 36.19 36.19 36.25 36.19 0 825100.00 825100.00
09/07/2007 36.19 36.19 36.19 36.19 0 0.00 0.00
10/07/2007 36.19 35.31 36.20 36.10 0 1284900.00 1284900.00
11/07/2007 35.86 35.56 36.40 36.25 0 875300.00 875300.00
12/07/2007 35.83 35.70 36.70 36.70 0 912400.00 912400.00
13/07/2007 36.65 35.85 36.75 36.00 0 1217600.00 1217600.00
16/07/2007 36.05 35.35 36.05 35.45 0 1493400.00 1493400.00
17/07/2007 35.51 35.02 36.40 35.30 0 1488900.00 1488900.00
18/07/2007 35.30 34.66 35.85 35.85 0 622200.00 622200.00
19/07/2007 35.52 34.95 36.30 35.52 0 1101800.00 1101800.00
20/07/2007 35.35 35.05 35.89 35.88 0 662700.00 662700.00
23/07/2007 35.98 35.10 36.23 35.26 0 1013100.00 1013100.00
24/07/2007 35.13 32.59 35.13 33.89 0 1532300.00 1532300.00
25/07/2007 34.00 32.45 35.10 34.00 0 2441800.00 2441800.00
26/07/2007 33.41 31.30 33.41 33.00 0 1227100.00 1227100.00
27/07/2007 32.25 32.25 33.99 32.69 0 2438700.00 2438700.00
30/07/2007 32.69 32.36 34.26 34.26 0 1000400.00 1000400.00
31/07/2007 34.26 33.51 34.87 34.12 0 1701600.00 1701600.00
01/08/2007 33.60 32.30 33.70 33.48 0 1728800.00 1728800.00
02/08/2007 33.89 32.65 33.89 33.69 0 559500.00 559500.00
03/08/2007 33.01 31.35 33.80 31.70 0 1736400.00 1736400.00
06/08/2007 31.80 29.82 32.30 31.50 0 3109900.00 3109900.00
07/08/2007 31.46 30.69 32.60 32.60 0 1043000.00 1043000.00
08/08/2007 32.82 32.70 33.75 33.35 0 1417600.00 1417600.00
09/08/2007 32.51 31.61 33.00 31.85 0 1803400.00 1803400.00
10/08/2007 30.71 30.21 31.00 30.70 0 2237800.00 2237800.00
13/08/2007 31.27 30.80 31.97 31.20 0 1720700.00 1720700.00
14/08/2007 31.36 29.36 31.36 29.51 0 1407400.00 1407400.00
15/08/2007 28.99 26.77 29.60 26.85 0 4225400.00 4225400.00
16/08/2007 26.00 23.00 26.50 26.50 0 5099500.00 5099500.00
17/08/2007 28.79 25.11 28.97 28.00 0 4842700.00 4842700.00
20/08/2007 28.50 27.65 29.59 29.59 0 3008800.00 3008800.00
21/08/2007 29.50 28.73 30.01 30.00 0 1776200.00 1776200.00
22/08/2007 30.01 30.00 30.90 30.70 0 1626500.00 1626500.00
23/08/2007 30.90 29.51 31.01 30.60 0 1080100.00 1080100.00
24/08/2007 31.01 31.01 32.50 32.50 0 3578200.00 3578200.00
27/08/2007 32.39 32.27 33.95 33.85 0 1519000.00 1519000.00
28/08/2007 33.31 31.61 33.31 31.71 0 1310400.00 1310400.00
29/08/2007 31.99 31.60 33.29 33.18 0 1386600.00 1386600.00
30/08/2007 33.00 31.50 33.99 32.60 0 1524400.00 1524400.00
31/08/2007 33.50 32.31 33.59 33.49 0 3279500.00 3279500.00
03/09/2007 33.69 32.65 34.38 34.21 0 772200.00 772200.00
04/09/2007 33.98 33.30 34.50 34.50 0 1686000.00 1686000.00
05/09/2007 33.99 32.65 33.99 33.30 0 1126000.00 1126000.00
06/09/2007 33.46 31.99 34.04 32.86 0 1797700.00 1797700.00
10/09/2007 32.09 31.11 32.45 31.11 0 1473500.00 1473500.00
11/09/2007 31.70 31.16 32.27 32.00 0 1701100.00 1701100.00
12/09/2007 32.20 31.29 32.20 31.29 0 891500.00 891500.00
13/09/2007 31.90 31.01 31.90 31.01 0 809100.00 809100.00
14/09/2007 31.00 30.30 31.50 31.18 0 1049200.00 1049200.00
17/09/2007 31.09 30.12 31.09 30.71 0 448200.00 448200.00
18/09/2007 30.98 30.75 33.40 32.40 0 1183500.00 1183500.00
19/09/2007 32.90 32.53 34.40 33.45 0 1622500.00 1622500.00
20/09/2007 33.76 32.30 33.80 33.00 0 981900.00 981900.00
21/09/2007 33.70 33.30 34.00 33.90 0 1057700.00 1057700.00
24/09/2007 34.00 33.07 34.24 33.40 0 816500.00 816500.00
25/09/2007 33.15 32.80 33.47 33.30 0 724800.00 724800.00
26/09/2007 33.40 33.27 34.10 33.89 0 1193700.00 1193700.00
27/09/2007 35.00 34.17 35.00 34.40 0 2087800.00 2087800.00
28/09/2007 34.22 33.49 34.35 34.00 0 1051400.00 1051400.00
01/10/2007 34.50 34.07 35.90 35.50 0 2282400.00 2282400.00
02/10/2007 35.55 33.89 35.55 35.40 0 1285000.00 1285000.00
03/10/2007 34.80 34.65 35.63 35.39 0 981600.00 981600.00
04/10/2007 35.30 35.05 35.59 35.40 0 750800.00 750800.00
05/10/2007 35.62 35.62 36.40 36.40 0 654900.00 654900.00
08/10/2007 36.49 35.25 37.00 37.00 0 1257400.00 1257400.00
09/10/2007 36.88 35.70 37.15 35.75 0 2095200.00 2095200.00
10/10/2007 35.80 34.70 35.80 35.05 0 1162800.00 1162800.00
11/10/2007 35.40 33.11 35.78 34.00 0 1939100.00 1939100.00
15/10/2007 34.20 32.90 34.25 33.00 0 1073500.00 1073500.00
16/10/2007 32.51 31.40 33.00 32.30 0 1008100.00 1008100.00
17/10/2007 32.50 31.78 33.29 33.15 0 1386400.00 1386400.00
18/10/2007 32.98 32.42 34.25 34.15 0 1105700.00 1105700.00
19/10/2007 34.25 32.80 34.31 33.00 0 829200.00 829200.00
22/10/2007 32.80 32.40 33.65 33.65 0 644000.00 644000.00
23/10/2007 33.95 33.41 34.49 34.49 0 965600.00 965600.00
24/10/2007 34.30 32.78 34.50 33.40 0 1508100.00 1508100.00
25/10/2007 33.52 32.30 33.85 32.50 0 814300.00 814300.00
26/10/2007 33.00 32.85 33.35 33.00 0 2098500.00 2098500.00
29/10/2007 33.50 33.03 33.79 33.40 0 1210800.00 1210800.00
30/10/2007 33.00 32.70 33.55 33.05 0 964900.00 964900.00
31/10/2007 33.58 32.31 33.60 32.80 0 1265900.00 1265900.00
01/11/2007 32.50 31.70 32.70 32.17 0 2120600.00 2120600.00
05/11/2007 33.50 33.40 34.64 34.10 0 2911600.00 2911600.00
06/11/2007 34.65 33.84 34.99 34.25 0 2319700.00 2319700.00
07/11/2007 34.20 32.71 34.50 32.90 0 2155000.00 2155000.00
08/11/2007 33.35 31.11 34.00 33.40 0 2770500.00 2770500.00
09/11/2007 33.52 31.72 33.80 33.00 0 2592900.00 2592900.00
12/11/2007 32.75 31.31 32.99 31.50 0 885300.00 885300.00
13/11/2007 31.70 31.57 33.88 33.88 0 3258000.00 3258000.00
14/11/2007 33.95 33.60 34.35 33.89 0 1359000.00 1359000.00
16/11/2007 33.70 33.51 34.58 34.00 0 1541700.00 1541700.00
19/11/2007 32.95 32.15 34.00 32.15 0 906200.00 906200.00
21/11/2007 31.50 30.60 31.69 31.60 0 1051100.00 1051100.00
22/11/2007 31.44 30.91 31.66 31.66 0 1148300.00 1148300.00
23/11/2007 31.60 31.31 32.67 32.67 0 990500.00 990500.00
26/11/2007 32.68 30.71 33.00 30.73 0 1112100.00 1112100.00
27/11/2007 30.27 29.41 31.00 30.82 0 1591600.00 1591600.00
28/11/2007 30.82 30.51 31.60 30.81 0 1710700.00 1710700.00
29/11/2007 31.00 30.26 31.27 30.35 0 1305200.00 1305200.00
30/11/2007 30.89 30.51 31.73 31.73 0 2155100.00 2155100.00
03/12/2007 31.80 31.80 33.20 32.50 0 2132400.00 2132400.00
04/12/2007 31.73 31.30 33.36 33.31 0 1140600.00 1140600.00
05/12/2007 33.51 33.50 34.87 34.60 0 1593100.00 1593100.00
06/12/2007 34.80 34.20 35.21 34.27 0 1343900.00 1343900.00
07/12/2007 34.50 33.13 34.79 33.50 0 1433500.00 1433500.00
10/12/2007 33.50 31.49 34.31 32.99 0 3532400.00 3532400.00
11/12/2007 33.15 32.32 34.38 32.85 0 1757400.00 1757400.00
12/12/2007 33.03 32.65 34.17 33.60 0 2206300.00 2206300.00
13/12/2007 33.72 32.49 33.98 33.80 0 1867000.00 1867000.00
14/12/2007 33.99 33.61 35.30 34.20 0 3440500.00 3440500.00
17/12/2007 33.80 32.82 34.90 33.50 0 1950900.00 1950900.00
18/12/2007 32.99 32.50 34.69 33.40 0 2480400.00 2480400.00
19/12/2007 33.90 32.50 33.90 32.70 0 1565100.00 1565100.00
20/12/2007 32.80 31.90 34.00 34.00 0 2199900.00 2199900.00
21/12/2007 35.61 35.55 37.15 36.94 0 5166000.00 5166000.00
26/12/2007 42.15 41.30 43.48 42.56 0 7335100.00 7335100.00
27/12/2007 43.50 40.80 43.52 43.40 0 2435300.00 2435300.00
28/12/2007 43.00 43.00 43.90 43.43 0 1320500.00 1320500.00
02/01/2008 44.00 43.51 46.00 45.77 0 2943600.00 2943600.00
03/01/2008 45.95 45.85 49.70 49.10 0 5736300.00 5736300.00
04/01/2008 49.78 46.45 49.78 47.35 0 2629000.00 2629000.00
07/01/2008 47.99 45.03 48.48 45.90 0 2075300.00 2075300.00
08/01/2008 46.80 45.80 47.20 47.09 0 1309900.00 1309900.00
09/01/2008 47.12 46.57 48.02 48.02 0 1586100.00 1586100.00
10/01/2008 47.13 46.80 47.88 47.70 0 2217200.00 2217200.00
11/01/2008 46.88 44.55 46.99 45.15 0 4291400.00 4291400.00
14/01/2008 45.69 45.32 46.78 46.47 0 1040000.00 1040000.00
15/01/2008 46.00 41.20 46.38 44.90 0 11479000.00 11479000.00
16/01/2008 43.62 42.70 44.40 44.00 0 5308300.00 5308300.00
17/01/2008 43.75 43.02 44.60 44.00 0 2047700.00 2047700.00
18/01/2008 44.57 43.30 44.57 44.00 0 3085700.00 3085700.00
21/01/2008 42.00 40.40 42.39 40.99 0 2128300.00 2128300.00
22/01/2008 40.81 40.50 44.00 43.69 0 3057700.00 3057700.00
23/01/2008 43.14 42.20 46.00 44.40 0 3348300.00 3348300.00
24/01/2008 45.00 43.60 45.35 43.80 0 3173500.00 3173500.00
28/01/2008 43.61 42.65 44.20 43.50 0 2059400.00 2059400.00
29/01/2008 43.66 42.51 43.70 43.00 0 1589300.00 1589300.00
30/01/2008 43.10 41.86 43.10 42.78 0 1843200.00 1843200.00
31/01/2008 42.90 42.20 47.10 45.50 0 10787300.00 10787300.00
01/02/2008 44.90 44.51 46.80 45.00 0 2159900.00 2159900.00
06/02/2008 44.49 43.60 45.15 44.90 0 936700.00 936700.00
07/02/2008 44.99 43.89 46.25 46.00 0 2327900.00 2327900.00
08/02/2008 46.20 44.30 46.20 45.21 0 1476400.00 1476400.00
11/02/2008 45.29 44.54 45.98 44.90 0 951700.00 951700.00
12/02/2008 44.72 43.60 45.34 43.60 0 2178500.00 2178500.00
13/02/2008 43.83 43.25 45.20 45.20 0 3022300.00 3022300.00
14/02/2008 45.60 45.01 46.80 46.00 0 2505300.00 2505300.00
15/02/2008 44.51 43.99 46.10 46.00 0 2800700.00 2800700.00
18/02/2008 46.50 45.60 46.59 45.95 0 1991600.00 1991600.00
19/02/2008 46.49 45.20 46.50 45.80 0 2996500.00 2996500.00
20/02/2008 48.35 47.30 48.35 47.79 0 5901600.00 5901600.00
21/02/2008 47.85 46.72 47.85 46.80 0 1974700.00 1974700.00
22/02/2008 46.95 46.95 47.85 47.80 0 1355800.00 1355800.00
25/02/2008 47.71 47.05 48.29 48.00 0 1831300.00 1831300.00
26/02/2008 47.26 47.00 47.80 47.60 0 3079500.00 3079500.00
27/02/2008 47.49 47.00 47.70 47.59 0 1514100.00 1514100.00
28/02/2008 47.31 47.31 48.90 48.00 0 3835000.00 3835000.00
29/02/2008 47.80 47.61 48.50 48.00 0 1262700.00 1262700.00
03/03/2008 48.00 47.72 48.44 48.21 0 1160300.00 1160300.00
04/03/2008 48.35 47.50 48.36 47.80 0 1963200.00 1963200.00
05/03/2008 48.00 47.90 48.35 48.00 0 1072400.00 1072400.00
06/03/2008 48.00 47.55 48.10 47.68 0 1730300.00 1730300.00
07/03/2008 47.90 47.12 47.90 47.45 0 1293600.00 1293600.00
10/03/2008 47.31 46.00 47.50 46.40 0 2830700.00 2830700.00
11/03/2008 46.20 44.06 46.20 44.80 0 4988800.00 4988800.00
12/03/2008 45.20 43.36 45.45 43.80 0 3279600.00 3279600.00
13/03/2008 43.84 42.26 44.01 43.50 0 5214100.00 5214100.00
14/03/2008 44.31 41.00 45.50 44.00 0 5403400.00 5403400.00
18/03/2008 44.40 43.36 45.00 45.00 0 2010300.00 2010300.00
19/03/2008 42.00 41.15 42.95 42.00 0 6792200.00 6792200.00
20/03/2008 42.99 42.20 43.50 43.40 0 1553000.00 1553000.00
25/03/2008 30.64 30.00 40.77 30.61 0 17541500.00 17541500.00
26/03/2008 29.51 28.65 31.20 30.51 0 12577200.00 12577200.00
27/03/2008 30.60 29.50 31.17 31.15 0 4859400.00 4859400.00
28/03/2008 29.60 28.65 31.70 29.00 0 7266900.00 7266900.00
31/03/2008 28.00 26.85 29.70 28.80 0 11154200.00 11154200.00
01/04/2008 28.75 27.91 29.35 28.25 0 4490700.00 4490700.00
02/04/2008 28.49 27.00 28.61 27.01 0 3566200.00 3566200.00
03/04/2008 27.05 26.50 27.79 27.25 0 2488300.00 2488300.00
04/04/2008 27.80 27.31 28.40 27.80 0 3776600.00 3776600.00
07/04/2008 28.00 27.63 28.39 28.00 0 4776300.00 4776300.00
08/04/2008 27.88 27.55 28.17 27.80 0 2586300.00 2586300.00
09/04/2008 27.70 27.40 28.00 27.50 0 935200.00 935200.00
10/04/2008 27.50 27.31 28.20 27.54 0 922600.00 922600.00
11/04/2008 27.37 26.84 27.60 27.00 0 851200.00 851200.00
14/04/2008 26.95 25.39 26.95 25.39 0 1407500.00 1407500.00
15/04/2008 25.62 24.52 25.66 24.90 0 2272200.00 2272200.00
16/04/2008 25.25 25.00 25.95 25.80 0 2032100.00 2032100.00
17/04/2008 26.70 25.30 27.15 26.60 0 1339500.00 1339500.00
18/04/2008 27.30 24.50 27.30 27.30 0 3269200.00 3269200.00
22/04/2008 24.91 24.60 26.05 26.00 0 3495600.00 3495600.00
23/04/2008 26.15 25.03 26.50 26.20 0 2656100.00 2656100.00
24/04/2008 26.20 25.55 26.95 26.89 0 1057000.00 1057000.00
25/04/2008 26.89 26.80 27.70 27.60 0 1407000.00 1407000.00
28/04/2008 27.85 27.30 27.95 27.36 0 1087200.00 1087200.00
29/04/2008 27.40 26.00 27.53 26.01 0 1521300.00 1521300.00
30/04/2008 25.99 25.82 27.50 26.30 0 3923600.00 3923600.00
02/05/2008 27.35 27.35 29.30 28.49 0 4193500.00 4193500.00
05/05/2008 28.66 28.66 30.45 29.60 0 3126200.00 3126200.00
06/05/2008 29.80 29.02 29.80 29.30 0 1168800.00 1168800.00
07/05/2008 29.78 27.88 29.78 28.55 0 1494800.00 1494800.00
08/05/2008 28.56 28.05 29.28 28.19 0 1393700.00 1393700.00
09/05/2008 28.20 27.63 28.30 28.30 0 945900.00 945900.00
12/05/2008 28.33 27.90 29.30 29.22 0 917300.00 917300.00
13/05/2008 29.38 28.21 29.49 28.40 0 1202800.00 1202800.00
14/05/2008 28.85 27.00 28.85 27.39 0 1621600.00 1621600.00
15/05/2008 27.60 27.10 28.05 28.05 0 1637300.00 1637300.00
16/05/2008 28.39 28.11 29.20 29.15 0 1748500.00 1748500.00
19/05/2008 31.00 30.40 32.20 30.90 0 6132700.00 6132700.00
20/05/2008 30.95 29.71 30.97 30.45 0 1511800.00 1511800.00
21/05/2008 29.96 29.29 30.00 29.50 0 922200.00 922200.00
23/05/2008 29.50 28.83 30.50 29.50 0 947400.00 947400.00
26/05/2008 29.60 29.26 30.20 29.43 0 679300.00 679300.00
27/05/2008 29.43 28.40 29.55 28.74 0 1610200.00 1610200.00
28/05/2008 30.99 30.55 32.66 31.50 0 5022300.00 5022300.00
29/05/2008 30.99 30.60 33.50 32.60 0 2462100.00 2462100.00
30/05/2008 29.70 29.61 30.94 30.80 0 3905600.00 3905600.00
02/06/2008 30.50 29.76 30.90 30.20 0 1376600.00 1376600.00
03/06/2008 30.58 29.60 30.60 30.25 0 1540000.00 1540000.00
04/06/2008 30.20 29.90 31.90 31.00 0 1699800.00 1699800.00
05/06/2008 31.25 30.64 31.79 31.26 0 1690100.00 1690100.00
06/06/2008 30.85 29.82 30.92 30.00 0 1244500.00 1244500.00
10/06/2008 30.60 30.20 31.80 31.60 0 1161900.00 1161900.00
11/06/2008 31.23 30.70 31.88 31.58 0 1813800.00 1813800.00
12/06/2008 31.80 31.80 33.40 32.95 0 1883000.00 1883000.00
13/06/2008 33.00 32.20 33.40 32.70 0 812000.00 812000.00
16/06/2008 32.50 31.70 33.19 32.61 0 1362500.00 1362500.00
17/06/2008 32.72 32.00 33.09 32.10 0 1299800.00 1299800.00
18/06/2008 32.10 31.42 32.29 31.50 0 1865000.00 1865000.00
19/06/2008 31.42 30.41 31.80 30.85 0 624700.00 624700.00
20/06/2008 31.28 29.40 31.80 29.95 0 741900.00 741900.00
23/06/2008 30.20 29.10 31.27 30.90 0 1160200.00 1160200.00
24/06/2008 30.92 30.38 31.50 30.51 0 881600.00 881600.00
25/06/2008 31.00 30.40 31.97 31.80 0 1163800.00 1163800.00
26/06/2008 30.90 30.29 31.20 30.50 0 970300.00 970300.00
27/06/2008 30.79 30.45 32.30 32.30 0 1263400.00 1263400.00
30/06/2008 31.86 31.43 33.44 32.80 0 2020800.00 2020800.00
01/07/2008 32.30 31.30 32.70 32.60 0 2192500.00 2192500.00
02/07/2008 32.70 30.89 33.00 30.89 0 1012600.00 1012600.00
03/07/2008 31.10 30.11 32.05 30.11 0 1043100.00 1043100.00
04/07/2008 29.90 29.60 30.80 30.55 0 643100.00 643100.00
07/07/2008 30.69 30.02 31.25 30.32 0 920300.00 920300.00
08/07/2008 30.06 29.65 30.70 30.60 0 773500.00 773500.00
10/07/2008 30.60 30.01 32.18 31.44 0 1303400.00 1303400.00
11/07/2008 31.20 30.77 31.85 31.40 0 823900.00 823900.00
14/07/2008 31.75 31.36 32.12 32.00 0 1194800.00 1194800.00
15/07/2008 31.25 31.13 32.65 32.30 0 2237400.00 2237400.00
16/07/2008 32.00 31.50 32.30 31.68 0 1709500.00 1709500.00
17/07/2008 31.70 30.05 31.88 30.05 0 1389200.00 1389200.00
18/07/2008 30.10 29.70 30.80 29.81 0 1004600.00 1004600.00
21/07/2008 30.50 29.38 30.50 29.50 0 1749400.00 1749400.00
22/07/2008 29.50 29.20 29.79 29.52 0 1035900.00 1035900.00
23/07/2008 29.34 28.79 30.37 29.36 0 1346600.00 1346600.00
24/07/2008 29.48 28.79 29.65 28.95 0 1310000.00 1310000.00
25/07/2008 28.70 28.50 29.29 29.00 0 989700.00 989700.00
28/07/2008 29.29 28.81 29.40 28.90 0 1719200.00 1719200.00
29/07/2008 29.00 28.66 29.55 29.23 0 1517600.00 1517600.00
30/07/2008 29.33 29.01 29.75 29.38 0 1474500.00 1474500.00
31/07/2008 29.38 29.09 29.98 29.09 0 1295800.00 1295800.00
01/08/2008 29.09 29.00 30.09 29.69 0 713600.00 713600.00
04/08/2008 29.41 28.54 30.54 30.40 0 1171400.00 1171400.00
05/08/2008 30.53 30.10 30.90 30.50 0 842100.00 842100.00
06/08/2008 30.98 29.80 30.98 30.25 0 855000.00 855000.00
07/08/2008 29.75 29.25 30.30 29.25 0 623200.00 623200.00
08/08/2008 28.87 28.57 29.99 28.75 0 850200.00 850200.00
11/08/2008 29.16 25.98 29.89 25.98 0 1768200.00 1768200.00
12/08/2008 26.30 26.10 28.00 27.65 0 2642300.00 2642300.00
13/08/2008 27.38 26.07 27.39 26.49 0 2800300.00 2800300.00
14/08/2008 26.60 26.10 26.99 26.19 0 987700.00 987700.00
15/08/2008 26.31 26.10 27.01 27.01 0 927700.00 927700.00
18/08/2008 27.01 27.01 28.30 27.89 0 1972000.00 1972000.00
19/08/2008 27.90 27.01 28.84 27.85 0 1095300.00 1095300.00
20/08/2008 28.20 27.11 28.29 27.60 0 1224200.00 1224200.00
21/08/2008 27.65 26.80 27.65 27.47 0 626300.00 626300.00
22/08/2008 27.44 27.01 28.05 27.70 0 669800.00 669800.00
25/08/2008 27.90 26.87 27.90 27.10 0 288700.00 288700.00
26/08/2008 27.00 25.99 27.17 26.10 0 749600.00 749600.00
27/08/2008 26.52 26.00 26.65 26.54 0 966900.00 966900.00
28/08/2008 26.80 26.20 26.83 26.45 0 1517700.00 1517700.00
29/08/2008 26.00 25.36 26.59 26.12 0 2541700.00 2541700.00
01/09/2008 25.80 25.42 26.40 25.60 0 502500.00 502500.00
02/09/2008 25.63 25.08 26.10 25.55 0 1330500.00 1330500.00
03/09/2008 25.67 24.20 26.00 24.79 0 1664600.00 1664600.00
04/09/2008 24.81 23.98 25.31 23.98 0 2145400.00 2145400.00
05/09/2008 22.29 21.79 22.95 22.69 0 3092900.00 3092900.00
08/09/2008 22.90 20.50 23.05 20.69 0 2599800.00 2599800.00
09/09/2008 20.50 19.50 20.60 19.50 0 2476100.00 2476100.00
10/09/2008 18.85 18.57 19.88 19.40 0 1795000.00 1795000.00
11/09/2008 19.01 18.55 20.50 19.80 0 830300.00 830300.00
12/09/2008 19.80 19.11 19.99 19.50 0 983100.00 983100.00
15/09/2008 18.50 17.53 18.93 18.06 0 1534200.00 1534200.00
16/09/2008 17.35 16.49 18.48 17.50 0 2210000.00 2210000.00
17/09/2008 17.43 15.69 18.00 15.76 0 4941000.00 4941000.00
18/09/2008 15.70 14.22 16.26 14.80 0 4642100.00 4642100.00
19/09/2008 16.10 15.97 18.02 18.02 0 3207300.00 3207300.00
22/09/2008 17.67 16.41 18.21 16.89 0 988300.00 988300.00
23/09/2008 16.80 15.50 16.80 16.00 0 2085000.00 2085000.00
24/09/2008 16.01 14.80 16.40 15.09 0 1731600.00 1731600.00
25/09/2008 15.35 15.11 16.90 16.50 0 1474400.00 1474400.00
26/09/2008 15.31 15.31 17.70 17.63 0 1351900.00 1351900.00
29/09/2008 16.71 14.57 17.11 15.50 0 807500.00 807500.00
30/09/2008 15.95 15.80 16.80 16.50 0 1748800.00 1748800.00
01/10/2008 16.70 15.81 17.29 17.29 0 1864100.00 1864100.00
02/10/2008 16.90 13.61 16.90 14.00 0 2994500.00 2994500.00
03/10/2008 14.69 13.83 15.19 14.60 0 2462800.00 2462800.00
06/10/2008 13.00 11.50 13.00 12.58 0 1328600.00 1328600.00
07/10/2008 12.70 11.20 12.85 12.45 0 2591400.00 2591400.00
08/10/2008 11.60 10.30 11.89 10.30 0 4365400.00 4365400.00
09/10/2008 10.80 10.10 11.29 10.22 0 1992800.00 1992800.00
10/10/2008 9.25 8.70 9.90 9.50 0 1185400.00 1185400.00
13/10/2008 10.50 10.15 11.29 11.29 0 2249300.00 2249300.00
14/10/2008 12.02 11.34 12.69 11.36 0 2686400.00 2686400.00
15/10/2008 10.71 10.25 11.44 10.50 0 1493400.00 1493400.00
16/10/2008 10.78 9.71 11.18 11.00 0 1516100.00 1516100.00
17/10/2008 10.95 10.52 11.42 11.01 0 1258300.00 1258300.00
20/10/2008 11.31 11.10 11.64 11.60 0 1051500.00 1051500.00
21/10/2008 11.20 11.01 11.45 11.20 0 883100.00 883100.00
22/10/2008 10.72 9.80 10.90 10.01 0 962100.00 962100.00
23/10/2008 10.01 9.00 10.18 9.59 0 1101300.00 1101300.00
24/10/2008 8.50 8.50 9.28 8.80 0 867400.00 867400.00
27/10/2008 8.74 8.25 9.00 8.30 0 825900.00 825900.00
28/10/2008 8.99 8.51 10.30 10.20 0 8324000.00 8324000.00
29/10/2008 10.68 9.66 10.68 10.30 0 1974800.00 1974800.00
30/10/2008 10.79 10.17 11.20 10.21 0 1758500.00 1758500.00
31/10/2008 10.19 9.56 10.89 10.00 0 1246600.00 1246600.00
03/11/2008 10.10 9.86 10.67 10.38 0 809400.00 809400.00
04/11/2008 10.70 10.63 11.79 11.36 0 1289800.00 1289800.00
05/11/2008 11.29 11.05 11.89 11.25 0 1960100.00 1960100.00
06/11/2008 11.25 11.05 13.38 12.08 0 4584300.00 4584300.00
07/11/2008 12.50 11.20 12.60 11.90 0 1459200.00 1459200.00
10/11/2008 12.60 11.73 12.79 11.80 0 888700.00 888700.00
11/11/2008 11.60 11.40 12.86 12.75 0 1275400.00 1275400.00
12/11/2008 12.64 12.15 13.24 12.50 0 2601200.00 2601200.00
13/11/2008 12.51 12.40 13.49 13.47 0 1760500.00 1760500.00
14/11/2008 13.75 12.82 13.75 13.70 0 1355100.00 1355100.00
17/11/2008 13.15 12.91 14.27 13.99 0 2000700.00 2000700.00
18/11/2008 13.50 13.31 14.20 13.81 0 2242100.00 2242100.00
19/11/2008 14.00 13.64 14.40 13.91 0 1453200.00 1453200.00
21/11/2008 13.79 13.50 14.15 13.80 0 972700.00 972700.00
24/11/2008 14.30 14.18 14.75 14.70 0 1525700.00 1525700.00
25/11/2008 14.56 14.04 14.80 14.49 0 1162800.00 1162800.00
26/11/2008 14.42 13.97 14.65 14.20 0 1166100.00 1166100.00
27/11/2008 14.34 13.40 14.34 13.70 0 716800.00 716800.00
28/11/2008 13.74 13.10 13.88 13.50 0 1634000.00 1634000.00
01/12/2008 12.96 12.73 13.30 13.05 0 706100.00 706100.00
02/12/2008 13.39 13.05 13.88 13.68 0 1219500.00 1219500.00
03/12/2008 13.74 13.19 13.74 13.40 0 2598500.00 2598500.00
04/12/2008 13.70 13.22 13.70 13.50 0 983000.00 983000.00
05/12/2008 13.22 12.74 13.47 12.99 0 1962900.00 1962900.00
08/12/2008 13.49 13.10 13.95 13.60 0 1840800.00 1840800.00
09/12/2008 13.80 13.13 13.89 13.30 0 789500.00 789500.00
10/12/2008 13.62 13.04 14.00 13.04 0 1527900.00 1527900.00
11/12/2008 13.20 12.82 13.60 13.20 0 1564900.00 1564900.00
12/12/2008 12.80 12.73 14.40 14.40 0 1247600.00 1247600.00
15/12/2008 13.97 13.71 14.54 13.74 0 1009100.00 1009100.00
16/12/2008 14.00 13.75 14.50 14.50 0 971200.00 971200.00
17/12/2008 14.21 13.70 14.30 13.97 0 2238600.00 2238600.00
18/12/2008 14.19 13.94 14.25 14.14 0 768000.00 768000.00
19/12/2008 14.16 13.81 14.43 13.86 0 749600.00 749600.00
22/12/2008 14.00 13.60 14.30 13.95 0 1393800.00 1393800.00
23/12/2008 13.90 13.90 14.75 14.15 0 1248000.00 1248000.00
26/12/2008 14.15 13.98 14.45 14.35 0 847600.00 847600.00
29/12/2008 14.40 14.21 14.50 14.49 0 970100.00 970100.00
30/12/2008 14.49 14.45 15.10 15.09 0 1331300.00 1331300.00
02/01/2009 15.20 15.15 15.78 15.74 0 526500.00 526500.00
05/01/2009 15.78 15.50 16.34 15.90 0 1476900.00 1476900.00
06/01/2009 16.00 15.16 16.20 15.89 0 1345500.00 1345500.00
07/01/2009 15.26 14.91 15.66 15.00 0 1197000.00 1197000.00
08/01/2009 14.95 14.53 15.25 15.08 0 1179700.00 1179700.00
09/01/2009 15.25 14.36 15.25 14.40 0 1055100.00 1055100.00
12/01/2009 14.49 13.32 14.68 13.45 0 1672500.00 1672500.00
13/01/2009 13.45 13.30 14.29 14.10 0 2013500.00 2013500.00
14/01/2009 13.92 13.63 14.19 13.73 0 1915100.00 1915100.00
15/01/2009 13.72 13.20 14.18 13.77 0 1025400.00 1025400.00
16/01/2009 14.10 13.50 14.10 13.75 0 467200.00 467200.00
19/01/2009 13.97 13.25 13.97 13.40 0 626600.00 626600.00
20/01/2009 13.40 13.19 13.73 13.19 0 818300.00 818300.00
21/01/2009 13.49 13.21 13.73 13.73 0 1126400.00 1126400.00
22/01/2009 13.21 13.00 14.02 13.00 0 1431100.00 1431100.00
23/01/2009 12.90 12.45 13.65 13.48 0 856400.00 856400.00
26/01/2009 13.40 13.12 13.57 13.42 0 950800.00 950800.00
27/01/2009 13.15 13.01 13.44 13.09 0 1391900.00 1391900.00
28/01/2009 13.19 12.85 13.44 13.04 0 2458700.00 2458700.00
29/01/2009 12.96 12.66 12.98 12.98 0 865700.00 865700.00
30/01/2009 12.94 12.50 12.94 12.50 0 1070900.00 1070900.00
02/02/2009 12.29 11.97 12.30 11.99 0 1104500.00 1104500.00
03/02/2009 12.05 11.82 12.15 12.10 0 973900.00 973900.00
04/02/2009 12.18 12.02 12.72 12.20 0 1480700.00 1480700.00
05/02/2009 12.37 12.11 12.68 12.49 0 1049600.00 1049600.00
06/02/2009 12.70 12.26 13.05 13.05 0 2551800.00 2551800.00
09/02/2009 12.92 12.69 13.05 12.70 0 950400.00 950400.00
10/02/2009 12.71 12.71 13.75 13.51 0 3544100.00 3544100.00
11/02/2009 13.80 13.66 14.39 13.86 0 2876000.00 2876000.00
12/02/2009 14.58 13.90 15.50 14.55 0 3196700.00 3196700.00
13/02/2009 15.13 14.26 15.20 14.30 0 1684300.00 1684300.00
16/02/2009 14.05 13.85 14.48 14.27 0 523700.00 523700.00
17/02/2009 13.86 13.56 14.16 13.57 0 1332700.00 1332700.00
18/02/2009 13.80 13.61 14.21 14.05 0 1349900.00 1349900.00
19/02/2009 14.19 14.00 14.39 14.39 0 1238000.00 1238000.00
20/02/2009 14.01 14.01 14.38 14.19 0 858800.00 858800.00
25/02/2009 14.00 13.21 14.89 14.35 0 523800.00 523800.00
26/02/2009 14.67 13.91 14.73 14.00 0 593100.00 593100.00
27/02/2009 13.60 13.25 13.84 13.64 0 2141400.00 2141400.00
02/03/2009 13.25 12.74 13.35 12.89 0 1002000.00 1002000.00
03/03/2009 13.23 12.63 13.60 13.15 0 1240100.00 1240100.00
04/03/2009 13.57 13.19 13.63 13.52 0 1034200.00 1034200.00
05/03/2009 13.16 13.16 13.74 13.31 0 756000.00 756000.00
06/03/2009 13.41 13.21 13.78 13.25 0 896900.00 896900.00
09/03/2009 13.02 13.02 13.55 13.50 0 662200.00 662200.00
10/03/2009 13.59 13.30 14.08 13.94 0 1238400.00 1238400.00
11/03/2009 14.08 13.65 14.10 13.95 0 2270400.00 2270400.00
12/03/2009 13.92 13.67 14.12 13.80 0 575400.00 575400.00
13/03/2009 13.98 13.35 14.02 13.80 0 614900.00 614900.00
16/03/2009 13.88 13.70 14.13 13.80 0 767200.00 767200.00
17/03/2009 13.80 13.51 14.12 14.12 0 361500.00 361500.00
