01/01/2003 10.80 10.80 10.80 10.80 0 0.00 0.00
02/01/2003 10.80 10.80 11.00 10.80 0 30700.00 30700.00
03/01/2003 11.00 11.00 11.20 11.00 0 147500.00 147500.00
06/01/2003 11.00 11.00 11.20 11.20 0 117000.00 117000.00
07/01/2003 11.00 10.80 11.20 11.00 0 109000.00 109000.00
08/01/2003 11.00 10.80 11.20 10.80 0 244100.00 244100.00
09/01/2003 10.80 10.60 11.00 10.80 0 46600.00 46600.00
10/01/2003 11.00 10.80 11.20 11.00 0 102300.00 102300.00
13/01/2003 11.00 10.80 11.20 10.80 0 206800.00 206800.00
14/01/2003 10.80 10.80 11.00 10.80 0 41200.00 41200.00
15/01/2003 10.60 10.60 11.00 10.60 0 77000.00 77000.00
16/01/2003 10.60 10.60 11.20 10.80 0 87200.00 87200.00
17/01/2003 10.80 10.60 11.00 10.80 0 79200.00 79200.00
20/01/2003 10.80 10.60 10.80 10.80 0 34400.00 34400.00
21/01/2003 10.60 10.40 10.80 10.60 0 184100.00 184100.00
22/01/2003 10.40 10.40 10.60 10.60 0 43600.00 43600.00
23/01/2003 10.60 10.40 10.60 10.60 0 41300.00 41300.00
24/01/2003 10.40 10.20 10.40 10.20 0 215500.00 215500.00
27/01/2003 9.80 9.80 10.20 9.80 0 96000.00 96000.00
28/01/2003 9.80 9.80 10.00 9.80 0 57300.00 57300.00
29/01/2003 9.80 9.60 10.00 10.00 0 122400.00 122400.00
30/01/2003 10.20 10.00 10.20 10.00 0 59300.00 59300.00
31/01/2003 10.20 10.00 10.20 10.20 0 39100.00 39100.00
03/02/2003 10.20 10.00 10.20 10.00 0 23800.00 23800.00
04/02/2003 9.60 9.60 10.00 9.60 0 143700.00 143700.00
05/02/2003 9.60 9.60 10.00 9.80 0 81000.00 81000.00
06/02/2003 9.60 9.40 9.80 9.60 0 151100.00 151100.00
07/02/2003 9.60 9.60 9.80 9.60 0 58300.00 58300.00
10/02/2003 9.60 9.40 9.80 9.60 0 47600.00 47600.00
11/02/2003 9.60 9.40 9.80 9.60 0 67100.00 67100.00
12/02/2003 9.60 9.40 9.60 9.60 0 42300.00 42300.00
13/02/2003 9.40 9.20 9.60 9.60 0 80600.00 80600.00
14/02/2003 9.40 9.20 9.40 9.40 0 72700.00 72700.00
17/02/2003 9.80 9.40 9.80 9.40 0 81300.00 81300.00
18/02/2003 9.60 9.40 9.60 9.40 0 30700.00 30700.00
19/02/2003 9.40 9.40 9.60 9.40 0 106800.00 106800.00
20/02/2003 9.40 9.20 9.60 9.40 0 80600.00 80600.00
21/02/2003 9.40 9.20 9.40 9.40 0 40400.00 40400.00
24/02/2003 9.40 9.40 9.60 9.40 0 35900.00 35900.00
25/02/2003 9.60 9.20 9.60 9.60 0 45600.00 45600.00
26/02/2003 9.40 9.00 9.60 9.20 0 161500.00 161500.00
27/02/2003 9.20 9.20 9.40 9.40 0 40100.00 40100.00
28/02/2003 9.40 9.20 9.40 9.20 0 76700.00 76700.00
03/03/2003 9.20 9.20 9.20 9.20 0 0.00 0.00
04/03/2003 9.20 9.20 9.20 9.20 0 0.00 0.00
05/03/2003 9.00 9.00 9.40 9.20 0 231400.00 231400.00
06/03/2003 9.40 9.20 9.40 9.40 0 65100.00 65100.00
07/03/2003 9.40 9.20 9.60 9.60 0 88600.00 88600.00
10/03/2003 9.20 9.00 9.40 9.20 0 86100.00 86100.00
11/03/2003 9.20 9.00 9.40 9.20 0 181600.00 181600.00
12/03/2003 9.20 9.00 9.20 9.20 0 17100.00 17100.00
13/03/2003 9.20 9.20 9.60 9.40 0 96600.00 96600.00
14/03/2003 9.60 9.00 9.60 9.20 0 97100.00 97100.00
17/03/2003 9.00 9.00 9.20 9.20 0 60800.00 60800.00
18/03/2003 9.40 9.00 9.40 9.20 0 80500.00 80500.00
19/03/2003 9.20 8.80 9.20 9.00 0 98200.00 98200.00
20/03/2003 8.80 8.80 9.20 9.00 0 196500.00 196500.00
21/03/2003 9.00 8.80 9.20 9.00 0 215600.00 215600.00
24/03/2003 9.00 8.80 9.20 9.00 0 121900.00 121900.00
25/03/2003 9.20 8.80 9.20 9.20 0 57400.00 57400.00
26/03/2003 9.00 8.80 9.20 9.20 0 114000.00 114000.00
27/03/2003 8.80 8.60 9.00 8.80 0 168800.00 168800.00
28/03/2003 8.80 8.60 9.00 9.00 0 56900.00 56900.00
31/03/2003 8.80 8.60 9.00 8.80 0 34700.00 34700.00
01/04/2003 8.80 8.60 9.00 8.80 0 130300.00 130300.00
02/04/2003 9.00 8.80 9.40 9.40 0 452900.00 452900.00
03/04/2003 9.40 9.20 10.20 10.00 0 620800.00 620800.00
04/04/2003 10.00 9.40 10.00 9.60 0 181800.00 181800.00
07/04/2003 9.80 9.40 10.00 9.40 0 120700.00 120700.00
08/04/2003 9.60 9.00 9.60 9.20 0 150600.00 150600.00
09/04/2003 9.00 9.00 9.20 9.00 0 145100.00 145100.00
10/04/2003 9.00 8.80 9.20 9.20 0 51600.00 51600.00
11/04/2003 9.20 8.80 9.20 9.20 0 200300.00 200300.00
14/04/2003 9.20 8.80 9.20 9.20 0 139600.00 139600.00
15/04/2003 9.00 9.00 9.20 9.20 0 191300.00 191300.00
16/04/2003 9.20 9.00 9.40 9.20 0 181500.00 181500.00
17/04/2003 9.20 9.20 9.60 9.40 0 173800.00 173800.00
18/04/2003 9.40 9.40 9.40 9.40 0 0.00 0.00
21/04/2003 9.40 9.40 9.40 9.40 0 0.00 0.00
22/04/2003 9.40 9.20 9.60 9.40 0 46100.00 46100.00
23/04/2003 9.20 9.20 9.40 9.40 0 54900.00 54900.00
24/04/2003 9.20 9.00 9.40 9.20 0 110400.00 110400.00
25/04/2003 9.20 9.00 9.40 9.40 0 42700.00 42700.00
28/04/2003 9.20 9.00 9.40 9.40 0 51200.00 51200.00
29/04/2003 9.40 9.20 9.60 9.20 0 349400.00 349400.00
30/04/2003 9.40 9.20 9.60 9.40 0 113100.00 113100.00
01/05/2003 9.40 9.40 9.40 9.40 0 0.00 0.00
02/05/2003 9.40 9.20 9.60 9.40 0 105800.00 105800.00
05/05/2003 9.40 9.00 9.40 9.20 0 193800.00 193800.00
06/05/2003 9.20 9.00 9.80 9.60 0 589700.00 589700.00
07/05/2003 9.80 9.80 10.60 10.40 0 825700.00 825700.00
08/05/2003 10.80 10.60 11.20 11.00 0 495600.00 495600.00
09/05/2003 11.00 10.60 11.00 10.80 0 234400.00 234400.00
12/05/2003 10.60 10.20 10.80 10.40 0 202100.00 202100.00
13/05/2003 10.60 10.20 10.80 10.20 0 120000.00 120000.00
14/05/2003 10.40 10.20 10.60 10.40 0 98400.00 98400.00
15/05/2003 10.20 9.80 10.20 10.00 0 203900.00 203900.00
16/05/2003 10.00 9.60 10.20 10.20 0 142000.00 142000.00
19/05/2003 10.00 9.60 10.00 9.80 0 97000.00 97000.00
20/05/2003 9.80 9.60 9.80 9.80 0 63200.00 63200.00
21/05/2003 9.80 9.60 10.20 10.00 0 59300.00 59300.00
22/05/2003 10.00 9.80 10.20 10.00 0 40900.00 40900.00
23/05/2003 10.00 9.80 10.20 10.00 0 25500.00 25500.00
26/05/2003 9.80 9.60 10.00 9.60 0 58900.00 58900.00
27/05/2003 9.60 9.60 10.00 9.80 0 45800.00 45800.00
28/05/2003 10.00 9.60 10.00 9.80 0 31000.00 31000.00
29/05/2003 9.80 9.60 10.00 10.00 0 89400.00 89400.00
30/05/2003 10.00 9.80 10.20 10.00 0 56700.00 56700.00
02/06/2003 10.00 9.80 10.20 9.80 0 44700.00 44700.00
03/06/2003 9.80 9.60 10.00 10.00 0 89200.00 89200.00
04/06/2003 10.20 10.00 10.40 10.20 0 294800.00 294800.00
05/06/2003 10.20 10.20 10.40 10.20 0 128700.00 128700.00
06/06/2003 10.20 10.20 10.60 10.20 0 68900.00 68900.00
09/06/2003 10.40 10.20 10.40 10.40 0 39700.00 39700.00
10/06/2003 10.20 10.20 10.40 10.20 0 118600.00 118600.00
11/06/2003 10.20 10.00 10.20 10.00 0 305600.00 305600.00
12/06/2003 10.00 9.80 10.00 9.80 0 130100.00 130100.00
13/06/2003 10.00 9.60 10.00 10.00 0 56400.00 56400.00
16/06/2003 10.00 9.80 10.00 9.80 0 102500.00 102500.00
17/06/2003 9.80 9.80 10.00 9.80 0 103700.00 103700.00
18/06/2003 9.80 9.40 10.00 9.40 0 246900.00 246900.00
19/06/2003 9.40 9.40 9.40 9.40 0 0.00 0.00
20/06/2003 9.40 9.20 9.40 9.40 0 90500.00 90500.00
23/06/2003 9.40 9.00 9.40 9.20 0 197500.00 197500.00
24/06/2003 9.20 9.20 9.40 9.20 0 80600.00 80600.00
25/06/2003 9.20 9.00 9.40 9.00 0 117400.00 117400.00
26/06/2003 9.20 9.00 9.20 9.20 0 40100.00 40100.00
27/06/2003 9.20 9.00 9.20 9.20 0 114000.00 114000.00
30/06/2003 9.00 8.80 9.20 9.20 0 202300.00 202300.00
01/07/2003 9.20 8.80 9.40 9.40 0 78500.00 78500.00
02/07/2003 9.40 9.20 9.40 9.40 0 126800.00 126800.00
03/07/2003 9.20 9.20 9.40 9.40 0 118900.00 118900.00
04/07/2003 9.40 9.20 9.60 9.60 0 170500.00 170500.00
07/07/2003 9.40 9.20 10.00 9.80 0 285400.00 285400.00
08/07/2003 9.60 9.60 10.00 9.80 0 97400.00 97400.00
09/07/2003 9.80 9.80 9.80 9.80 0 0.00 0.00
10/07/2003 9.60 9.40 9.80 9.60 0 124800.00 124800.00
11/07/2003 9.80 9.40 9.80 9.40 0 48100.00 48100.00
14/07/2003 9.40 9.20 9.60 9.40 0 171500.00 171500.00
15/07/2003 9.40 9.00 9.60 9.20 0 407000.00 407000.00
16/07/2003 9.40 9.00 9.40 9.20 0 30600.00 30600.00
17/07/2003 9.20 9.00 9.20 9.20 0 29100.00 29100.00
18/07/2003 9.20 9.20 9.40 9.20 0 217100.00 217100.00
21/07/2003 9.40 9.20 9.40 9.20 0 15500.00 15500.00
22/07/2003 9.40 9.20 9.40 9.40 0 71600.00 71600.00
23/07/2003 9.40 9.20 9.60 9.40 0 100600.00 100600.00
24/07/2003 9.40 9.00 9.40 9.20 0 61500.00 61500.00
25/07/2003 9.20 9.00 9.20 9.00 0 87700.00 87700.00
28/07/2003 9.20 8.80 9.20 8.80 0 241500.00 241500.00
29/07/2003 9.00 8.60 9.00 8.80 0 281400.00 281400.00
30/07/2003 8.80 8.60 9.00 8.60 0 217500.00 217500.00
31/07/2003 8.80 8.60 8.80 8.80 0 57700.00 57700.00
01/08/2003 8.80 8.40 8.80 8.80 0 173500.00 173500.00
04/08/2003 8.60 8.40 8.80 8.60 0 1527000.00 1527000.00
05/08/2003 8.60 8.40 8.80 8.60 0 648000.00 648000.00
06/08/2003 8.60 8.20 8.60 8.20 0 117200.00 117200.00
07/08/2003 8.40 8.20 8.80 8.80 0 123300.00 123300.00
08/08/2003 8.80 8.40 8.80 8.80 0 56100.00 56100.00
11/08/2003 8.80 8.40 9.00 8.60 0 298600.00 298600.00
12/08/2003 8.60 8.40 8.80 8.60 0 86700.00 86700.00
13/08/2003 8.60 8.40 8.80 8.80 0 367400.00 367400.00
14/08/2003 8.80 8.40 8.80 8.60 0 204200.00 204200.00
15/08/2003 8.40 8.40 8.60 8.40 0 136800.00 136800.00
18/08/2003 8.60 8.60 8.80 8.80 0 161500.00 161500.00
19/08/2003 8.80 8.80 9.20 9.00 0 482000.00 482000.00
20/08/2003 8.80 8.80 9.20 9.20 0 216700.00 216700.00
21/08/2003 9.20 8.80 9.20 9.00 0 163900.00 163900.00
22/08/2003 9.00 9.00 9.40 9.00 0 176000.00 176000.00
25/08/2003 9.00 8.60 9.20 9.00 0 220700.00 220700.00
26/08/2003 8.80 8.80 9.40 9.20 0 326400.00 326400.00
27/08/2003 9.40 9.00 9.40 9.40 0 171100.00 171100.00
28/08/2003 9.40 9.00 9.40 9.40 0 178100.00 178100.00
29/08/2003 9.20 9.00 9.40 9.20 0 219800.00 219800.00
01/09/2003 9.20 9.00 9.40 9.20 0 71000.00 71000.00
02/09/2003 9.20 9.20 9.60 9.20 0 187100.00 187100.00
03/09/2003 9.20 9.00 9.40 9.20 0 201900.00 201900.00
04/09/2003 9.20 9.20 10.00 9.80 0 525300.00 525300.00
05/09/2003 9.80 9.60 10.20 10.20 0 522600.00 522600.00
08/09/2003 10.20 10.20 10.60 10.40 0 587900.00 587900.00
09/09/2003 10.60 10.00 10.60 10.60 0 214700.00 214700.00
10/09/2003 10.40 10.40 12.00 11.60 0 1295300.00 1295300.00
11/09/2003 12.00 12.00 13.00 12.40 0 1487900.00 1487900.00
12/09/2003 12.40 12.00 12.60 12.60 0 320500.00 320500.00
15/09/2003 12.40 12.00 12.60 12.00 0 197100.00 197100.00
16/09/2003 12.20 12.00 12.60 12.60 0 239400.00 239400.00
17/09/2003 12.60 12.20 13.00 12.60 0 406200.00 406200.00
18/09/2003 12.40 12.40 13.20 13.00 0 676300.00 676300.00
19/09/2003 13.00 11.80 13.00 12.40 0 446200.00 446200.00
22/09/2003 12.00 11.60 12.40 12.20 0 394400.00 394400.00
23/09/2003 12.20 11.80 12.20 12.20 0 127800.00 127800.00
24/09/2003 12.20 11.60 12.40 11.80 0 230600.00 230600.00
25/09/2003 11.80 11.20 11.80 11.20 0 353300.00 353300.00
26/09/2003 11.40 11.20 11.60 11.20 0 144500.00 144500.00
29/09/2003 11.40 10.80 11.40 11.40 0 351300.00 351300.00
30/09/2003 11.40 11.00 11.60 11.60 0 202500.00 202500.00
01/10/2003 11.60 11.40 11.80 11.60 0 148200.00 148200.00
02/10/2003 11.80 11.80 12.60 12.00 0 592900.00 592900.00
03/10/2003 12.20 11.80 12.40 11.80 0 423100.00 423100.00
06/10/2003 11.80 11.80 12.00 11.80 0 54200.00 54200.00
07/10/2003 11.80 11.60 12.00 11.80 0 86100.00 86100.00
08/10/2003 12.00 12.00 12.40 12.00 0 233400.00 233400.00
09/10/2003 12.20 11.60 12.40 11.80 0 188000.00 188000.00
10/10/2003 11.80 11.60 12.00 11.80 0 79000.00 79000.00
13/10/2003 11.80 11.80 12.20 12.00 0 102000.00 102000.00
14/10/2003 12.20 11.80 12.20 12.00 0 101800.00 101800.00
15/10/2003 12.00 11.60 12.00 11.60 0 189300.00 189300.00
16/10/2003 11.80 11.40 12.00 11.40 0 148100.00 148100.00
17/10/2003 11.60 11.40 11.80 11.60 0 107300.00 107300.00
20/10/2003 11.60 11.60 12.20 12.00 0 328500.00 328500.00
21/10/2003 12.40 12.20 12.60 12.40 0 302000.00 302000.00
22/10/2003 12.40 12.20 12.60 12.40 0 234200.00 234200.00
23/10/2003 12.20 12.00 12.40 12.00 0 199500.00 199500.00
24/10/2003 12.00 11.80 12.20 12.00 0 134200.00 134200.00
27/10/2003 12.20 11.60 12.20 11.80 0 143700.00 143700.00
28/10/2003 11.80 11.60 12.40 12.20 0 227800.00 227800.00
29/10/2003 12.40 12.40 12.80 12.60 0 383200.00 383200.00
30/10/2003 12.60 12.20 12.80 12.40 0 88400.00 88400.00
31/10/2003 12.60 11.80 12.60 11.80 0 520300.00 520300.00
03/11/2003 12.00 11.80 12.40 12.20 0 391200.00 391200.00
04/11/2003 12.20 12.00 12.40 12.00 0 208400.00 208400.00
05/11/2003 12.00 11.60 12.00 11.60 0 244800.00 244800.00
06/11/2003 11.80 11.60 12.00 11.80 0 189900.00 189900.00
07/11/2003 11.80 11.80 12.40 12.20 0 218200.00 218200.00
10/11/2003 12.40 12.00 12.40 12.20 0 86300.00 86300.00
11/11/2003 12.20 12.00 12.20 12.20 0 125700.00 125700.00
12/11/2003 12.20 11.80 12.40 12.20 0 265200.00 265200.00
13/11/2003 12.20 11.80 12.20 11.80 0 168100.00 168100.00
14/11/2003 12.00 11.60 12.00 12.00 0 311800.00 311800.00
17/11/2003 12.20 11.80 12.20 11.80 0 285200.00 285200.00
18/11/2003 12.00 11.80 12.20 12.00 0 189100.00 189100.00
19/11/2003 12.00 11.60 12.00 11.80 0 360900.00 360900.00
20/11/2003 12.00 11.60 12.20 12.20 0 324200.00 324200.00
21/11/2003 12.20 11.80 12.40 12.00 0 751100.00 751100.00
24/11/2003 12.20 12.00 13.00 13.00 0 1475800.00 1475800.00
25/11/2003 13.20 13.20 13.60 13.20 0 856400.00 856400.00
26/11/2003 13.60 13.60 14.20 13.80 0 816400.00 816400.00
27/11/2003 14.00 13.60 15.00 14.80 0 941900.00 941900.00
28/11/2003 15.00 14.60 15.40 15.00 0 706000.00 706000.00
01/12/2003 15.20 14.40 15.20 14.60 0 509900.00 509900.00
02/12/2003 14.80 14.40 14.80 14.40 0 258900.00 258900.00
03/12/2003 14.40 14.20 14.60 14.40 0 471400.00 471400.00
04/12/2003 14.40 14.20 14.40 14.20 0 103300.00 103300.00
05/12/2003 14.40 14.20 15.40 15.00 0 407700.00 407700.00
08/12/2003 15.20 15.20 16.40 16.20 0 665300.00 665300.00
09/12/2003 16.80 16.40 17.20 16.60 0 608800.00 608800.00
10/12/2003 16.60 16.00 17.00 16.00 0 512100.00 512100.00
11/12/2003 16.00 15.80 16.60 16.40 0 456500.00 456500.00
12/12/2003 16.80 15.40 17.20 15.60 0 532400.00 532400.00
15/12/2003 16.00 15.20 16.20 15.60 0 453600.00 453600.00
16/12/2003 15.40 15.00 15.40 15.20 0 211200.00 211200.00
17/12/2003 15.40 15.20 15.80 15.60 0 494700.00 494700.00
18/12/2003 15.80 15.80 16.40 16.00 0 417800.00 417800.00
19/12/2003 16.20 16.20 16.80 16.40 0 267600.00 267600.00
22/12/2003 16.60 16.20 16.60 16.40 0 255700.00 255700.00
23/12/2003 16.60 16.60 17.00 17.00 0 451300.00 451300.00
24/12/2003 17.00 17.00 17.00 17.00 0 0.00 0.00
25/12/2003 17.00 17.00 17.00 17.00 0 0.00 0.00
26/12/2003 17.00 16.80 17.00 17.00 0 96900.00 96900.00
29/12/2003 17.20 16.60 17.20 17.00 0 221500.00 221500.00
30/12/2003 16.60 16.20 16.60 16.20 0 266400.00 266400.00
31/12/2003 16.20 16.20 16.20 16.20 0 0.00 0.00
01/01/2004 16.20 16.20 16.20 16.20 0 0.00 0.00
02/01/2004 16.20 16.20 17.00 17.00 0 92200.00 92200.00
05/01/2004 17.00 16.80 17.80 17.80 0 260900.00 260900.00
06/01/2004 18.20 17.20 18.40 17.40 0 453900.00 453900.00
07/01/2004 17.40 17.20 18.20 17.40 0 495900.00 495900.00
08/01/2004 17.60 17.40 18.00 18.00 0 268000.00 268000.00
09/01/2004 18.00 17.60 18.20 17.80 0 407200.00 407200.00
12/01/2004 18.00 17.40 18.20 17.60 0 424100.00 424100.00
13/01/2004 17.80 17.20 18.00 17.40 0 276200.00 276200.00
14/01/2004 17.40 16.60 17.40 17.20 0 320600.00 320600.00
15/01/2004 17.00 16.60 17.40 17.00 0 233800.00 233800.00
16/01/2004 17.00 16.80 17.40 17.20 0 98600.00 98600.00
19/01/2004 17.20 16.80 17.40 17.40 0 142200.00 142200.00
20/01/2004 17.40 16.80 17.60 16.80 0 147700.00 147700.00
21/01/2004 16.80 16.60 17.00 16.80 0 116700.00 116700.00
22/01/2004 16.40 16.20 17.00 16.80 0 194000.00 194000.00
23/01/2004 16.60 16.40 17.20 16.80 0 166100.00 166100.00
26/01/2004 17.20 17.00 18.00 18.00 0 564700.00 564700.00
27/01/2004 18.00 17.00 18.00 17.40 0 346200.00 346200.00
28/01/2004 17.40 17.20 17.80 17.40 0 568800.00 568800.00
29/01/2004 17.20 16.20 17.20 16.40 0 467600.00 467600.00
30/01/2004 16.20 15.20 16.60 15.20 0 365500.00 365500.00
02/02/2004 15.40 14.80 16.00 15.80 0 316700.00 316700.00
03/02/2004 16.00 16.00 16.60 16.20 0 390500.00 390500.00
04/02/2004 16.60 15.60 16.80 16.00 0 346800.00 346800.00
05/02/2004 15.80 15.20 16.00 15.20 0 318600.00 318600.00
06/02/2004 15.20 14.80 15.60 15.40 0 312400.00 312400.00
09/02/2004 16.00 15.40 16.00 15.40 0 226000.00 226000.00
10/02/2004 15.40 15.40 16.00 16.00 0 251200.00 251200.00
11/02/2004 16.20 16.00 16.80 16.60 0 354200.00 354200.00
12/02/2004 16.60 16.20 16.80 16.40 0 291700.00 291700.00
13/02/2004 16.40 15.60 16.80 15.80 0 277500.00 277500.00
16/02/2004 15.60 15.40 15.80 15.60 0 25600.00 25600.00
17/02/2004 16.00 15.60 16.60 16.60 0 414000.00 414000.00
18/02/2004 16.80 16.00 17.00 16.60 0 407100.00 407100.00
19/02/2004 16.40 15.40 16.40 15.60 0 459700.00 459700.00
20/02/2004 15.00 15.00 15.80 15.80 0 355100.00 355100.00
23/02/2004 15.80 15.80 15.80 15.80 0 0.00 0.00
24/02/2004 15.80 15.80 15.80 15.80 0 0.00 0.00
25/02/2004 15.80 15.60 16.20 15.80 0 99100.00 99100.00
26/02/2004 15.60 15.40 15.80 15.60 0 68200.00 68200.00
27/02/2004 15.60 15.60 16.20 15.80 0 216200.00 216200.00
01/03/2004 16.00 16.00 16.20 16.00 0 200700.00 200700.00
02/03/2004 15.80 15.60 16.40 16.00 0 149700.00 149700.00
03/03/2004 16.40 16.00 16.60 16.40 0 407700.00 407700.00
04/03/2004 16.20 16.00 16.60 16.40 0 144400.00 144400.00
05/03/2004 16.40 16.40 16.80 16.80 0 256200.00 256200.00
08/03/2004 17.00 17.00 17.40 17.20 0 209500.00 209500.00
09/03/2004 17.20 16.80 17.20 16.80 0 193100.00 193100.00
10/03/2004 16.80 16.40 16.80 16.40 0 197700.00 197700.00
11/03/2004 16.20 15.80 16.40 15.80 0 380500.00 380500.00
12/03/2004 16.00 16.00 16.80 16.80 0 209800.00 209800.00
15/03/2004 16.80 16.40 16.80 16.40 0 134200.00 134200.00
16/03/2004 16.80 16.60 17.40 17.20 0 448300.00 448300.00
17/03/2004 17.40 17.20 17.60 17.40 0 250600.00 250600.00
18/03/2004 17.40 17.20 17.80 17.80 0 243100.00 243100.00
19/03/2004 17.80 17.60 18.00 17.60 0 183200.00 183200.00
22/03/2004 17.40 16.80 17.40 16.80 0 84100.00 84100.00
23/03/2004 17.00 16.80 17.40 17.00 0 300400.00 300400.00
24/03/2004 17.00 16.80 17.60 17.40 0 326200.00 326200.00
25/03/2004 17.40 17.40 18.00 17.60 0 430900.00 430900.00
26/03/2004 17.60 17.60 19.20 19.00 0 807700.00 807700.00
29/03/2004 19.40 18.60 19.60 18.80 0 297400.00 297400.00
30/03/2004 19.00 19.00 19.80 19.60 0 866800.00 866800.00
31/03/2004 19.80 19.20 20.00 19.60 0 371200.00 371200.00
01/04/2004 19.80 19.40 19.80 19.60 0 218000.00 218000.00
02/04/2004 19.80 19.20 20.00 19.60 0 256300.00 256300.00
05/04/2004 19.60 19.20 19.80 19.40 0 249800.00 249800.00
06/04/2004 19.40 19.20 19.60 19.40 0 259600.00 259600.00
07/04/2004 19.40 19.00 19.40 19.00 0 222800.00 222800.00
08/04/2004 19.20 19.00 19.80 19.80 0 233700.00 233700.00
09/04/2004 19.80 19.80 19.80 19.80 0 0.00 0.00
12/04/2004 19.80 19.60 21.20 21.20 0 305200.00 305200.00
13/04/2004 21.00 20.00 21.40 20.00 0 391300.00 391300.00
14/04/2004 20.00 19.80 20.60 20.00 0 222900.00 222900.00
15/04/2004 20.00 19.00 20.00 19.20 0 271100.00 271100.00
16/04/2004 19.20 18.80 19.60 19.20 0 241700.00 241700.00
19/04/2004 19.40 18.60 19.40 19.00 0 163900.00 163900.00
20/04/2004 19.00 18.40 19.20 18.40 0 267300.00 267300.00
21/04/2004 18.40 18.40 18.40 18.40 0 0.00 0.00
22/04/2004 18.60 18.40 19.00 18.60 0 357400.00 357400.00
23/04/2004 18.60 18.60 18.60 18.60 0 0.00 0.00
26/04/2004 18.80 18.60 19.00 18.60 0 91300.00 91300.00
27/04/2004 18.80 18.40 19.20 18.60 0 200100.00 200100.00
28/04/2004 18.60 18.00 18.80 18.00 0 252400.00 252400.00
29/04/2004 18.20 17.20 18.60 17.40 0 473100.00 473100.00
30/04/2004 17.40 17.20 18.00 17.60 0 247500.00 247500.00
03/05/2004 17.60 17.60 18.40 18.40 0 338600.00 338600.00
04/05/2004 18.40 18.40 19.20 18.40 0 310800.00 310800.00
05/05/2004 18.60 18.00 19.00 18.40 0 155000.00 155000.00
06/05/2004 18.20 17.60 18.20 18.00 0 158000.00 158000.00
07/05/2004 17.60 17.20 17.80 17.20 0 235400.00 235400.00
10/05/2004 17.00 15.00 17.00 15.00 0 440100.00 440100.00
11/05/2004 15.40 15.20 16.40 16.40 0 282800.00 282800.00
12/05/2004 16.60 15.60 16.80 16.00 0 329500.00 329500.00
13/05/2004 16.00 15.80 16.80 16.20 0 266000.00 266000.00
14/05/2004 16.60 16.60 17.60 17.40 0 222300.00 222300.00
17/05/2004 16.80 16.60 17.20 17.20 0 190900.00 190900.00
18/05/2004 17.40 17.00 17.60 17.40 0 158200.00 158200.00
19/05/2004 17.60 17.20 18.00 17.20 0 229200.00 229200.00
20/05/2004 17.00 16.40 17.20 16.40 0 246800.00 246800.00
21/05/2004 16.40 16.00 16.80 16.60 0 230000.00 230000.00
24/05/2004 17.00 16.20 17.00 16.80 0 207000.00 207000.00
25/05/2004 17.00 16.40 17.00 16.60 0 106800.00 106800.00
26/05/2004 16.80 16.20 17.00 16.60 0 225800.00 225800.00
27/05/2004 16.60 16.40 17.00 17.00 0 433200.00 433200.00
28/05/2004 17.00 16.80 17.20 16.80 0 239600.00 239600.00
31/05/2004 16.80 16.60 17.00 16.80 0 92900.00 92900.00
01/06/2004 16.60 16.40 17.00 16.80 0 262000.00 262000.00
02/06/2004 17.00 16.80 17.40 17.40 0 298400.00 298400.00
03/06/2004 17.20 16.60 17.20 16.80 0 169300.00 169300.00
04/06/2004 17.00 17.00 17.60 17.60 0 260800.00 260800.00
07/06/2004 17.80 17.80 18.40 18.00 0 269600.00 269600.00
08/06/2004 18.00 17.20 18.00 17.20 0 387700.00 387700.00
09/06/2004 17.20 16.40 17.20 16.80 0 527700.00 527700.00
10/06/2004 16.80 16.80 16.80 16.80 0 0.00 0.00
11/06/2004 16.80 16.40 16.80 16.40 0 193900.00 193900.00
14/06/2004 16.40 16.00 16.40 16.20 0 303300.00 303300.00
15/06/2004 16.40 16.20 16.60 16.20 0 444300.00 444300.00
16/06/2004 16.40 16.00 16.80 16.60 0 640700.00 640700.00
17/06/2004 16.60 16.00 16.80 16.00 0 641700.00 641700.00
18/06/2004 15.80 15.60 16.00 16.00 0 543100.00 543100.00
21/06/2004 16.00 15.60 16.20 15.60 0 228100.00 228100.00
22/06/2004 15.60 15.20 15.80 15.40 0 475800.00 475800.00
23/06/2004 15.40 15.40 16.00 15.80 0 493900.00 493900.00
24/06/2004 16.20 15.80 16.40 15.80 0 343300.00 343300.00
25/06/2004 15.80 15.80 16.20 15.80 0 183900.00 183900.00
28/06/2004 16.00 15.60 16.00 15.60 0 250400.00 250400.00
29/06/2004 15.60 15.60 16.00 15.80 0 128300.00 128300.00
30/06/2004 16.00 16.00 16.80 16.60 0 592200.00 592200.00
01/07/2004 17.00 16.60 17.40 17.20 0 752300.00 752300.00
02/07/2004 17.20 17.20 18.00 17.60 0 590100.00 590100.00
05/07/2004 17.80 17.40 17.80 17.60 0 220200.00 220200.00
06/07/2004 17.60 16.80 17.60 16.80 0 309000.00 309000.00
07/07/2004 17.00 16.60 17.60 17.40 0 410600.00 410600.00
08/07/2004 17.40 16.80 17.40 16.80 0 124500.00 124500.00
09/07/2004 16.80 16.80 16.80 16.80 0 0.00 0.00
12/07/2004 17.00 17.00 18.00 17.80 0 434200.00 434200.00
13/07/2004 17.80 17.80 18.20 18.00 0 269600.00 269600.00
14/07/2004 17.80 17.80 18.80 18.40 0 352600.00 352600.00
15/07/2004 18.60 18.40 19.00 19.00 0 381200.00 381200.00
16/07/2004 19.20 18.60 19.60 18.80 0 679200.00 679200.00
19/07/2004 19.00 18.00 19.00 18.20 0 373300.00 373300.00
20/07/2004 18.40 17.80 18.80 18.60 0 450900.00 450900.00
21/07/2004 18.60 18.00 18.80 18.20 0 372200.00 372200.00
22/07/2004 18.40 17.80 18.40 18.40 0 410900.00 410900.00
23/07/2004 18.20 18.20 18.80 18.20 0 263100.00 263100.00
26/07/2004 18.60 18.00 18.80 18.00 0 263500.00 263500.00
27/07/2004 18.20 18.00 18.60 18.60 0 395300.00 395300.00
28/07/2004 18.60 18.60 19.40 19.20 0 277900.00 277900.00
29/07/2004 19.20 19.00 19.40 19.20 0 227800.00 227800.00
30/07/2004 19.20 19.00 19.40 19.00 0 283100.00 283100.00
02/08/2004 18.80 18.60 19.60 19.60 0 424400.00 424400.00
03/08/2004 19.60 18.80 19.60 19.00 0 534800.00 534800.00
04/08/2004 19.00 18.80 19.40 19.00 0 373700.00 373700.00
05/08/2004 19.00 17.40 19.00 17.80 0 613500.00 613500.00
06/08/2004 18.20 17.80 18.60 18.00 0 435100.00 435100.00
09/08/2004 18.20 17.40 18.40 17.40 0 677800.00 677800.00
10/08/2004 17.60 17.60 18.20 18.20 0 326300.00 326300.00
11/08/2004 17.80 17.60 18.20 17.80 0 356800.00 356800.00
12/08/2004 17.80 17.60 18.20 17.80 0 285400.00 285400.00
13/08/2004 17.80 17.20 18.00 17.40 0 292400.00 292400.00
16/08/2004 17.40 17.20 17.80 17.60 0 582300.00 582300.00
17/08/2004 17.80 17.80 18.20 18.00 0 335900.00 335900.00
18/08/2004 18.00 17.80 18.60 18.40 0 816200.00 816200.00
19/08/2004 18.60 18.20 19.00 18.20 0 606700.00 606700.00
20/08/2004 18.20 18.20 18.60 18.60 0 594300.00 594300.00
23/08/2004 18.60 18.40 18.80 18.40 0 699300.00 699300.00
24/08/2004 18.60 18.60 19.20 19.00 0 429900.00 429900.00
25/08/2004 19.00 19.00 19.60 19.40 0 537600.00 537600.00
26/08/2004 19.20 19.00 19.40 19.20 0 269300.00 269300.00
27/08/2004 19.20 19.20 20.00 19.40 0 734400.00 734400.00
30/08/2004 19.40 19.20 20.20 20.20 0 421600.00 421600.00
31/08/2004 20.60 20.00 21.00 20.00 0 674800.00 674800.00
01/09/2004 20.20 19.20 20.40 19.80 0 697100.00 697100.00
02/09/2004 19.60 19.40 20.20 20.20 0 407800.00 407800.00
03/09/2004 20.20 19.80 20.40 19.80 0 734300.00 734300.00
06/09/2004 19.80 19.60 20.20 19.60 0 147400.00 147400.00
07/09/2004 19.60 19.60 19.60 19.60 0 0.00 0.00
08/09/2004 19.80 19.60 20.60 20.00 0 608400.00 608400.00
09/09/2004 19.80 19.40 20.00 20.00 0 570300.00 570300.00
10/09/2004 19.80 19.40 20.00 19.60 0 375300.00 375300.00
13/09/2004 19.60 19.20 19.80 19.60 0 208600.00 208600.00
14/09/2004 19.40 19.40 20.00 19.80 0 339500.00 339500.00
15/09/2004 19.80 19.60 20.20 19.80 0 286000.00 286000.00
16/09/2004 20.00 20.00 20.80 20.60 0 432200.00 432200.00
17/09/2004 20.60 20.60 21.00 20.60 0 325600.00 325600.00
20/09/2004 21.00 20.80 21.40 21.00 0 349800.00 349800.00
21/09/2004 21.00 20.60 21.20 20.80 0 188500.00 188500.00
22/09/2004 20.40 20.40 21.20 20.40 0 344200.00 344200.00
23/09/2004 20.60 20.60 21.40 21.20 0 416700.00 416700.00
24/09/2004 21.20 20.80 21.20 20.80 0 470100.00 470100.00
27/09/2004 20.80 20.60 21.80 21.60 0 412700.00 412700.00
28/09/2004 21.60 21.20 21.80 21.60 0 400300.00 400300.00
29/09/2004 21.60 21.00 21.80 21.20 0 496500.00 496500.00
30/09/2004 21.40 20.80 21.40 21.00 0 316400.00 316400.00
01/10/2004 21.00 20.80 21.20 21.00 0 335700.00 335700.00
04/10/2004 21.20 20.80 21.40 21.00 0 317700.00 317700.00
05/10/2004 20.80 20.60 21.40 21.00 0 419500.00 419500.00
06/10/2004 21.00 20.40 21.00 20.60 0 550100.00 550100.00
07/10/2004 20.40 20.20 20.80 20.60 0 187600.00 187600.00
08/10/2004 20.80 20.20 21.00 20.20 0 243400.00 243400.00
11/10/2004 20.20 20.20 20.60 20.20 0 109900.00 109900.00
12/10/2004 20.20 20.20 20.20 20.20 0 0.00 0.00
13/10/2004 20.20 19.40 20.40 19.80 0 663900.00 663900.00
14/10/2004 19.80 19.40 20.00 19.60 0 526300.00 526300.00
15/10/2004 19.80 19.60 20.00 19.80 0 210800.00 210800.00
18/10/2004 19.80 19.20 20.00 19.20 0 473100.00 473100.00
19/10/2004 19.40 19.40 19.80 19.60 0 460800.00 460800.00
20/10/2004 19.60 19.60 20.20 20.00 0 350200.00 350200.00
21/10/2004 19.80 19.80 20.40 19.80 0 688100.00 688100.00
22/10/2004 19.80 19.60 20.20 19.60 0 515500.00 515500.00
25/10/2004 19.40 19.00 19.60 19.00 0 512100.00 512100.00
26/10/2004 19.20 19.20 19.60 19.40 0 239400.00 239400.00
27/10/2004 19.60 19.40 19.80 19.60 0 204800.00 204800.00
28/10/2004 19.40 19.20 19.60 19.40 0 183400.00 183400.00
29/10/2004 19.60 19.40 19.80 19.80 0 122600.00 122600.00
01/11/2004 19.60 19.60 20.40 20.40 0 133700.00 133700.00
02/11/2004 20.40 20.40 20.40 20.40 0 0.00 0.00
03/11/2004 20.60 20.40 20.80 20.60 0 308100.00 308100.00
04/11/2004 20.80 20.40 20.80 20.60 0 167500.00 167500.00
05/11/2004 20.20 20.20 20.80 20.20 0 222400.00 222400.00
08/11/2004 20.20 19.80 20.20 20.00 0 151300.00 151300.00
09/11/2004 20.00 19.80 20.20 19.80 0 104500.00 104500.00
10/11/2004 20.00 19.80 20.20 19.80 0 288400.00 288400.00
11/11/2004 19.80 19.60 20.40 20.40 0 160200.00 160200.00
12/11/2004 20.60 20.40 21.00 20.80 0 366800.00 366800.00
15/11/2004 20.80 20.80 20.80 20.80 0 0.00 0.00
16/11/2004 20.80 20.40 20.80 20.60 0 174300.00 174300.00
17/11/2004 20.60 20.40 20.80 20.40 0 289100.00 289100.00
18/11/2004 20.40 20.20 20.80 20.60 0 465800.00 465800.00
19/11/2004 20.60 20.60 20.80 20.60 0 355500.00 355500.00
22/11/2004 20.60 20.40 20.80 20.60 0 155900.00 155900.00
23/11/2004 20.60 20.60 20.80 20.60 0 135200.00 135200.00
24/11/2004 20.80 20.40 21.00 20.60 0 373900.00 373900.00
25/11/2004 20.80 20.60 21.00 21.00 0 173900.00 173900.00
26/11/2004 21.00 20.60 21.00 21.00 0 87800.00 87800.00
29/11/2004 21.00 20.80 21.20 21.00 0 199500.00 199500.00
30/11/2004 21.00 20.80 21.40 21.20 0 177400.00 177400.00
01/12/2004 21.20 21.20 21.80 21.60 0 324200.00 324200.00
02/12/2004 21.60 21.60 22.00 21.80 0 290000.00 290000.00
03/12/2004 22.00 21.80 22.60 22.20 0 439400.00 439400.00
06/12/2004 22.40 22.20 22.80 22.80 0 269900.00 269900.00
07/12/2004 22.60 21.80 22.80 22.00 0 285000.00 285000.00
08/12/2004 22.00 20.60 22.00 21.60 0 533800.00 533800.00
09/12/2004 21.60 21.20 21.80 21.20 0 309000.00 309000.00
10/12/2004 21.40 21.20 21.80 21.80 0 218900.00 218900.00
13/12/2004 21.80 21.20 21.80 21.40 0 184900.00 184900.00
14/12/2004 21.60 21.40 21.60 21.40 0 213700.00 213700.00
15/12/2004 21.60 20.80 21.80 21.20 0 840800.00 840800.00
16/12/2004 21.80 21.40 22.20 22.00 0 741800.00 741800.00
17/12/2004 22.00 22.00 22.40 22.20 0 345500.00 345500.00
20/12/2004 22.40 22.20 22.80 22.60 0 320900.00 320900.00
21/12/2004 22.60 22.20 22.60 22.20 0 224100.00 224100.00
22/12/2004 22.40 21.60 22.60 21.80 0 440300.00 440300.00
23/12/2004 21.80 21.60 22.00 21.80 0 119000.00 119000.00
24/12/2004 21.80 21.80 21.80 21.80 0 0.00 0.00
27/12/2004 21.80 21.80 22.20 22.20 0 125200.00 125200.00
28/12/2004 22.20 22.00 22.60 22.40 0 222400.00 222400.00
29/12/2004 22.40 22.40 22.80 22.60 0 98500.00 98500.00
30/12/2004 22.80 22.60 22.80 22.60 0 142800.00 142800.00
31/12/2004 22.60 22.60 22.60 22.60 0 0.00 0.00
03/01/2005 21.20 21.20 22.20 21.60 0 293800.00 293800.00
04/01/2005 20.60 20.40 22.00 20.60 0 500800.00 500800.00
05/01/2005 20.80 20.40 20.80 20.40 0 377700.00 377700.00
06/01/2005 20.60 19.60 20.60 20.00 0 633200.00 633200.00
07/01/2005 20.20 20.00 20.60 20.20 0 212500.00 212500.00
10/01/2005 20.40 19.40 20.40 19.60 0 475600.00 475600.00
11/01/2005 19.80 19.20 19.80 19.40 0 214800.00 214800.00
12/01/2005 19.60 19.20 19.80 19.60 0 194400.00 194400.00
13/01/2005 19.80 19.20 19.80 19.40 0 320700.00 320700.00
14/01/2005 19.00 19.00 19.40 19.00 0 198700.00 198700.00
17/01/2005 19.00 18.60 19.20 18.80 0 309200.00 309200.00
18/01/2005 18.60 18.20 18.60 18.20 0 309900.00 309900.00
19/01/2005 18.60 18.20 18.60 18.20 0 161300.00 161300.00
20/01/2005 18.20 18.00 18.40 18.00 0 294500.00 294500.00
21/01/2005 18.20 18.00 18.40 18.20 0 184000.00 184000.00
24/01/2005 18.20 18.00 18.60 18.40 0 106600.00 106600.00
25/01/2005 18.40 18.40 18.40 18.40 0 0.00 0.00
26/01/2005 18.60 18.60 19.20 18.80 0 240400.00 240400.00
27/01/2005 18.60 18.00 18.80 18.40 0 319900.00 319900.00
28/01/2005 18.40 17.80 18.40 18.20 0 358300.00 358300.00
31/01/2005 18.40 18.00 18.80 18.20 0 205300.00 205300.00
01/02/2005 18.20 17.80 18.40 18.40 0 426300.00 426300.00
02/02/2005 18.40 18.00 19.00 18.80 0 421600.00 421600.00
03/02/2005 18.80 18.60 19.20 19.20 0 125200.00 125200.00
04/02/2005 19.20 19.20 20.00 19.80 0 295000.00 295000.00
07/02/2005 19.80 19.80 19.80 19.80 0 0.00 0.00
08/02/2005 19.80 19.80 19.80 19.80 0 0.00 0.00
09/02/2005 19.80 19.60 20.40 20.40 0 231900.00 231900.00
10/02/2005 20.00 19.80 20.20 20.00 0 179900.00 179900.00
11/02/2005 20.00 19.80 20.20 19.80 0 320400.00 320400.00
14/02/2005 19.80 19.40 20.00 19.60 0 313300.00 313300.00
15/02/2005 19.60 19.20 19.60 19.20 0 242000.00 242000.00
16/02/2005 19.40 19.00 19.80 19.00 0 700100.00 700100.00
17/02/2005 19.40 19.40 20.00 19.60 0 274200.00 274200.00
18/02/2005 19.80 19.40 20.00 19.80 0 209000.00 209000.00
21/02/2005 19.80 19.60 20.20 19.80 0 270600.00 270600.00
22/02/2005 19.60 19.20 20.00 19.20 0 438700.00 438700.00
23/02/2005 19.60 19.20 19.80 19.60 0 293700.00 293700.00
24/02/2005 20.00 19.80 20.20 20.00 0 490200.00 490200.00
25/02/2005 19.80 19.60 20.20 19.60 0 329200.00 329200.00
28/02/2005 19.80 19.60 20.00 19.80 0 150300.00 150300.00
01/03/2005 19.60 19.60 20.00 19.60 0 329300.00 329300.00
02/03/2005 19.40 19.40 19.80 19.40 0 262700.00 262700.00
03/03/2005 19.80 19.20 19.80 19.40 0 451100.00 451100.00
04/03/2005 19.60 19.60 20.00 20.00 0 328600.00 328600.00
07/03/2005 20.00 19.80 20.20 19.80 0 225800.00 225800.00
08/03/2005 19.80 19.40 19.80 19.40 0 564400.00 564400.00
09/03/2005 19.20 19.20 19.60 19.20 0 296200.00 296200.00
10/03/2005 19.20 19.00 19.60 19.20 0 335800.00 335800.00
11/03/2005 19.40 19.00 19.80 19.20 0 403800.00 403800.00
14/03/2005 19.20 19.00 19.60 19.60 0 127800.00 127800.00
15/03/2005 19.40 18.60 19.60 18.80 0 440200.00 440200.00
16/03/2005 18.80 18.40 19.00 18.80 0 454800.00 454800.00
17/03/2005 18.60 18.40 19.00 18.80 0 530300.00 530300.00
18/03/2005 18.80 18.00 18.80 18.20 0 476900.00 476900.00
21/03/2005 18.00 18.00 18.60 18.20 0 183300.00 183300.00
22/03/2005 18.60 17.60 18.60 17.60 0 371700.00 371700.00
23/03/2005 17.80 17.60 18.00 17.80 0 313700.00 313700.00
24/03/2005 18.20 17.60 18.20 17.60 0 259200.00 259200.00
25/03/2005 17.60 17.60 17.60 17.60 0 0.00 0.00
28/03/2005 17.80 17.40 17.80 17.40 0 172100.00 172100.00
29/03/2005 17.60 17.40 18.40 17.60 0 451300.00 451300.00
30/03/2005 18.00 17.80 18.40 17.80 0 484100.00 484100.00
31/03/2005 18.60 17.80 18.80 18.00 0 579800.00 579800.00
01/04/2005 18.40 18.00 18.40 18.00 0 192600.00 192600.00
04/04/2005 18.00 17.60 18.20 17.60 0 237500.00 237500.00
05/04/2005 18.00 17.60 18.20 17.60 0 366100.00 366100.00
06/04/2005 17.80 17.40 18.00 17.60 0 361900.00 361900.00
07/04/2005 17.80 17.60 18.20 18.20 0 258300.00 258300.00
08/04/2005 18.00 17.40 18.40 17.60 0 386700.00 386700.00
11/04/2005 17.60 17.20 17.80 17.40 0 204300.00 204300.00
12/04/2005 17.40 17.20 18.40 18.20 0 502900.00 502900.00
13/04/2005 18.20 18.20 18.80 18.20 0 959600.00 959600.00
14/04/2005 18.40 17.40 18.60 17.40 0 1135200.00 1135200.00
15/04/2005 17.60 17.20 17.80 17.20 0 261600.00 261600.00
18/04/2005 17.40 17.20 17.40 17.20 0 116600.00 116600.00
19/04/2005 17.40 17.40 18.00 17.60 0 402000.00 402000.00
20/04/2005 17.80 17.40 18.00 17.80 0 254400.00 254400.00
21/04/2005 17.80 17.80 17.80 17.80 0 0.00 0.00
22/04/2005 18.00 17.80 18.20 17.80 0 163200.00 163200.00
25/04/2005 18.00 18.00 18.80 18.80 0 572300.00 572300.00
26/04/2005 18.60 18.40 19.00 18.40 0 409700.00 409700.00
27/04/2005 18.60 18.00 18.60 18.40 0 301300.00 301300.00
28/04/2005 18.20 18.20 18.60 18.20 0 373800.00 373800.00
29/04/2005 17.80 17.80 18.40 17.80 0 301700.00 301700.00
02/05/2005 17.80 17.80 18.20 18.20 0 229500.00 229500.00
03/05/2005 18.00 18.00 18.40 18.20 0 106600.00 106600.00
04/05/2005 18.40 18.40 19.00 18.80 0 398200.00 398200.00
05/05/2005 18.80 18.20 19.00 18.80 0 338600.00 338600.00
06/05/2005 18.80 18.80 19.40 19.00 0 307700.00 307700.00
09/05/2005 19.20 19.00 19.40 19.20 0 173200.00 173200.00
10/05/2005 19.00 18.20 19.20 18.60 0 425400.00 425400.00
11/05/2005 18.60 18.20 18.80 18.60 0 274500.00 274500.00
12/05/2005 18.60 18.00 18.60 18.00 0 337400.00 337400.00
13/05/2005 18.00 17.40 18.40 17.40 0 496700.00 496700.00
16/05/2005 17.60 17.60 18.20 18.20 0 259500.00 259500.00
17/05/2005 18.00 17.80 18.80 18.60 0 402300.00 402300.00
18/05/2005 18.80 18.60 19.40 19.00 0 479100.00 479100.00
19/05/2005 18.80 18.80 19.40 19.20 0 355700.00 355700.00
20/05/2005 19.20 19.00 19.60 19.00 0 286300.00 286300.00
23/05/2005 19.00 18.40 19.20 18.40 0 125500.00 125500.00
24/05/2005 18.60 18.20 18.60 18.40 0 519700.00 519700.00
25/05/2005 18.40 17.80 18.40 17.80 0 1002400.00 1002400.00
26/05/2005 17.80 17.80 17.80 17.80 0 0.00 0.00
27/05/2005 18.00 17.60 18.40 18.20 0 715500.00 715500.00
30/05/2005 18.20 17.80 18.40 18.00 0 466900.00 466900.00
31/05/2005 18.00 17.40 18.20 17.40 0 1053300.00 1053300.00
01/06/2005 17.60 17.60 18.20 18.20 0 457200.00 457200.00
02/06/2005 18.20 18.20 19.00 19.00 0 675800.00 675800.00
03/06/2005 18.80 18.40 19.00 18.60 0 311600.00 311600.00
06/06/2005 18.40 17.60 18.40 17.60 0 481600.00 481600.00
07/06/2005 17.80 17.40 17.80 17.40 0 407700.00 407700.00
08/06/2005 17.80 17.20 18.00 17.20 0 465400.00 465400.00
09/06/2005 17.20 17.00 18.00 17.80 0 544900.00 544900.00
10/06/2005 17.80 17.80 18.60 18.60 0 652000.00 652000.00
13/06/2005 18.60 18.40 18.80 18.40 0 318700.00 318700.00
14/06/2005 18.40 17.60 18.80 18.80 0 516100.00 516100.00
15/06/2005 18.60 17.80 18.60 18.00 0 534800.00 534800.00
16/06/2005 18.40 18.00 18.80 18.60 0 485500.00 485500.00
17/06/2005 18.60 18.60 19.00 18.80 0 408800.00 408800.00
20/06/2005 18.60 18.60 19.40 19.00 0 478300.00 478300.00
21/06/2005 19.00 19.00 19.80 19.40 0 427000.00 427000.00
22/06/2005 19.40 19.00 19.80 19.40 0 383100.00 383100.00
23/06/2005 19.40 18.00 19.40 18.20 0 571600.00 571600.00
24/06/2005 18.40 18.20 18.80 18.40 0 400100.00 400100.00
27/06/2005 18.40 18.00 19.00 18.80 0 304500.00 304500.00
28/06/2005 18.80 18.00 18.80 18.20 0 373000.00 373000.00
29/06/2005 18.40 18.00 18.60 18.00 0 143200.00 143200.00
30/06/2005 18.20 18.00 18.40 18.20 0 241600.00 241600.00
01/07/2005 18.40 18.00 18.60 18.20 0 95200.00 95200.00
04/07/2005 18.20 18.00 18.20 18.00 0 100900.00 100900.00
05/07/2005 18.00 17.80 18.00 17.80 0 276800.00 276800.00
06/07/2005 17.80 17.40 17.80 17.40 0 506500.00 506500.00
07/07/2005 17.20 17.20 17.60 17.40 0 350500.00 350500.00
08/07/2005 17.60 17.00 17.80 17.00 0 455100.00 455100.00
11/07/2005 17.20 17.20 17.60 17.40 0 351600.00 351600.00
12/07/2005 17.60 17.60 18.20 17.80 0 446900.00 446900.00
13/07/2005 18.00 18.00 18.40 18.00 0 319300.00 319300.00
14/07/2005 18.40 18.00 18.40 18.40 0 385400.00 385400.00
15/07/2005 18.00 17.60 18.00 17.80 0 586900.00 586900.00
18/07/2005 17.80 17.60 17.80 17.80 0 163300.00 163300.00
19/07/2005 17.60 17.20 17.60 17.40 0 477900.00 477900.00
20/07/2005 17.40 17.20 18.20 18.20 0 655900.00 655900.00
21/07/2005 18.00 17.60 18.00 17.60 0 510600.00 510600.00
22/07/2005 17.80 17.40 17.80 17.40 0 466300.00 466300.00
25/07/2005 17.40 16.60 17.40 16.60 0 857300.00 857300.00
26/07/2005 16.60 16.60 17.60 17.40 0 456100.00 456100.00
27/07/2005 17.60 17.00 18.40 18.20 0 740900.00 740900.00
28/07/2005 18.20 18.00 20.80 20.80 0 1812600.00 1812600.00
29/07/2005 21.60 21.00 22.00 21.60 0 1372500.00 1372500.00
01/08/2005 21.60 20.80 21.80 21.40 0 545800.00 545800.00
02/08/2005 21.40 21.20 21.80 21.60 0 481900.00 481900.00
03/08/2005 21.60 20.80 21.80 21.00 0 350400.00 350400.00
04/08/2005 20.80 20.60 21.40 21.00 0 558500.00 558500.00
05/08/2005 21.00 21.00 21.40 21.20 0 255700.00 255700.00
08/08/2005 21.40 21.40 21.80 21.60 0 196900.00 196900.00
09/08/2005 21.60 21.60 22.00 22.00 0 274600.00 274600.00
10/08/2005 22.20 21.40 22.60 21.60 0 678300.00 678300.00
11/08/2005 21.20 20.60 21.40 21.20 0 718300.00 718300.00
12/08/2005 20.60 20.20 21.20 21.20 0 899000.00 899000.00
15/08/2005 21.40 21.40 22.40 22.40 0 636800.00 636800.00
16/08/2005 22.20 22.00 23.00 22.60 0 510600.00 510600.00
17/08/2005 23.00 22.60 23.60 23.60 0 912800.00 912800.00
18/08/2005 23.40 22.60 23.60 22.60 0 406500.00 406500.00
19/08/2005 22.60 21.40 23.00 22.60 0 829000.00 829000.00
22/08/2005 23.20 22.60 23.20 23.20 0 344400.00 344400.00
23/08/2005 23.00 22.80 23.20 23.20 0 138400.00 138400.00
24/08/2005 23.00 22.40 23.20 22.60 0 195300.00 195300.00
25/08/2005 22.60 22.60 23.60 23.60 0 277700.00 277700.00
26/08/2005 23.40 22.60 23.60 23.00 0 311400.00 311400.00
29/08/2005 23.20 22.80 23.40 23.40 0 176200.00 176200.00
30/08/2005 23.40 22.80 23.60 23.00 0 260600.00 260600.00
31/08/2005 23.20 23.00 23.60 23.60 0 778000.00 778000.00
01/09/2005 23.40 23.20 23.60 23.60 0 548300.00 548300.00
02/09/2005 23.80 23.60 24.60 24.60 0 438100.00 438100.00
05/09/2005 24.60 24.60 25.80 25.60 0 456300.00 456300.00
06/09/2005 25.60 25.40 26.00 26.00 0 374100.00 374100.00
07/09/2005 26.00 26.00 26.00 26.00 0 0.00 0.00
08/09/2005 26.00 25.40 26.00 25.60 0 333000.00 333000.00
09/09/2005 25.60 25.60 26.00 25.60 0 230900.00 230900.00
12/09/2005 25.40 25.40 25.80 25.60 0 180700.00 180700.00
13/09/2005 25.80 25.40 26.00 25.80 0 168700.00 168700.00
14/09/2005 25.80 25.60 26.20 26.00 0 429500.00 429500.00
15/09/2005 26.00 26.00 27.60 27.60 0 774100.00 774100.00
16/09/2005 27.60 27.60 28.80 28.80 0 631100.00 631100.00
19/09/2005 28.20 28.20 29.60 29.20 0 551300.00 551300.00
20/09/2005 29.60 29.00 30.20 29.80 0 861100.00 861100.00
21/09/2005 29.60 28.80 29.80 29.00 0 359700.00 359700.00
22/09/2005 29.00 28.00 29.20 28.20 0 237200.00 237200.00
23/09/2005 28.20 27.20 28.60 27.60 0 254400.00 254400.00
26/09/2005 27.80 27.20 27.80 27.80 0 398800.00 398800.00
27/09/2005 28.00 26.80 28.00 27.00 0 348500.00 348500.00
28/09/2005 27.60 27.20 28.00 28.00 0 125100.00 125100.00
29/09/2005 28.00 27.40 28.80 28.80 0 150500.00 150500.00
30/09/2005 29.00 28.20 29.60 29.00 0 241800.00 241800.00
03/10/2005 29.40 28.80 30.40 30.40 0 752500.00 752500.00
04/10/2005 30.60 29.80 31.80 30.20 0 705700.00 705700.00
05/10/2005 29.80 28.80 30.40 29.40 0 354300.00 354300.00
06/10/2005 29.20 27.80 30.00 28.60 0 240400.00 240400.00
07/10/2005 28.60 28.40 29.60 29.00 0 132300.00 132300.00
10/10/2005 29.20 29.20 30.00 30.00 0 139400.00 139400.00
11/10/2005 29.80 28.60 30.40 30.00 0 221200.00 221200.00
12/10/2005 30.00 30.00 30.00 30.00 0 0.00 0.00
13/10/2005 28.80 28.40 29.60 29.60 0 255400.00 255400.00
14/10/2005 29.80 28.60 30.20 30.20 0 108500.00 108500.00
17/10/2005 30.20 29.40 30.40 29.80 0 142300.00 142300.00
18/10/2005 29.80 28.00 30.20 28.00 0 392300.00 392300.00
19/10/2005 27.60 27.00 27.80 27.60 0 653600.00 653600.00
20/10/2005 28.00 26.20 28.60 26.60 0 379400.00 379400.00
21/10/2005 27.00 26.60 27.60 27.60 0 151900.00 151900.00
24/10/2005 27.60 27.60 29.00 28.80 0 215900.00 215900.00
25/10/2005 29.00 28.80 29.60 29.60 0 250400.00 250400.00
26/10/2005 29.20 28.60 29.40 29.00 0 220900.00 220900.00
27/10/2005 29.00 27.20 29.00 27.40 0 171800.00 171800.00
28/10/2005 28.00 27.40 28.40 28.20 0 243000.00 243000.00
31/10/2005 28.40 28.00 29.00 29.00 0 349900.00 349900.00
01/11/2005 28.80 28.40 29.60 29.60 0 175800.00 175800.00
02/11/2005 29.60 29.60 29.60 29.60 0 0.00 0.00
03/11/2005 29.20 29.20 29.80 29.60 0 110900.00 110900.00
04/11/2005 29.20 29.00 29.60 29.00 0 124700.00 124700.00
07/11/2005 30.00 29.40 31.00 30.60 0 358600.00 358600.00
08/11/2005 30.20 29.40 30.60 30.40 0 105200.00 105200.00
09/11/2005 30.60 29.20 31.00 30.00 0 167900.00 167900.00
10/11/2005 30.20 29.60 30.80 30.00 0 362600.00 362600.00
11/11/2005 30.00 29.20 30.60 29.40 0 239700.00 239700.00
14/11/2005 29.20 28.40 29.20 28.80 0 91300.00 91300.00
15/11/2005 28.80 28.80 28.80 28.80 0 0.00 0.00
16/11/2005 29.20 28.80 29.40 29.40 0 136200.00 136200.00
17/11/2005 29.60 29.20 29.60 29.40 0 141300.00 141300.00
18/11/2005 29.40 28.80 30.00 29.60 0 215100.00 215100.00
21/11/2005 30.00 28.80 30.00 29.00 0 164600.00 164600.00
22/11/2005 29.00 28.20 29.00 28.60 0 330200.00 330200.00
23/11/2005 28.60 28.40 28.80 28.60 0 178700.00 178700.00
24/11/2005 28.60 28.20 28.60 28.40 0 122400.00 122400.00
25/11/2005 28.80 27.60 28.80 28.20 0 163500.00 163500.00
28/11/2005 28.20 27.40 28.60 27.60 0 200200.00 200200.00
29/11/2005 27.80 27.60 28.00 27.80 0 177400.00 177400.00
30/11/2005 27.60 27.40 29.00 28.60 0 348000.00 348000.00
01/12/2005 28.80 28.80 29.80 29.40 0 347600.00 347600.00
02/12/2005 29.40 28.60 29.60 29.20 0 277300.00 277300.00
05/12/2005 28.20 27.80 29.40 28.20 0 270300.00 270300.00
06/12/2005 28.20 27.80 28.60 28.20 0 368900.00 368900.00
07/12/2005 27.80 27.60 28.20 27.80 0 162400.00 162400.00
08/12/2005 27.00 26.80 27.80 27.00 0 338700.00 338700.00
09/12/2005 28.00 27.00 28.20 28.00 0 253500.00 253500.00
12/12/2005 28.40 28.20 28.60 28.40 0 146900.00 146900.00
13/12/2005 29.40 28.40 29.40 29.40 0 258900.00 258900.00
14/12/2005 29.00 28.40 29.40 29.00 0 300100.00 300100.00
15/12/2005 27.80 27.60 29.20 27.80 0 332300.00 332300.00
16/12/2005 27.80 27.40 28.20 27.80 0 253900.00 253900.00
19/12/2005 27.60 27.40 28.20 27.60 0 186500.00 186500.00
20/12/2005 28.00 27.60 28.40 28.00 0 127300.00 127300.00
21/12/2005 29.20 28.00 29.40 29.20 0 308500.00 308500.00
22/12/2005 29.20 29.00 29.20 29.20 0 104700.00 104700.00
23/12/2005 29.00 28.20 29.00 29.00 0 225800.00 225800.00
26/12/2005 29.20 28.80 29.20 29.20 0 103500.00 103500.00
27/12/2005 28.60 28.40 29.20 28.60 0 112100.00 112100.00
28/12/2005 28.60 28.00 28.60 28.60 0 199200.00 199200.00
29/12/2005 29.20 28.60 29.20 29.20 0 176500.00 176500.00
30/12/2005 29.20 29.20 29.20 29.20 0 0.00 0.00
02/01/2006 28.80 27.40 28.80 28.80 0 238100.00 238100.00
03/01/2006 29.00 28.40 29.20 29.00 0 403500.00 403500.00
04/01/2006 29.20 28.80 29.40 29.20 0 359800.00 359800.00
05/01/2006 29.00 28.80 29.20 29.00 0 122400.00 122400.00
06/01/2006 28.80 28.60 29.20 28.80 0 258800.00 258800.00
09/01/2006 29.60 28.60 30.40 29.60 0 768100.00 768100.00
10/01/2006 29.00 28.80 29.80 29.00 0 229900.00 229900.00
11/01/2006 29.20 29.00 29.80 29.40 0 194100.00 194100.00
12/01/2006 29.40 28.80 29.80 29.40 0 173500.00 173500.00
13/01/2006 31.80 29.20 31.80 31.20 0 1356400.00 1356400.00
16/01/2006 31.60 31.40 32.20 31.80 0 268100.00 268100.00
17/01/2006 31.60 30.80 31.80 31.40 0 344100.00 344100.00
18/01/2006 30.80 30.60 31.80 31.40 0 154000.00 154000.00
19/01/2006 31.80 31.60 33.80 33.80 0 501400.00 501400.00
20/01/2006 33.80 33.00 34.80 33.20 0 369900.00 369900.00
23/01/2006 33.20 32.60 33.80 33.60 0 249800.00 249800.00
24/01/2006 34.00 34.00 35.20 35.20 0 161100.00 161100.00
25/01/2006 35.20 35.20 35.20 35.20 0 0.00 0.00
26/01/2006 35.40 34.60 35.40 34.80 0 201800.00 201800.00
27/01/2006 35.40 33.60 35.60 34.00 0 285400.00 285400.00
30/01/2006 34.00 33.20 34.20 33.80 0 339100.00 339100.00
31/01/2006 34.00 32.40 34.00 33.00 0 285500.00 285500.00
01/02/2006 33.00 32.40 33.40 32.80 0 309900.00 309900.00
02/02/2006 32.80 31.80 33.60 31.80 0 424700.00 424700.00
03/02/2006 32.40 31.60 32.80 32.80 0 228200.00 228200.00
06/02/2006 32.80 32.40 33.60 33.00 0 159200.00 159200.00
07/02/2006 33.00 31.80 33.00 32.00 0 161600.00 161600.00
08/02/2006 31.80 31.60 32.60 32.20 0 247800.00 247800.00
09/02/2006 32.80 31.60 32.80 31.80 0 566800.00 566800.00
10/02/2006 32.40 32.00 32.80 32.60 0 286500.00 286500.00
13/02/2006 32.60 32.60 33.60 33.20 0 360400.00 360400.00
14/02/2006 33.20 33.00 34.80 34.60 0 375800.00 375800.00
15/02/2006 34.80 33.80 35.00 35.00 0 279600.00 279600.00
16/02/2006 35.00 33.80 35.00 34.80 0 419700.00 419700.00
17/02/2006 35.40 34.80 35.60 35.20 0 145900.00 145900.00
20/02/2006 35.20 34.00 35.20 34.40 0 173500.00 173500.00
21/02/2006 34.60 33.60 35.20 33.80 0 281700.00 281700.00
22/02/2006 34.40 33.80 34.40 34.20 0 133300.00 133300.00
23/02/2006 33.80 33.60 34.20 33.60 0 90700.00 90700.00
24/02/2006 33.60 33.20 33.60 33.40 0 92200.00 92200.00
27/02/2006 33.40 33.40 33.40 33.40 0 0.00 0.00
28/02/2006 33.40 33.40 33.40 33.40 0 0.00 0.00
01/03/2006 33.60 33.40 34.00 34.00 0 179100.00 179100.00
02/03/2006 34.00 33.80 35.00 35.00 0 191400.00 191400.00
03/03/2006 34.80 34.40 37.00 37.00 0 470900.00 470900.00
06/03/2006 37.40 36.20 38.40 36.60 0 367000.00 367000.00
07/03/2006 36.00 35.00 36.80 35.40 0 326500.00 326500.00
08/03/2006 35.00 33.60 35.20 34.40 0 354900.00 354900.00
09/03/2006 35.00 32.60 35.80 33.80 0 472300.00 472300.00
10/03/2006 34.20 33.40 35.60 35.20 0 218500.00 218500.00
13/03/2006 35.20 33.60 35.60 34.00 0 137100.00 137100.00
14/03/2006 34.00 33.40 35.20 35.20 0 249000.00 249000.00
15/03/2006 35.20 34.60 37.20 37.20 0 486700.00 486700.00
16/03/2006 37.00 36.20 37.80 37.40 0 288000.00 288000.00
17/03/2006 37.60 36.40 37.80 36.60 0 128500.00 128500.00
20/03/2006 37.00 35.80 37.40 36.20 0 154600.00 154600.00
21/03/2006 36.00 35.20 36.40 35.20 0 245500.00 245500.00
22/03/2006 35.20 35.20 36.20 36.20 0 92700.00 92700.00
23/03/2006 36.20 34.40 36.60 35.40 0 243100.00 243100.00
24/03/2006 35.80 34.80 35.80 35.20 0 103600.00 103600.00
27/03/2006 34.80 33.60 35.40 35.40 0 669600.00 669600.00
28/03/2006 35.00 34.00 35.40 34.20 0 388300.00 388300.00
29/03/2006 34.40 33.00 35.40 35.20 0 627600.00 627600.00
30/03/2006 35.20 34.20 35.40 35.00 0 208500.00 208500.00
31/03/2006 34.80 34.20 35.20 34.60 0 86500.00 86500.00
03/04/2006 34.60 33.60 35.40 34.60 0 273900.00 273900.00
04/04/2006 34.80 34.40 35.00 34.80 0 195000.00 195000.00
05/04/2006 34.60 34.00 34.80 34.80 0 204600.00 204600.00
06/04/2006 34.80 34.00 34.80 34.40 0 159900.00 159900.00
07/04/2006 34.40 33.80 34.40 34.20 0 175400.00 175400.00
10/04/2006 34.00 33.20 34.00 33.40 0 238100.00 238100.00
11/04/2006 33.60 32.00 33.80 32.40 0 412200.00 412200.00
12/04/2006 32.40 32.40 34.00 33.60 0 685100.00 685100.00
13/04/2006 33.40 32.60 33.40 33.40 0 97600.00 97600.00
14/04/2006 33.40 33.40 33.40 33.40 0 0.00 0.00
17/04/2006 33.00 32.40 33.00 32.60 0 150100.00 150100.00
18/04/2006 32.60 32.60 33.60 33.40 0 168900.00 168900.00
19/04/2006 33.80 33.40 34.00 34.00 0 133700.00 133700.00
20/04/2006 33.80 33.20 34.00 33.60 0 207900.00 207900.00
21/04/2006 33.60 33.60 33.60 33.60 0 0.00 0.00
24/04/2006 33.80 33.00 34.00 34.00 0 63600.00 63600.00
25/04/2006 34.00 32.80 34.20 33.00 0 235800.00 235800.00
26/04/2006 33.20 32.80 33.80 33.00 0 356200.00 356200.00
27/04/2006 33.00 32.60 33.40 33.20 0 211100.00 211100.00
28/04/2006 33.00 32.80 33.40 33.40 0 117200.00 117200.00
01/05/2006 33.40 33.40 33.40 33.40 0 0.00 0.00
02/05/2006 33.00 33.00 34.40 34.20 0 234400.00 234400.00
03/05/2006 34.00 33.80 34.40 34.40 0 98000.00 98000.00
04/05/2006 34.20 33.60 34.40 33.80 0 171500.00 171500.00
05/05/2006 34.00 33.40 34.20 34.00 0 217200.00 217200.00
08/05/2006 33.80 32.80 34.20 33.00 0 215100.00 215100.00
09/05/2006 33.00 32.60 33.40 32.60 0 355900.00 355900.00
10/05/2006 32.80 32.60 33.20 32.80 0 129100.00 129100.00
11/05/2006 33.20 32.00 33.40 32.40 0 246500.00 246500.00
12/05/2006 32.60 31.40 32.60 31.60 0 391900.00 391900.00
15/05/2006 31.20 31.00 31.80 31.80 0 198400.00 198400.00
16/05/2006 32.00 31.20 32.40 31.40 0 395300.00 395300.00
17/05/2006 31.20 30.40 31.40 30.60 0 313200.00 313200.00
18/05/2006 31.00 30.80 32.60 32.00 0 295600.00 295600.00
19/05/2006 32.20 30.80 32.20 31.20 0 382900.00 382900.00
22/05/2006 31.00 29.60 31.00 30.60 0 323000.00 323000.00
23/05/2006 31.00 29.80 31.00 29.80 0 310500.00 310500.00
24/05/2006 30.40 27.60 30.40 28.20 0 485400.00 485400.00
25/05/2006 28.80 28.40 29.20 29.20 0 465400.00 465400.00
26/05/2006 29.80 29.40 30.40 30.40 0 348200.00 348200.00
29/05/2006 30.40 29.80 30.60 30.00 0 61300.00 61300.00
30/05/2006 29.60 28.80 29.80 28.80 0 268300.00 268300.00
31/05/2006 29.00 28.80 29.80 29.80 0 223300.00 223300.00
01/06/2006 29.80 29.60 31.20 31.00 0 303500.00 303500.00
02/06/2006 31.20 30.20 31.80 31.00 0 140800.00 140800.00
05/06/2006 30.60 29.60 30.80 29.80 0 106900.00 106900.00
06/06/2006 29.40 29.00 31.40 31.00 0 266100.00 266100.00
07/06/2006 30.40 29.80 30.60 29.80 0 173900.00 173900.00
08/06/2006 30.20 29.20 30.20 29.80 0 273000.00 273000.00
09/06/2006 30.20 29.20 30.20 29.60 0 85400.00 85400.00
12/06/2006 29.60 28.60 29.80 28.80 0 173300.00 173300.00
13/06/2006 28.40 28.00 30.00 29.40 0 178600.00 178600.00
14/06/2006 29.20 27.40 29.80 27.60 0 418100.00 418100.00
15/06/2006 27.60 27.60 27.60 27.60 0 0.00 0.00
16/06/2006 28.60 28.00 29.20 29.20 0 63800.00 63800.00
19/06/2006 29.20 27.80 29.20 28.00 0 128200.00 128200.00
20/06/2006 28.40 28.00 28.60 28.40 0 167100.00 167100.00
21/06/2006 28.20 27.60 28.40 28.40 0 179000.00 179000.00
22/06/2006 28.40 27.60 28.40 27.80 0 150000.00 150000.00
23/06/2006 27.80 27.20 28.00 28.00 0 105400.00 105400.00
26/06/2006 27.80 27.40 28.60 27.80 0 240400.00 240400.00
27/06/2006 27.60 27.60 28.20 28.00 0 125900.00 125900.00
28/06/2006 28.20 28.00 28.60 28.60 0 113200.00 113200.00
29/06/2006 28.60 28.60 30.80 30.80 0 239200.00 239200.00
30/06/2006 31.00 30.00 31.40 31.40 0 194200.00 194200.00
03/07/2006 31.00 31.00 33.00 33.00 0 268500.00 268500.00
04/07/2006 32.80 32.60 33.00 32.60 0 103200.00 103200.00
05/07/2006 31.80 31.40 32.20 31.60 0 135100.00 135100.00
06/07/2006 31.80 31.20 32.40 31.60 0 147200.00 147200.00
07/07/2006 31.80 30.00 31.80 30.40 0 217800.00 217800.00
10/07/2006 31.00 30.00 31.00 30.60 0 93900.00 93900.00
11/07/2006 30.20 30.00 31.20 31.20 0 190700.00 190700.00
12/07/2006 31.40 31.00 31.80 31.40 0 136600.00 136600.00
13/07/2006 31.20 30.40 31.20 30.40 0 94700.00 94700.00
14/07/2006 30.60 30.00 31.00 30.80 0 166500.00 166500.00
17/07/2006 30.20 30.00 30.60 30.60 0 143000.00 143000.00
18/07/2006 30.80 30.60 31.20 31.00 0 130800.00 130800.00
19/07/2006 31.00 30.80 32.80 32.80 0 226000.00 226000.00
20/07/2006 32.60 32.00 32.60 32.40 0 103100.00 103100.00
21/07/2006 32.40 32.00 32.80 32.40 0 105300.00 105300.00
24/07/2006 32.40 32.40 33.00 33.00 0 53100.00 53100.00
25/07/2006 33.00 32.40 33.00 33.00 0 96500.00 96500.00
26/07/2006 33.00 32.20 33.00 32.40 0 147100.00 147100.00
27/07/2006 32.40 32.00 32.80 32.60 0 107100.00 107100.00
28/07/2006 32.60 32.60 33.20 33.20 0 147700.00 147700.00
31/07/2006 32.60 32.60 33.00 32.80 0 58200.00 58200.00
01/08/2006 32.80 31.40 32.80 31.60 0 169900.00 169900.00
02/08/2006 32.00 32.00 32.80 32.60 0 265200.00 265200.00
03/08/2006 32.00 32.00 33.40 33.40 0 200200.00 200200.00
04/08/2006 33.40 33.40 34.40 34.00 0 413400.00 413400.00
07/08/2006 34.00 33.60 34.40 34.40 0 177200.00 177200.00
08/08/2006 34.20 33.80 34.60 34.00 0 334200.00 334200.00
09/08/2006 34.40 33.60 34.40 33.80 0 390600.00 390600.00
10/08/2006 33.60 33.40 34.00 33.80 0 127600.00 127600.00
11/08/2006 33.60 33.40 34.40 34.40 0 269000.00 269000.00
14/08/2006 34.20 33.80 34.80 34.00 0 328400.00 328400.00
15/08/2006 34.20 33.80 34.40 34.20 0 344300.00 344300.00
16/08/2006 34.40 33.20 34.40 34.20 0 1066300.00 1066300.00
17/08/2006 34.20 34.20 34.80 34.40 0 240900.00 240900.00
18/08/2006 34.20 33.40 34.40 33.60 0 278100.00 278100.00
21/08/2006 33.80 33.20 33.80 33.60 0 159400.00 159400.00
22/08/2006 33.40 32.60 33.40 33.00 0 206500.00 206500.00
23/08/2006 32.80 31.40 33.00 31.40 0 372300.00 372300.00
24/08/2006 31.80 31.20 32.20 32.20 0 155300.00 155300.00
25/08/2006 32.00 31.60 32.80 32.80 0 119300.00 119300.00
28/08/2006 32.80 32.20 33.20 33.20 0 159600.00 159600.00
29/08/2006 33.20 32.80 33.60 33.60 0 318800.00 318800.00
30/08/2006 33.60 32.60 34.00 32.60 0 117300.00 117300.00
31/08/2006 33.00 31.60 33.20 33.20 0 245900.00 245900.00
01/09/2006 32.20 32.00 33.00 33.00 0 231900.00 231900.00
04/09/2006 33.20 32.80 33.80 33.80 0 97400.00 97400.00
05/09/2006 33.60 33.00 33.60 33.40 0 68400.00 68400.00
06/09/2006 33.60 32.40 33.60 32.80 0 153900.00 153900.00
07/09/2006 32.80 32.80 32.80 32.80 0 0.00 0.00
08/09/2006 32.40 32.00 32.80 32.80 0 70300.00 70300.00
11/09/2006 32.40 31.60 32.60 32.00 0 73800.00 73800.00
12/09/2006 32.00 31.00 32.20 32.00 0 166900.00 166900.00
13/09/2006 32.00 31.20 32.00 31.20 0 136900.00 136900.00
14/09/2006 31.20 30.80 31.40 31.40 0 75400.00 75400.00
15/09/2006 31.60 30.60 31.60 30.80 0 115100.00 115100.00
18/09/2006 30.80 30.80 31.40 31.20 0 272200.00 272200.00
19/09/2006 31.20 30.40 31.40 30.80 0 74500.00 74500.00
20/09/2006 31.00 30.00 31.00 30.20 0 202100.00 202100.00
21/09/2006 30.00 28.80 30.00 29.20 0 249500.00 249500.00
22/09/2006 28.80 28.20 29.80 29.80 0 215500.00 215500.00
25/09/2006 30.00 29.20 30.60 30.60 0 251400.00 251400.00
26/09/2006 30.80 30.80 31.80 31.80 0 130500.00 130500.00
27/09/2006 31.20 31.00 31.80 31.80 0 161500.00 161500.00
28/09/2006 31.80 31.60 32.40 32.40 0 121300.00 121300.00
29/09/2006 32.60 32.20 33.40 32.80 0 186400.00 186400.00
02/10/2006 34.02 33.26 34.99 34.00 0 137400.00 137400.00
03/10/2006 33.89 33.23 34.30 33.84 0 98700.00 98700.00
04/10/2006 34.15 33.60 35.58 35.58 0 292800.00 292800.00
05/10/2006 35.55 35.20 36.75 36.25 0 263000.00 263000.00
06/10/2006 35.94 34.80 35.95 35.80 0 130800.00 130800.00
09/10/2006 35.50 34.60 35.80 35.50 0 100.00 100.00
10/10/2006 35.68 35.50 35.98 35.98 0 107100.00 107100.00
11/10/2006 35.00 35.00 36.00 35.80 0 102800.00 102800.00
12/10/2006 35.80 35.80 35.80 35.80 0 0.00 0.00
13/10/2006 35.86 35.11 36.29 35.70 0 42700.00 42700.00
16/10/2006 35.04 34.61 36.29 35.51 0 245200.00 245200.00
17/10/2006 35.03 35.03 36.20 35.90 0 109300.00 109300.00
18/10/2006 36.08 34.50 36.35 34.90 0 262500.00 262500.00
19/10/2006 35.75 34.80 35.75 34.91 0 108800.00 108800.00
20/10/2006 34.84 34.56 35.38 34.91 0 107100.00 107100.00
23/10/2006 34.55 34.35 36.00 36.00 0 104700.00 104700.00
24/10/2006 35.70 35.51 36.00 35.90 0 23000.00 23000.00
25/10/2006 35.61 35.30 36.19 36.18 0 59200.00 59200.00
26/10/2006 36.23 35.61 36.48 36.25 0 82300.00 82300.00
27/10/2006 35.71 35.30 36.00 35.50 0 106400.00 106400.00
30/10/2006 36.09 34.90 36.09 35.36 0 43300.00 43300.00
31/10/2006 35.70 35.37 36.14 36.14 0 77900.00 77900.00
01/11/2006 36.00 36.00 36.70 36.50 0 155300.00 155300.00
02/11/2006 36.50 36.50 36.50 36.50 0 0.00 0.00
03/11/2006 36.80 36.75 37.75 37.60 0 209100.00 209100.00
06/11/2006 37.50 37.20 38.00 37.20 0 170300.00 170300.00
07/11/2006 37.20 36.02 37.28 36.18 0 148900.00 148900.00
08/11/2006 36.20 34.95 36.22 35.00 0 184300.00 184300.00
09/11/2006 35.60 34.70 35.99 35.05 0 271000.00 271000.00
10/11/2006 35.30 34.00 35.39 34.48 0 189700.00 189700.00
13/11/2006 34.02 33.12 34.02 33.41 0 224300.00 224300.00
14/11/2006 34.00 33.17 34.00 33.40 0 304400.00 304400.00
15/11/2006 33.40 33.40 33.40 33.40 0 0.00 0.00
16/11/2006 33.55 33.10 34.00 33.35 0 204800.00 204800.00
17/11/2006 33.06 33.00 33.58 33.11 0 95000.00 95000.00
20/11/2006 33.11 33.11 33.11 33.11 0 0.00 0.00
21/11/2006 33.30 33.25 33.95 33.95 0 80500.00 80500.00
22/11/2006 34.10 34.10 34.84 34.67 0 161600.00 161600.00
23/11/2006 34.81 34.68 35.09 34.80 0 143400.00 143400.00
24/11/2006 34.64 34.20 34.64 34.34 0 149900.00 149900.00
27/11/2006 34.30 33.20 34.30 33.20 0 272200.00 272200.00
28/11/2006 33.20 32.80 33.30 33.00 0 249600.00 249600.00
29/11/2006 33.31 32.90 33.45 32.90 0 250500.00 250500.00
30/11/2006 32.90 32.85 33.39 33.30 0 168300.00 168300.00
01/12/2006 33.39 32.30 33.40 32.50 0 239100.00 239100.00
04/12/2006 32.55 32.11 33.90 33.89 0 504200.00 504200.00
05/12/2006 33.80 33.40 33.82 33.41 0 388000.00 388000.00
06/12/2006 33.50 32.81 33.89 33.39 0 261900.00 261900.00
07/12/2006 33.50 33.15 33.69 33.35 0 237700.00 237700.00
08/12/2006 33.15 32.99 33.77 33.60 0 189800.00 189800.00
11/12/2006 33.60 33.35 33.64 33.50 0 128700.00 128700.00
12/12/2006 33.19 32.99 33.61 33.53 0 122400.00 122400.00
13/12/2006 33.70 33.30 34.00 34.00 0 302600.00 302600.00
14/12/2006 34.00 33.91 34.30 34.02 0 111600.00 111600.00
15/12/2006 33.81 33.81 34.50 34.30 0 192900.00 192900.00
18/12/2006 34.48 33.90 34.50 34.20 0 115400.00 115400.00
19/12/2006 34.20 33.50 34.30 34.20 0 186300.00 186300.00
20/12/2006 34.46 33.63 34.50 33.80 0 114700.00 114700.00
21/12/2006 33.51 33.50 33.80 33.80 0 77100.00 77100.00
22/12/2006 33.80 33.52 33.98 33.90 0 101100.00 101100.00
25/12/2006 33.90 33.90 33.90 33.90 0 0.00 0.00
26/12/2006 33.70 33.70 34.30 34.19 0 146100.00 146100.00
27/12/2006 34.19 34.10 34.95 34.75 0 282000.00 282000.00
28/12/2006 34.75 34.20 34.75 34.21 0 269300.00 269300.00
29/12/2006 34.21 34.21 34.21 34.21 0 0.00 0.00
01/01/2007 34.21 34.21 34.21 34.21 0 0.00 0.00
02/01/2007 33.71 33.71 34.55 34.50 0 117700.00 117700.00
03/01/2007 34.45 34.15 34.80 34.45 0 327500.00 327500.00
04/01/2007 34.10 33.75 34.17 34.16 0 200500.00 200500.00
05/01/2007 33.75 33.11 34.10 33.55 0 439400.00 439400.00
08/01/2007 33.55 32.83 33.80 33.35 0 150300.00 150300.00
09/01/2007 33.40 32.43 33.40 32.67 0 290400.00 290400.00
10/01/2007 31.72 31.70 32.78 32.78 0 309400.00 309400.00
11/01/2007 32.30 32.01 33.80 32.70 0 125200.00 125200.00
12/01/2007 32.80 32.71 33.40 33.15 0 67000.00 67000.00
15/01/2007 33.30 32.80 33.40 33.20 0 64700.00 64700.00
16/01/2007 33.01 32.68 33.01 32.85 0 81300.00 81300.00
17/01/2007 32.69 32.50 32.90 32.90 0 59300.00 59300.00
18/01/2007 32.98 32.20 33.29 32.50 0 152000.00 152000.00
19/01/2007 32.50 32.13 32.79 32.66 0 26000.00 26000.00
22/01/2007 32.80 32.37 32.90 32.80 0 108300.00 108300.00
23/01/2007 32.80 32.31 32.90 32.90 0 113000.00 113000.00
24/01/2007 32.90 32.53 33.19 33.10 0 234900.00 234900.00
25/01/2007 33.10 33.10 33.10 33.10 0 0.00 0.00
26/01/2007 32.95 32.44 33.20 33.00 0 93600.00 93600.00
29/01/2007 33.19 32.33 33.19 32.70 0 138200.00 138200.00
30/01/2007 32.60 32.50 33.29 33.24 0 201100.00 201100.00
31/01/2007 33.00 32.71 33.18 33.16 0 183200.00 183200.00
01/02/2007 33.95 33.15 33.95 33.40 0 118800.00 118800.00
02/02/2007 33.59 32.55 33.60 32.80 0 189200.00 189200.00
05/02/2007 32.75 32.65 32.98 32.85 0 143200.00 143200.00
06/02/2007 32.86 32.45 33.00 32.80 0 237400.00 237400.00
07/02/2007 32.60 32.00 33.40 32.19 0 317700.00 317700.00
08/02/2007 32.00 31.90 32.50 32.36 0 67400.00 67400.00
09/02/2007 32.11 31.80 32.50 31.85 0 117600.00 117600.00
12/02/2007 32.00 31.61 32.00 32.00 0 76500.00 76500.00
13/02/2007 32.00 31.16 32.10 31.94 0 418200.00 418200.00
14/02/2007 32.19 31.61 32.75 32.75 0 493200.00 493200.00
15/02/2007 32.45 32.14 32.67 32.48 0 122000.00 122000.00
16/02/2007 32.48 31.94 32.48 32.37 0 97400.00 97400.00
19/02/2007 32.37 32.37 32.37 32.37 0 0.00 0.00
20/02/2007 32.37 32.37 32.37 32.37 0 0.00 0.00
21/02/2007 32.52 31.90 32.52 31.91 0 105800.00 105800.00
22/02/2007 32.10 32.01 32.55 32.20 0 147800.00 147800.00
23/02/2007 31.96 31.70 32.09 31.80 0 165800.00 165800.00
26/02/2007 31.84 31.41 31.99 31.90 0 173900.00 173900.00
27/02/2007 31.14 30.05 31.25 30.25 0 273900.00 273900.00
28/02/2007 30.31 30.27 31.30 31.30 0 305300.00 305300.00
01/03/2007 30.90 30.17 31.20 31.00 0 179100.00 179100.00
02/03/2007 30.30 30.00 30.50 30.08 0 232000.00 232000.00
05/03/2007 29.60 29.50 30.25 29.95 0 108600.00 108600.00
06/03/2007 30.69 30.20 32.00 32.00 0 127400.00 127400.00
07/03/2007 31.05 30.50 31.40 30.80 0 216200.00 216200.00
08/03/2007 30.91 30.91 31.70 31.60 0 87700.00 87700.00
09/03/2007 31.79 31.48 31.90 31.80 0 123200.00 123200.00
12/03/2007 31.71 31.37 31.90 31.70 0 70100.00 70100.00
13/03/2007 31.00 30.61 31.20 30.85 0 262100.00 262100.00
14/03/2007 30.80 30.36 31.60 31.50 0 165300.00 165300.00
15/03/2007 30.70 30.70 31.60 31.20 0 268500.00 268500.00
16/03/2007 30.80 30.80 31.50 31.25 0 145900.00 145900.00
19/03/2007 31.55 30.75 31.55 31.00 0 143500.00 143500.00
20/03/2007 31.89 30.83 31.90 31.60 0 66900.00 66900.00
21/03/2007 31.67 31.60 32.30 32.30 0 265400.00 265400.00
22/03/2007 32.45 32.30 32.67 32.55 0 102400.00 102400.00
23/03/2007 32.31 32.31 34.14 34.00 0 570400.00 570400.00
26/03/2007 34.13 34.04 34.75 34.55 0 261900.00 261900.00
27/03/2007 34.30 34.30 34.80 34.75 0 273300.00 273300.00
28/03/2007 34.50 34.12 34.50 34.25 0 241900.00 241900.00
29/03/2007 34.50 33.90 34.70 33.90 0 245800.00 245800.00
30/03/2007 33.52 33.00 33.99 33.80 0 524900.00 524900.00
02/04/2007 33.59 33.30 34.00 34.00 0 203000.00 203000.00
03/04/2007 34.06 34.06 34.96 34.96 0 243000.00 243000.00
04/04/2007 35.00 34.65 35.30 35.25 0 165800.00 165800.00
05/04/2007 35.00 34.60 35.30 34.60 0 190400.00 190400.00
06/04/2007 34.60 34.60 34.60 34.60 0 0.00 0.00
09/04/2007 35.00 34.60 35.31 34.80 0 96000.00 96000.00
10/04/2007 34.40 34.31 35.13 35.02 0 171400.00 171400.00
11/04/2007 35.20 35.00 35.55 35.50 0 454200.00 454200.00
12/04/2007 35.18 35.18 36.19 35.90 0 383600.00 383600.00
13/04/2007 36.00 35.90 36.58 36.56 0 203700.00 203700.00
16/04/2007 36.30 36.30 37.99 37.70 0 407800.00 407800.00
17/04/2007 37.71 37.70 38.49 38.35 0 205400.00 205400.00
18/04/2007 38.34 37.90 39.50 39.00 0 309900.00 309900.00
19/04/2007 39.00 38.50 39.30 39.07 0 133600.00 133600.00
20/04/2007 39.30 38.51 39.40 39.00 0 311200.00 311200.00
23/04/2007 38.70 37.00 39.15 38.50 0 349500.00 349500.00
24/04/2007 38.36 37.55 38.89 37.55 0 171700.00 171700.00
25/04/2007 38.44 37.30 38.44 37.70 0 146600.00 146600.00
26/04/2007 37.31 37.07 37.60 37.50 0 244600.00 244600.00
27/04/2007 37.06 36.82 37.28 37.20 0 256700.00 256700.00
30/04/2007 37.20 36.70 38.00 37.10 0 401100.00 401100.00
01/05/2007 37.10 37.10 37.10 37.10 0 0.00 0.00
02/05/2007 37.00 36.50 37.19 36.68 0 441900.00 441900.00
03/05/2007 37.78 36.68 38.76 38.35 0 264500.00 264500.00
04/05/2007 38.60 38.50 39.10 38.80 0 154900.00 154900.00
07/05/2007 39.00 38.70 39.20 39.14 0 80200.00 80200.00
08/05/2007 39.20 37.61 39.20 38.98 0 88000.00 88000.00
09/05/2007 38.45 38.45 39.40 39.40 0 132800.00 132800.00
10/05/2007 39.40 38.70 39.40 39.00 0 108300.00 108300.00
11/05/2007 38.81 38.80 39.30 39.09 0 47600.00 47600.00
14/05/2007 38.65 37.67 39.00 37.80 0 141400.00 141400.00
15/05/2007 38.01 38.00 38.55 38.55 0 110800.00 110800.00
16/05/2007 39.28 38.70 40.10 40.10 0 204100.00 204100.00
17/05/2007 39.80 39.80 41.20 41.00 0 234100.00 234100.00
18/05/2007 41.00 40.05 41.00 40.50 0 118300.00 118300.00
21/05/2007 40.50 40.50 42.40 42.39 0 181200.00 181200.00
22/05/2007 42.01 42.01 43.00 42.25 0 367000.00 367000.00
23/05/2007 42.26 40.27 42.28 41.32 0 187000.00 187000.00
24/05/2007 40.50 39.69 40.85 40.00 0 188100.00 188100.00
25/05/2007 40.02 40.02 41.86 41.86 0 82800.00 82800.00
28/05/2007 41.88 41.70 42.00 41.95 0 51800.00 51800.00
29/05/2007 42.00 40.05 42.05 40.35 0 115300.00 115300.00
30/05/2007 40.40 39.00 42.00 41.50 0 144300.00 144300.00
31/05/2007 41.30 40.53 41.30 40.70 0 141100.00 141100.00
01/06/2007 41.00 41.00 42.00 41.62 0 53100.00 53100.00
04/06/2007 41.40 40.53 41.45 41.00 0 72400.00 72400.00
05/06/2007 40.99 40.25 41.00 40.39 0 161500.00 161500.00
06/06/2007 40.26 39.12 40.26 39.40 0 265800.00 265800.00
07/06/2007 39.40 39.40 39.40 39.40 0 0.00 0.00
08/06/2007 39.31 38.52 41.00 41.00 0 187100.00 187100.00
11/06/2007 40.00 39.51 41.00 40.20 0 66000.00 66000.00
12/06/2007 39.52 39.51 40.50 39.51 0 411000.00 411000.00
13/06/2007 40.52 39.66 40.79 40.00 0 291300.00 291300.00
14/06/2007 40.20 40.02 40.55 40.25 0 39900.00 39900.00
15/06/2007 40.99 40.52 41.64 41.50 0 151000.00 151000.00
18/06/2007 41.80 41.00 41.80 41.26 0 251300.00 251300.00
19/06/2007 40.62 40.62 41.40 41.40 0 135100.00 135100.00
20/06/2007 41.22 40.50 41.58 41.40 0 157200.00 157200.00
21/06/2007 41.48 41.48 42.55 42.30 0 146800.00 146800.00
22/06/2007 42.31 40.90 42.31 41.35 0 95600.00 95600.00
25/06/2007 41.79 40.25 42.20 40.88 0 85400.00 85400.00
26/06/2007 41.00 40.53 41.20 40.70 0 92500.00 92500.00
27/06/2007 40.30 39.84 40.60 40.28 0 138000.00 138000.00
28/06/2007 40.49 40.21 40.64 40.50 0 58400.00 58400.00
29/06/2007 40.85 40.13 41.00 40.47 0 78400.00 78400.00
02/07/2007 40.98 40.72 41.37 41.00 0 116900.00 116900.00
03/07/2007 41.49 40.01 41.49 40.19 0 129500.00 129500.00
04/07/2007 40.19 39.45 40.19 39.45 0 86700.00 86700.00
05/07/2007 39.40 39.19 39.59 39.49 0 123400.00 123400.00
06/07/2007 39.91 39.91 39.91 39.91 0 45800.00 45800.00
09/07/2007 39.91 39.91 39.91 39.91 0 0.00 0.00
10/07/2007 39.91 38.58 39.91 38.60 0 159500.00 159500.00
11/07/2007 38.61 38.40 38.93 38.40 0 211000.00 211000.00
12/07/2007 38.55 38.40 38.86 38.86 0 176800.00 176800.00
13/07/2007 38.66 38.50 40.10 39.40 0 119400.00 119400.00
16/07/2007 39.25 39.00 40.00 39.30 0 93300.00 93300.00
17/07/2007 39.88 39.80 39.98 39.95 0 148500.00 148500.00
18/07/2007 39.26 39.26 39.99 39.99 0 111000.00 111000.00
19/07/2007 40.11 39.12 40.47 40.25 0 93800.00 93800.00
20/07/2007 40.07 39.35 40.07 39.55 0 90300.00 90300.00
23/07/2007 39.65 39.20 39.65 39.30 0 75100.00 75100.00
24/07/2007 39.12 37.65 39.50 38.59 0 156400.00 156400.00
25/07/2007 38.41 38.20 39.61 39.50 0 180300.00 180300.00
26/07/2007 38.32 36.00 38.32 37.38 0 271800.00 271800.00
27/07/2007 36.96 36.35 37.88 36.50 0 149100.00 149100.00
30/07/2007 36.49 36.34 37.68 37.60 0 121500.00 121500.00
31/07/2007 37.88 36.70 38.18 37.84 0 164300.00 164300.00
01/08/2007 37.01 36.90 38.25 38.25 0 206000.00 206000.00
02/08/2007 38.00 37.43 38.75 37.54 0 314200.00 314200.00
03/08/2007 37.54 36.10 37.98 36.70 0 137800.00 137800.00
06/08/2007 36.70 35.50 36.90 36.50 0 141600.00 141600.00
07/08/2007 36.69 36.00 37.21 36.60 0 126600.00 126600.00
08/08/2007 36.80 36.80 37.76 37.51 0 71600.00 71600.00
09/08/2007 37.00 35.92 37.00 36.30 0 81700.00 81700.00
10/08/2007 35.51 34.81 35.51 35.00 0 122000.00 122000.00
13/08/2007 35.94 34.12 35.94 34.15 0 115500.00 115500.00
14/08/2007 34.16 33.66 34.39 34.00 0 212300.00 212300.00
15/08/2007 34.10 33.92 35.23 34.00 0 816900.00 816900.00
16/08/2007 33.50 32.75 34.40 33.84 0 720300.00 720300.00
17/08/2007 34.00 33.20 34.45 34.24 0 173400.00 173400.00
20/08/2007 35.20 34.41 35.20 34.95 0 256400.00 256400.00
21/08/2007 34.97 34.50 36.09 35.40 0 102500.00 102500.00
22/08/2007 36.00 35.80 36.47 36.44 0 134400.00 134400.00
23/08/2007 36.60 36.00 36.80 36.30 0 64700.00 64700.00
24/08/2007 36.30 35.80 37.10 36.75 0 184900.00 184900.00
27/08/2007 36.75 36.50 37.38 37.25 0 161100.00 161100.00
28/08/2007 37.22 36.81 37.40 37.10 0 246200.00 246200.00
29/08/2007 37.01 37.01 38.20 38.10 0 153200.00 153200.00
30/08/2007 38.09 37.90 38.60 38.25 0 131800.00 131800.00
31/08/2007 38.70 38.12 38.90 38.58 0 296000.00 296000.00
03/09/2007 38.89 38.00 39.00 38.10 0 176500.00 176500.00
04/09/2007 38.29 37.92 38.59 38.50 0 179900.00 179900.00
05/09/2007 38.28 37.98 38.45 38.45 0 94500.00 94500.00
06/09/2007 38.49 38.32 38.70 38.32 0 276400.00 276400.00
07/09/2007 38.32 38.32 38.32 38.32 0 0.00 0.00
10/09/2007 37.70 37.60 37.97 37.97 0 260100.00 260100.00
11/09/2007 38.09 37.95 38.20 38.09 0 122500.00 122500.00
12/09/2007 38.00 37.60 38.15 37.85 0 119100.00 119100.00
13/09/2007 38.00 37.70 38.10 37.85 0 42700.00 42700.00
14/09/2007 37.75 37.75 38.00 37.90 0 75300.00 75300.00
17/09/2007 37.70 37.30 37.70 37.49 0 30600.00 30600.00
18/09/2007 37.30 37.30 38.20 38.00 0 105200.00 105200.00
19/09/2007 38.00 38.00 38.30 38.19 0 75000.00 75000.00
20/09/2007 38.00 37.28 38.30 37.49 0 57600.00 57600.00
21/09/2007 37.60 37.18 38.00 37.65 0 121000.00 121000.00
24/09/2007 37.65 37.63 38.14 38.00 0 118900.00 118900.00
25/09/2007 37.85 37.75 38.50 38.50 0 112700.00 112700.00
26/09/2007 38.50 38.50 38.90 38.90 0 39200.00 39200.00
27/09/2007 39.00 38.50 39.49 39.40 0 96300.00 96300.00
28/09/2007 39.30 38.81 39.60 39.60 0 120500.00 120500.00
01/10/2007 39.61 39.30 40.00 39.90 0 145500.00 145500.00
02/10/2007 40.00 38.89 40.00 39.90 0 89200.00 89200.00
03/10/2007 39.13 39.13 40.01 39.45 0 95100.00 95100.00
04/10/2007 39.97 39.62 40.15 40.00 0 77800.00 77800.00
05/10/2007 40.00 39.66 40.19 40.10 0 70400.00 70400.00
08/10/2007 39.82 39.71 39.90 39.90 0 88000.00 88000.00
09/10/2007 39.87 39.70 40.09 39.97 0 107500.00 107500.00
10/10/2007 39.61 39.42 40.30 39.92 0 170600.00 170600.00
11/10/2007 39.80 39.40 40.15 40.00 0 93600.00 93600.00
12/10/2007 40.00 40.00 40.00 40.00 0 0.00 0.00
15/10/2007 38.84 38.82 39.96 39.73 0 176300.00 176300.00
16/10/2007 39.01 39.01 39.50 39.45 0 114200.00 114200.00
17/10/2007 39.70 39.45 41.00 40.50 0 277800.00 277800.00
18/10/2007 40.00 39.81 41.00 41.00 0 68000.00 68000.00
19/10/2007 40.19 40.01 41.20 40.25 0 66700.00 66700.00
22/10/2007 40.00 39.03 40.50 40.40 0 105600.00 105600.00
23/10/2007 40.50 40.50 41.91 41.91 0 91400.00 91400.00
24/10/2007 41.91 41.11 41.99 41.99 0 103900.00 103900.00
25/10/2007 42.00 41.90 45.40 45.40 0 197600.00 197600.00
26/10/2007 45.02 45.01 47.00 48.00 0 272700.00 272700.00
29/10/2007 47.80 46.60 48.39 48.00 0 397600.00 397600.00
30/10/2007 47.89 46.60 47.90 47.50 0 58900.00 58900.00
31/10/2007 47.30 47.06 47.90 47.90 0 123500.00 123500.00
01/11/2007 46.51 46.51 47.11 46.79 0 182100.00 182100.00
02/11/2007 46.79 46.79 46.79 46.79 0 0.00 0.00
05/11/2007 46.31 45.90 46.70 46.15 0 277500.00 277500.00
06/11/2007 45.96 45.96 46.85 46.09 0 166300.00 166300.00
07/11/2007 45.74 44.80 46.09 44.85 0 116900.00 116900.00
08/11/2007 44.50 44.50 45.45 44.85 0 165700.00 165700.00
09/11/2007 43.75 42.50 44.30 44.30 0 121000.00 121000.00
12/11/2007 44.00 42.07 44.69 43.30 0 535700.00 535700.00
13/11/2007 43.00 42.35 44.87 43.13 0 77200.00 77200.00
14/11/2007 45.29 42.90 45.70 44.40 0 162500.00 162500.00
15/11/2007 44.40 44.40 44.40 44.40 0 0.00 0.00
16/11/2007 44.39 42.60 44.39 43.15 0 79600.00 79600.00
19/11/2007 42.50 42.05 42.95 42.10 0 169200.00 169200.00
20/11/2007 42.10 42.10 42.10 42.10 0 0.00 0.00
21/11/2007 41.01 40.25 41.69 40.70 0 219400.00 219400.00
22/11/2007 41.00 40.21 41.01 40.40 0 161700.00 161700.00
23/11/2007 40.40 39.63 40.40 40.00 0 187100.00 187100.00
26/11/2007 40.00 39.10 41.41 39.10 0 242500.00 242500.00
27/11/2007 39.10 38.21 40.49 39.74 0 316600.00 316600.00
28/11/2007 40.00 39.84 42.29 41.10 0 171600.00 171600.00
29/11/2007 41.08 40.61 41.79 41.50 0 96300.00 96300.00
30/11/2007 42.70 40.84 43.50 41.90 0 184600.00 184600.00
03/12/2007 42.96 41.75 42.98 41.95 0 220300.00 220300.00
04/12/2007 42.25 41.01 42.25 42.10 0 64000.00 64000.00
05/12/2007 42.59 41.80 42.70 42.70 0 70000.00 70000.00
06/12/2007 42.50 42.20 43.30 43.30 0 52600.00 52600.00
07/12/2007 43.59 42.59 43.65 43.40 0 100400.00 100400.00
10/12/2007 42.53 42.53 43.90 43.45 0 159700.00 159700.00
11/12/2007 43.50 42.00 43.98 42.66 0 194200.00 194200.00
12/12/2007 42.77 42.54 43.68 42.60 0 166100.00 166100.00
13/12/2007 42.02 41.01 42.03 41.53 0 125700.00 125700.00
14/12/2007 41.00 40.60 41.70 41.10 0 39600.00 39600.00
17/12/2007 40.51 39.35 40.55 39.50 0 70900.00 70900.00
18/12/2007 38.50 37.60 39.00 39.00 0 123200.00 123200.00
19/12/2007 37.91 37.31 39.03 38.89 0 53500.00 53500.00
20/12/2007 38.13 38.13 39.90 39.20 0 177000.00 177000.00
21/12/2007 39.17 38.72 40.05 40.05 0 80600.00 80600.00
24/12/2007 40.05 40.05 40.05 40.05 0 0.00 0.00
25/12/2007 40.05 40.05 40.05 40.05 0 0.00 0.00
26/12/2007 40.51 40.50 41.37 40.90 0 121000.00 121000.00
27/12/2007 41.20 40.32 41.20 41.05 0 24100.00 24100.00
28/12/2007 41.19 40.20 42.50 42.50 0 211400.00 211400.00
31/12/2007 42.50 42.50 42.50 42.50 0 0.00 0.00
01/01/2008 42.50 42.50 42.50 42.50 0 0.00 0.00
02/01/2008 42.00 40.95 42.15 41.69 0 52600.00 52600.00
03/01/2008 41.67 40.60 42.00 41.00 0 131100.00 131100.00
04/01/2008 40.51 39.40 40.80 39.80 0 140200.00 140200.00
07/01/2008 39.01 38.90 39.80 39.10 0 145100.00 145100.00
08/01/2008 39.18 38.90 39.65 39.43 0 139700.00 139700.00
09/01/2008 39.38 38.81 39.94 39.00 0 93200.00 93200.00
10/01/2008 39.00 38.64 40.93 39.79 0 100600.00 100600.00
11/01/2008 39.76 38.55 39.76 39.00 0 72000.00 72000.00
14/01/2008 39.00 38.58 39.46 39.10 0 73700.00 73700.00
15/01/2008 38.70 38.00 39.49 38.38 0 56400.00 56400.00
16/01/2008 39.02 37.85 39.02 38.54 0 65400.00 65400.00
17/01/2008 38.13 37.01 38.87 37.67 0 139900.00 139900.00
18/01/2008 37.41 36.51 38.00 37.38 0 133100.00 133100.00
21/01/2008 35.52 35.52 38.00 36.56 0 101500.00 101500.00
22/01/2008 37.60 35.91 37.99 37.35 0 72000.00 72000.00
23/01/2008 36.25 35.70 37.21 36.27 0 88900.00 88900.00
24/01/2008 36.36 36.35 38.30 38.30 0 51000.00 51000.00
25/01/2008 38.30 38.30 38.30 38.30 0 0.00 0.00
28/01/2008 37.99 36.83 39.71 39.71 0 93800.00 93800.00
29/01/2008 39.30 38.73 39.65 39.20 0 113100.00 113100.00
30/01/2008 38.99 38.50 39.10 38.52 0 136100.00 136100.00
31/01/2008 37.40 36.42 38.45 38.45 0 29400.00 29400.00
01/02/2008 38.42 37.82 39.44 39.20 0 47700.00 47700.00
04/02/2008 39.20 39.20 39.20 39.20 0 0.00 0.00
05/02/2008 39.20 39.20 39.20 39.20 0 0.00 0.00
06/02/2008 39.09 37.59 39.09 38.20 0 30800.00 30800.00
07/02/2008 37.47 36.12 37.69 37.30 0 53500.00 53500.00
08/02/2008 37.19 36.52 37.80 37.00 0 46800.00 46800.00
11/02/2008 37.00 37.00 39.89 39.70 0 358900.00 358900.00
12/02/2008 39.99 39.32 40.05 39.83 0 167900.00 167900.00
13/02/2008 39.71 39.71 40.74 40.30 0 411000.00 411000.00
14/02/2008 40.30 39.76 40.65 40.20 0 110600.00 110600.00
15/02/2008 39.43 39.01 39.70 39.30 0 132300.00 132300.00
18/02/2008 39.01 39.01 40.35 40.24 0 35300.00 35300.00
19/02/2008 40.79 39.75 41.10 40.00 0 43700.00 43700.00
20/02/2008 40.00 39.16 41.00 40.50 0 147000.00 147000.00
21/02/2008 40.79 39.70 40.99 40.20 0 102000.00 102000.00
22/02/2008 40.00 39.97 40.80 40.80 0 208000.00 208000.00
25/02/2008 40.22 39.80 41.17 40.85 0 61300.00 61300.00
26/02/2008 40.31 40.31 41.59 41.50 0 80300.00 80300.00
27/02/2008 41.80 40.45 41.80 41.70 0 37100.00 37100.00
28/02/2008 40.81 40.02 41.89 41.80 0 39000.00 39000.00
29/02/2008 41.10 40.11 41.86 41.24 0 65200.00 65200.00
03/03/2008 41.70 41.15 41.99 41.90 0 57600.00 57600.00
04/03/2008 41.80 41.00 41.99 41.90 0 150400.00 150400.00
05/03/2008 41.90 41.72 42.70 42.60 0 111200.00 111200.00
06/03/2008 42.26 41.31 42.88 41.50 0 49500.00 49500.00
07/03/2008 40.65 40.65 41.45 40.99 0 33800.00 33800.00
10/03/2008 40.51 40.50 40.98 40.70 0 61100.00 61100.00
11/03/2008 41.50 41.10 41.90 41.85 0 248200.00 248200.00
12/03/2008 41.50 41.22 41.80 41.76 0 67100.00 67100.00
13/03/2008 41.10 40.51 41.82 41.78 0 34500.00 34500.00
14/03/2008 42.00 40.85 42.00 41.30 0 87400.00 87400.00
17/03/2008 41.30 41.30 41.30 41.30 0 0.00 0.00
18/03/2008 41.35 41.01 42.50 41.97 0 78100.00 78100.00
19/03/2008 42.10 41.00 42.40 41.00 0 57400.00 57400.00
20/03/2008 40.70 39.89 41.80 41.49 0 39300.00 39300.00
21/03/2008 41.49 41.49 41.49 41.49 0 0.00 0.00
24/03/2008 41.47 40.81 42.25 41.99 0 545300.00 545300.00
25/03/2008 42.40 41.73 43.00 42.95 0 260500.00 260500.00
26/03/2008 43.98 42.50 43.98 42.90 0 35800.00 35800.00
27/03/2008 43.95 42.36 43.95 43.00 0 141000.00 141000.00
28/03/2008 42.00 42.00 43.89 43.00 0 203000.00 203000.00
31/03/2008 41.88 41.88 43.80 43.20 0 299800.00 299800.00
01/04/2008 43.51 43.26 44.65 44.00 0 95700.00 95700.00
02/04/2008 44.84 44.00 44.84 44.60 0 48700.00 48700.00
03/04/2008 44.58 44.28 45.10 44.56 0 216600.00 216600.00
04/04/2008 45.30 45.01 45.50 45.50 0 55400.00 55400.00
07/04/2008 45.89 45.30 45.98 45.30 0 100200.00 100200.00
08/04/2008 45.30 45.00 45.49 45.44 0 62000.00 62000.00
09/04/2008 44.50 44.50 45.70 44.60 0 66300.00 66300.00
10/04/2008 44.99 44.80 46.09 45.40 0 65700.00 65700.00
11/04/2008 45.00 44.12 45.79 45.47 0 45600.00 45600.00
14/04/2008 45.01 44.40 45.01 44.95 0 56300.00 56300.00
15/04/2008 44.81 44.45 45.71 44.45 0 55800.00 55800.00
16/04/2008 45.29 44.35 45.30 44.76 0 95500.00 95500.00
17/04/2008 44.76 44.40 45.20 44.40 0 29900.00 29900.00
18/04/2008 44.49 44.49 45.31 45.30 0 34800.00 34800.00
22/04/2008 45.30 45.07 45.50 45.50 0 14200.00 14200.00
23/04/2008 45.50 44.82 45.50 45.20 0 34700.00 34700.00
24/04/2008 45.78 44.85 45.78 45.40 0 58100.00 58100.00
25/04/2008 45.58 45.21 45.99 45.99 0 91400.00 91400.00
28/04/2008 46.00 45.35 46.00 45.55 0 10000.00 10000.00
29/04/2008 43.83 43.83 45.47 44.50 0 39800.00 39800.00
30/04/2008 44.47 44.47 46.71 46.00 0 175500.00 175500.00
02/05/2008 46.01 45.60 46.99 46.00 0 85400.00 85400.00
05/05/2008 47.30 45.34 47.30 46.29 0 80300.00 80300.00
06/05/2008 46.00 45.60 46.40 46.29 0 47000.00 47000.00
07/05/2008 46.00 45.01 46.60 45.05 0 41800.00 41800.00
08/05/2008 45.05 45.05 46.27 46.27 0 15400.00 15400.00
09/05/2008 45.03 45.02 45.92 45.20 0 17300.00 17300.00
12/05/2008 45.29 45.29 46.54 46.00 0 20400.00 20400.00
13/05/2008 46.50 45.03 46.50 45.41 0 22300.00 22300.00
14/05/2008 46.11 45.11 46.20 45.71 0 14200.00 14200.00
15/05/2008 45.71 45.05 46.10 45.71 0 65400.00 65400.00
16/05/2008 46.02 45.85 46.40 46.39 0 25600.00 25600.00
19/05/2008 46.50 44.21 46.50 45.30 0 54200.00 54200.00
20/05/2008 44.12 44.12 45.98 45.85 0 26400.00 26400.00
21/05/2008 45.20 45.15 45.80 45.21 0 36700.00 36700.00
23/05/2008 45.12 44.20 45.42 45.41 0 30300.00 30300.00
26/05/2008 45.41 44.21 45.41 44.33 0 36100.00 36100.00
27/05/2008 43.51 43.51 44.70 44.00 0 37700.00 37700.00
28/05/2008 44.00 44.00 46.18 46.00 0 188400.00 188400.00
29/05/2008 46.00 45.35 46.69 46.35 0 117400.00 117400.00
30/05/2008 46.36 46.21 47.61 47.50 0 56000.00 56000.00
02/06/2008 47.44 46.50 48.18 48.05 0 89900.00 89900.00
03/06/2008 46.76 46.76 49.00 48.36 0 48400.00 48400.00
04/06/2008 47.00 47.00 48.79 48.11 0 41500.00 41500.00
05/06/2008 48.11 48.04 49.70 49.30 0 31900.00 31900.00
06/06/2008 48.99 48.11 49.23 48.21 0 31900.00 31900.00
10/06/2008 47.80 47.26 48.20 48.00 0 325200.00 325200.00
11/06/2008 47.61 47.15 48.39 48.30 0 300800.00 300800.00
12/06/2008 48.21 47.40 48.22 47.52 0 192700.00 192700.00
13/06/2008 47.52 46.61 47.65 46.80 0 415000.00 415000.00
16/06/2008 47.00 46.92 48.13 47.81 0 47500.00 47500.00
17/06/2008 48.20 47.41 48.50 47.70 0 114500.00 114500.00
18/06/2008 47.71 47.40 48.37 47.50 0 97000.00 97000.00
19/06/2008 48.19 47.52 48.31 47.65 0 74600.00 74600.00
20/06/2008 47.66 47.55 48.29 48.04 0 88700.00 88700.00
23/06/2008 47.51 47.06 48.22 48.22 0 36900.00 36900.00
24/06/2008 48.24 47.16 48.39 48.00 0 28000.00 28000.00
25/06/2008 47.75 47.48 48.18 47.48 0 60800.00 60800.00
26/06/2008 47.03 47.00 47.84 47.50 0 89300.00 89300.00
27/06/2008 47.97 46.74 47.97 47.87 0 39700.00 39700.00
30/06/2008 48.00 46.86 48.00 47.40 0 41300.00 41300.00
01/07/2008 46.51 46.20 48.30 47.39 0 74500.00 74500.00
02/07/2008 47.38 46.70 47.99 46.70 0 60000.00 60000.00
03/07/2008 47.92 45.11 47.92 45.40 0 57100.00 57100.00
04/07/2008 45.00 45.00 45.89 45.50 0 22400.00 22400.00
07/07/2008 45.02 44.70 45.88 44.80 0 75800.00 75800.00
08/07/2008 44.98 44.67 46.68 46.09 0 65000.00 65000.00
10/07/2008 45.99 44.78 46.79 46.50 0 162500.00 162500.00
11/07/2008 47.70 45.45 47.71 47.60 0 119700.00 119700.00
14/07/2008 46.52 46.52 48.25 47.51 0 37200.00 37200.00
15/07/2008 47.01 46.50 48.40 47.93 0 93400.00 93400.00
16/07/2008 47.93 47.93 49.00 48.74 0 96100.00 96100.00
17/07/2008 48.80 47.02 49.00 47.75 0 84000.00 84000.00
18/07/2008 47.25 47.25 48.47 47.55 0 109500.00 109500.00
21/07/2008 47.50 47.50 48.50 48.20 0 161800.00 161800.00
22/07/2008 48.08 47.65 48.19 47.90 0 125000.00 125000.00
23/07/2008 47.50 47.50 48.99 48.95 0 130600.00 130600.00
24/07/2008 48.29 47.51 49.00 47.79 0 95400.00 95400.00
25/07/2008 47.79 47.02 48.09 48.04 0 62800.00 62800.00
28/07/2008 48.00 47.21 48.80 47.21 0 45900.00 45900.00
29/07/2008 47.22 47.22 48.50 47.92 0 144900.00 144900.00
30/07/2008 47.92 47.20 48.39 48.00 0 48800.00 48800.00
31/07/2008 47.51 47.51 48.63 47.60 0 139400.00 139400.00
01/08/2008 47.50 47.00 48.28 47.90 0 36400.00 36400.00
04/08/2008 48.09 46.71 48.09 47.80 0 77700.00 77700.00
05/08/2008 46.67 46.67 48.41 48.00 0 133100.00 133100.00
06/08/2008 48.49 47.51 48.60 48.60 0 45300.00 45300.00
07/08/2008 48.50 47.09 48.50 47.09 0 38600.00 38600.00
08/08/2008 47.10 46.73 48.25 47.49 0 64100.00 64100.00
11/08/2008 47.99 45.80 47.99 46.50 0 107900.00 107900.00
12/08/2008 47.71 45.41 47.71 45.50 0 266600.00 266600.00
13/08/2008 45.19 44.20 46.90 44.43 0 187900.00 187900.00
14/08/2008 44.43 44.11 46.00 45.01 0 64500.00 64500.00
15/08/2008 45.02 45.02 46.89 46.50 0 98000.00 98000.00
18/08/2008 46.50 45.30 46.53 45.30 0 98700.00 98700.00
19/08/2008 46.44 44.25 46.89 45.85 0 331900.00 331900.00
20/08/2008 47.20 45.81 47.20 46.50 0 87000.00 87000.00
21/08/2008 46.79 45.65 46.89 45.79 0 50300.00 50300.00
22/08/2008 46.05 45.61 46.64 46.29 0 34700.00 34700.00
25/08/2008 46.40 44.50 46.50 44.50 0 75800.00 75800.00
26/08/2008 44.48 44.20 46.38 45.60 0 90300.00 90300.00
27/08/2008 44.95 44.51 45.97 45.10 0 91200.00 91200.00
28/08/2008 45.16 44.65 46.19 45.65 0 88500.00 88500.00
29/08/2008 45.21 45.00 46.80 45.00 0 163700.00 163700.00
01/09/2008 43.96 43.96 44.80 44.32 0 45000.00 45000.00
02/09/2008 43.90 43.81 45.96 44.85 0 112600.00 112600.00
03/09/2008 45.19 42.19 45.58 43.60 0 85300.00 85300.00
04/09/2008 43.00 42.81 43.68 42.90 0 59100.00 59100.00
05/09/2008 42.91 42.50 43.94 43.09 0 56500.00 56500.00
08/09/2008 43.09 42.30 43.94 42.35 0 87600.00 87600.00
09/09/2008 42.11 42.08 43.49 42.08 0 129400.00 129400.00
10/09/2008 43.28 41.80 43.28 41.80 0 131600.00 131600.00
11/09/2008 41.11 41.10 42.09 41.15 0 157200.00 157200.00
12/09/2008 41.16 41.16 43.00 42.52 0 40400.00 40400.00
15/09/2008 41.70 41.30 42.90 41.90 0 47300.00 47300.00
16/09/2008 41.99 40.81 42.29 41.37 0 127100.00 127100.00
17/09/2008 41.10 40.56 43.00 40.73 0 277000.00 277000.00
18/09/2008 40.59 40.50 43.00 40.60 0 167100.00 167100.00
19/09/2008 43.56 42.67 44.22 43.70 0 102200.00 102200.00
22/09/2008 44.59 44.18 46.15 44.76 0 197700.00 197700.00
23/09/2008 44.55 43.50 45.16 43.50 0 101600.00 101600.00
24/09/2008 43.99 43.57 44.75 44.60 0 81800.00 81800.00
25/09/2008 45.00 44.39 45.99 45.50 0 70300.00 70300.00
26/09/2008 44.99 44.39 45.50 45.50 0 76400.00 76400.00
29/09/2008 44.01 41.80 45.50 43.50 0 60600.00 60600.00
30/09/2008 44.00 43.39 44.90 44.30 0 65700.00 65700.00
01/10/2008 43.50 42.50 45.94 45.37 0 81800.00 81800.00
02/10/2008 44.11 42.40 44.94 44.70 0 131800.00 131800.00
03/10/2008 44.70 42.10 45.86 42.10 0 34300.00 34300.00
06/10/2008 41.37 38.40 42.13 40.40 0 72700.00 72700.00
07/10/2008 41.49 38.17 42.00 38.82 0 42000.00 42000.00
08/10/2008 39.80 36.50 39.80 36.50 0 79100.00 79100.00
09/10/2008 37.13 35.81 37.90 37.00 0 346000.00 346000.00
10/10/2008 36.97 33.00 36.97 33.63 0 303200.00 303200.00
13/10/2008 34.01 34.01 37.48 36.50 0 99700.00 99700.00
14/10/2008 36.99 36.11 38.20 38.00 0 99500.00 99500.00
15/10/2008 37.99 32.50 37.99 34.06 0 44300.00 44300.00
16/10/2008 34.33 34.26 37.59 35.50 0 97600.00 97600.00
17/10/2008 34.45 33.51 35.27 34.12 0 48300.00 48300.00
20/10/2008 34.99 34.32 35.80 34.65 0 45300.00 45300.00
21/10/2008 34.64 32.50 35.00 33.87 0 102500.00 102500.00
22/10/2008 33.50 31.80 33.58 32.00 0 75800.00 75800.00
23/10/2008 31.30 31.00 32.00 31.00 0 156700.00 156700.00
24/10/2008 30.79 29.20 30.79 29.20 0 77900.00 77900.00
27/10/2008 29.58 28.27 31.80 28.30 0 71300.00 71300.00
28/10/2008 29.21 27.93 30.99 30.30 0 86200.00 86200.00
29/10/2008 31.21 29.02 33.10 33.10 0 91000.00 91000.00
30/10/2008 33.10 32.02 33.80 32.33 0 114400.00 114400.00
31/10/2008 32.88 32.03 34.00 33.65 0 95800.00 95800.00
03/11/2008 33.66 32.61 33.90 33.90 0 156000.00 156000.00
04/11/2008 34.50 33.91 36.00 35.88 0 72100.00 72100.00
05/11/2008 35.88 35.00 36.24 35.65 0 73800.00 73800.00
06/11/2008 36.65 34.00 36.65 34.28 0 80100.00 80100.00
07/11/2008 34.28 33.67 35.00 34.00 0 53500.00 53500.00
10/11/2008 35.69 33.24 35.69 33.43 0 62800.00 62800.00
11/11/2008 33.99 33.13 35.96 34.70 0 50100.00 50100.00
12/11/2008 34.71 33.62 35.95 34.11 0 584400.00 584400.00
13/11/2008 33.22 33.10 35.35 33.88 0 146800.00 146800.00
14/11/2008 34.69 32.51 34.69 33.12 0 100600.00 100600.00
17/11/2008 32.51 32.51 35.89 34.24 0 78700.00 78700.00
18/11/2008 33.41 33.00 34.99 33.65 0 76000.00 76000.00
19/11/2008 33.64 33.33 35.00 35.00 0 47500.00 47500.00
21/11/2008 33.01 33.00 35.50 33.43 0 53300.00 53300.00
24/11/2008 35.40 33.52 35.40 34.07 0 51300.00 51300.00
25/11/2008 33.47 33.39 34.82 33.39 0 48900.00 48900.00
26/11/2008 33.42 33.41 34.36 34.30 0 178700.00 178700.00
27/11/2008 34.63 33.98 35.06 35.05 0 58400.00 58400.00
28/11/2008 34.21 34.21 35.75 35.15 0 76400.00 76400.00
01/12/2008 34.85 33.30 35.12 33.55 0 54500.00 54500.00
02/12/2008 34.50 33.71 35.00 34.85 0 41800.00 41800.00
03/12/2008 33.85 33.25 34.69 34.60 0 328100.00 328100.00
04/12/2008 34.57 33.67 34.59 34.00 0 280800.00 280800.00
05/12/2008 34.00 33.40 34.35 34.30 0 37100.00 37100.00
08/12/2008 34.34 34.34 35.79 35.70 0 73300.00 73300.00
09/12/2008 35.79 34.68 36.05 36.00 0 47600.00 47600.00
10/12/2008 36.20 35.41 36.32 35.80 0 95600.00 95600.00
11/12/2008 36.00 35.26 36.19 35.60 0 69000.00 69000.00
12/12/2008 36.00 34.66 36.50 35.95 0 42200.00 42200.00
15/12/2008 35.08 34.96 35.82 35.35 0 45800.00 45800.00
16/12/2008 35.11 35.11 36.67 36.00 0 49400.00 49400.00
17/12/2008 35.97 35.31 36.10 35.80 0 98600.00 98600.00
18/12/2008 35.45 35.30 36.98 36.40 0 61300.00 61300.00
19/12/2008 36.28 35.60 37.17 36.51 0 34100.00 34100.00
22/12/2008 36.51 35.08 37.00 36.60 0 33000.00 33000.00
23/12/2008 36.17 35.80 37.12 35.80 0 50700.00 50700.00
26/12/2008 35.85 35.32 35.87 35.40 0 28400.00 28400.00
29/12/2008 35.34 35.30 36.57 35.89 0 29800.00 29800.00
30/12/2008 35.51 34.90 37.58 34.90 0 82300.00 82300.00
02/01/2009 34.40 34.40 36.00 35.89 0 24100.00 24100.00
05/01/2009 36.70 35.62 36.70 36.00 0 64100.00 64100.00
06/01/2009 36.37 35.75 36.39 36.00 0 83000.00 83000.00
07/01/2009 35.74 34.68 35.78 34.81 0 292300.00 292300.00
08/01/2009 35.38 34.86 35.94 35.80 0 46900.00 46900.00
09/01/2009 35.10 34.58 35.85 35.37 0 27100.00 27100.00
12/01/2009 34.80 34.43 35.66 34.50 0 52500.00 52500.00
13/01/2009 34.50 34.50 35.67 35.50 0 47700.00 47700.00
14/01/2009 35.04 34.23 35.50 34.64 0 30600.00 30600.00
15/01/2009 34.31 34.27 35.30 35.30 0 27700.00 27700.00
16/01/2009 34.50 34.50 35.45 34.69 0 65400.00 65400.00
19/01/2009 35.26 34.36 35.34 34.90 0 50800.00 50800.00
20/01/2009 34.32 33.11 34.32 33.15 0 94000.00 94000.00
21/01/2009 33.20 33.20 34.21 34.05 0 88600.00 88600.00
22/01/2009 33.78 33.11 34.19 34.00 0 55800.00 55800.00
23/01/2009 33.15 32.66 34.09 33.79 0 32700.00 32700.00
26/01/2009 33.80 33.01 34.29 33.95 0 31600.00 31600.00
27/01/2009 34.30 33.00 34.30 33.80 0 30700.00 30700.00
28/01/2009 34.20 33.49 34.72 33.50 0 588400.00 588400.00
29/01/2009 33.23 33.00 34.45 33.78 0 23100.00 23100.00
30/01/2009 33.31 32.71 34.29 33.99 0 55400.00 55400.00
02/02/2009 33.01 32.54 33.36 32.60 0 30500.00 30500.00
03/02/2009 32.25 31.90 33.75 33.75 0 33200.00 33200.00
04/02/2009 33.31 32.30 33.33 32.60 0 85100.00 85100.00
05/02/2009 33.15 32.51 33.50 33.50 0 51400.00 51400.00
06/02/2009 33.21 32.51 33.25 32.75 0 36100.00 36100.00
09/02/2009 32.99 32.81 33.38 33.19 0 60700.00 60700.00
10/02/2009 32.81 32.34 33.77 32.41 0 118300.00 118300.00
11/02/2009 32.51 32.31 33.49 33.15 0 42600.00 42600.00
12/02/2009 32.89 32.35 32.89 32.69 0 52900.00 52900.00
13/02/2009 33.02 32.60 33.30 33.20 0 19100.00 19100.00
16/02/2009 33.20 32.41 33.20 32.60 0 27800.00 27800.00
17/02/2009 32.60 32.25 32.91 32.91 0 38400.00 38400.00
18/02/2009 32.32 31.98 32.99 32.99 0 103000.00 103000.00
19/02/2009 32.99 32.15 32.99 32.15 0 40000.00 40000.00
20/02/2009 32.38 32.13 33.04 32.90 0 35800.00 35800.00
25/02/2009 32.24 31.76 32.96 32.17 0 40800.00 40800.00
26/02/2009 32.17 31.59 32.46 31.90 0 68200.00 68200.00
27/02/2009 31.00 31.00 32.97 32.45 0 55000.00 55000.00
02/03/2009 31.70 31.01 32.39 32.00 0 65500.00 65500.00
03/03/2009 31.41 31.30 32.05 31.30 0 63300.00 63300.00
04/03/2009 32.19 31.25 32.37 31.65 0 288300.00 288300.00
05/03/2009 31.10 31.10 31.96 31.40 0 19900.00 19900.00
06/03/2009 31.16 31.16 32.29 31.84 0 51600.00 51600.00
09/03/2009 31.30 31.15 31.89 31.19 0 41800.00 41800.00
10/03/2009 31.75 31.37 32.20 32.20 0 50600.00 50600.00
11/03/2009 32.52 31.49 32.78 31.56 0 34400.00 34400.00
12/03/2009 31.34 31.34 32.10 32.10 0 16200.00 16200.00
13/03/2009 31.51 31.46 32.01 31.91 0 52600.00 52600.00
16/03/2009 32.00 31.45 32.53 31.45 0 53100.00 53100.00
17/03/2009 31.99 31.29 31.99 31.78 0 43700.00 43700.00
