01/01/2003 1.01 1.01 1.01 1.01 0 0.00 0.00
02/01/2003 1.01 1.01 1.01 1.01 0 0.00 0.00
03/01/2003 1.01 1.01 1.01 1.01 0 0.00 0.00
06/01/2003 1.54 1.54 1.54 1.54 0 0.00 0.00
07/01/2003 1.01 1.01 1.01 1.01 0 0.00 0.00
08/01/2003 1.01 1.01 1.01 1.01 0 0.00 0.00
09/01/2003 1.01 1.01 1.01 1.01 0 0.00 0.00
10/01/2003 1.01 1.01 1.01 1.01 0 0.00 0.00
13/01/2003 1.01 1.01 1.01 1.01 0 0.00 0.00
14/01/2003 1.01 1.01 1.01 1.01 0 0.00 0.00
15/01/2003 1.01 1.01 1.01 1.01 0 0.00 0.00
16/01/2003 1.01 1.01 1.01 1.01 0 0.00 0.00
17/01/2003 1.01 1.01 1.01 1.01 0 0.00 0.00
20/01/2003 1.01 1.01 1.01 1.01 0 0.00 0.00
21/01/2003 1.01 1.01 1.01 1.01 0 0.00 0.00
22/01/2003 1.01 1.01 1.01 1.01 0 0.00 0.00
23/01/2003 1.01 1.01 1.01 1.01 0 0.00 0.00
24/01/2003 1.01 1.01 1.01 1.01 0 0.00 0.00
27/01/2003 1.01 1.01 1.01 1.01 0 0.00 0.00
28/01/2003 1.01 1.01 1.01 1.01 0 0.00 0.00
29/01/2003 1.01 1.01 1.01 1.01 0 0.00 0.00
30/01/2003 1.01 1.01 1.01 1.01 0 0.00 0.00
31/01/2003 1.01 1.01 1.01 1.01 0 0.00 0.00
03/02/2003 1.01 1.01 1.01 1.01 0 0.00 0.00
04/02/2003 1.01 1.01 1.01 1.01 0 0.00 0.00
05/02/2003 1.01 1.01 1.01 1.01 0 0.00 0.00
06/02/2003 1.01 1.01 1.01 1.01 0 0.00 0.00
07/02/2003 1.01 1.01 1.01 1.01 0 0.00 0.00
10/02/2003 1.44 1.44 1.44 1.44 0 0.00 0.00
11/02/2003 1.44 1.44 1.44 1.44 0 0.00 0.00
12/02/2003 1.44 1.44 1.44 1.44 0 0.00 0.00
13/02/2003 1.44 1.44 1.44 1.44 0 0.00 0.00
14/02/2003 1.44 1.44 1.44 1.44 0 0.00 0.00
17/02/2003 1.44 1.44 1.44 1.44 0 0.00 0.00
18/02/2003 1.44 1.44 1.44 1.44 0 0.00 0.00
19/02/2003 1.44 1.44 1.44 1.44 0 0.00 0.00
20/02/2003 1.44 1.44 1.44 1.44 0 0.00 0.00
21/02/2003 1.44 1.44 1.44 1.44 0 0.00 0.00
24/02/2003 1.44 1.44 1.44 1.44 0 0.00 0.00
25/02/2003 1.44 1.44 1.44 1.44 0 0.00 0.00
26/02/2003 1.44 1.44 1.44 1.44 0 0.00 0.00
27/02/2003 1.44 1.44 1.44 1.44 0 0.00 0.00
28/02/2003 1.44 1.44 1.44 1.44 0 0.00 0.00
03/03/2003 1.01 1.01 1.01 1.01 0 0.00 0.00
04/03/2003 1.01 1.01 1.01 1.01 0 0.00 0.00
05/03/2003 1.44 1.44 1.44 1.44 0 0.00 0.00
06/03/2003 1.01 1.01 1.01 1.01 0 0.00 0.00
07/03/2003 1.01 1.01 1.01 1.01 0 0.00 0.00
10/03/2003 1.01 1.01 1.01 1.01 0 0.00 0.00
11/03/2003 1.01 1.01 1.01 1.01 0 0.00 0.00
12/03/2003 1.01 1.01 1.01 1.01 0 0.00 0.00
13/03/2003 1.01 1.01 1.01 1.01 0 0.00 0.00
14/03/2003 1.01 1.01 1.01 1.01 0 0.00 0.00
17/03/2003 1.01 1.01 1.01 1.01 0 0.00 0.00
18/03/2003 1.01 1.01 1.01 1.01 0 0.00 0.00
19/03/2003 1.01 1.01 1.01 1.01 0 0.00 0.00
20/03/2003 1.01 1.01 1.01 1.01 0 0.00 0.00
21/03/2003 1.01 1.01 1.01 1.01 0 0.00 0.00
24/03/2003 1.01 1.01 1.01 1.01 0 0.00 0.00
25/03/2003 0.38 0.38 0.38 0.38 0 0.00 0.00
26/03/2003 1.01 1.01 1.01 1.01 0 0.00 0.00
27/03/2003 1.01 1.01 1.01 1.01 0 0.00 0.00
28/03/2003 1.01 1.01 1.01 1.01 0 0.00 0.00
31/03/2003 1.01 1.01 1.01 1.01 0 0.00 0.00
01/04/2003 1.01 1.01 1.01 1.01 0 0.00 0.00
02/04/2003 1.01 1.01 1.01 1.01 0 0.00 0.00
03/04/2003 1.01 1.01 1.01 1.01 0 0.00 0.00
04/04/2003 1.01 1.01 1.01 1.01 0 0.00 0.00
07/04/2003 1.01 1.01 1.01 1.01 0 0.00 0.00
08/04/2003 1.01 1.01 1.01 1.01 0 0.00 0.00
09/04/2003 1.01 1.01 1.01 1.01 0 0.00 0.00
10/04/2003 1.01 1.01 1.01 1.01 0 0.00 0.00
11/04/2003 1.01 1.01 1.01 1.01 0 0.00 0.00
14/04/2003 1.01 1.01 1.01 1.01 0 0.00 0.00
15/04/2003 1.01 1.01 1.01 1.01 0 0.00 0.00
16/04/2003 1.01 1.01 1.01 1.01 0 0.00 0.00
17/04/2003 1.01 1.01 1.01 1.01 0 0.00 0.00
18/04/2003 1.01 1.01 1.01 1.01 0 0.00 0.00
21/04/2003 1.01 1.01 1.01 1.01 0 0.00 0.00
22/04/2003 1.01 1.01 1.01 1.01 0 0.00 0.00
23/04/2003 1.01 1.01 1.01 1.01 0 0.00 0.00
24/04/2003 1.01 1.01 1.01 1.01 0 0.00 0.00
25/04/2003 1.01 1.01 1.01 1.01 0 0.00 0.00
28/04/2003 1.01 1.01 1.01 1.01 0 0.00 0.00
29/04/2003 1.01 1.01 1.01 1.01 0 0.00 0.00
30/04/2003 1.01 1.01 1.01 1.01 0 0.00 0.00
01/05/2003 1.01 1.01 1.01 1.01 0 0.00 0.00
02/05/2003 1.01 1.01 1.01 1.01 0 0.00 0.00
05/05/2003 1.01 1.01 1.01 1.01 0 0.00 0.00
06/05/2003 1.01 1.01 1.01 1.01 0 0.00 0.00
07/05/2003 1.01 1.01 1.01 1.01 0 0.00 0.00
08/05/2003 1.01 1.01 1.01 1.01 0 0.00 0.00
09/05/2003 1.01 1.01 1.01 1.01 0 0.00 0.00
12/05/2003 1.01 1.01 1.01 1.01 0 0.00 0.00
13/05/2003 1.01 1.01 1.01 1.01 0 0.00 0.00
14/05/2003 1.01 1.01 1.01 1.01 0 0.00 0.00
15/05/2003 1.01 1.01 1.01 1.01 0 0.00 0.00
16/05/2003 1.01 1.01 1.01 1.01 0 0.00 0.00
19/05/2003 1.01 1.01 1.01 1.01 0 0.00 0.00
20/05/2003 1.01 1.01 1.01 1.01 0 0.00 0.00
21/05/2003 1.01 1.01 1.01 1.01 0 0.00 0.00
22/05/2003 1.01 1.01 1.01 1.01 0 0.00 0.00
23/05/2003 1.01 1.01 1.01 1.01 0 0.00 0.00
26/05/2003 1.01 1.01 1.01 1.01 0 0.00 0.00
27/05/2003 1.01 1.01 1.01 1.01 0 0.00 0.00
28/05/2003 1.01 1.01 1.01 1.01 0 0.00 0.00
29/05/2003 1.01 1.01 1.01 1.01 0 0.00 0.00
30/05/2003 1.01 1.01 1.01 1.01 0 0.00 0.00
02/06/2003 1.01 1.01 1.01 1.01 0 0.00 0.00
03/06/2003 1.01 1.01 1.01 1.01 0 0.00 0.00
04/06/2003 1.01 1.01 1.01 1.01 0 0.00 0.00
05/06/2003 1.01 1.01 1.01 1.01 0 0.00 0.00
06/06/2003 1.01 1.01 1.01 1.01 0 0.00 0.00
09/06/2003 1.01 1.01 1.01 1.01 0 0.00 0.00
10/06/2003 1.01 1.01 1.01 1.01 0 0.00 0.00
11/06/2003 1.01 1.01 1.01 1.01 0 0.00 0.00
12/06/2003 1.01 1.01 1.01 1.01 0 0.00 0.00
13/06/2003 1.01 1.01 1.01 1.01 0 0.00 0.00
16/06/2003 1.01 1.01 1.01 1.01 0 0.00 0.00
17/06/2003 1.01 1.01 1.01 1.01 0 0.00 0.00
18/06/2003 1.01 1.01 1.01 1.01 0 0.00 0.00
19/06/2003 1.01 1.01 1.01 1.01 0 0.00 0.00
20/06/2003 1.01 1.01 1.01 1.01 0 0.00 0.00
23/06/2003 1.92 1.92 1.92 1.92 0 0.00 0.00
24/06/2003 1.92 1.92 1.92 1.92 0 0.00 0.00
25/06/2003 0.48 0.48 1.92 0.48 0 0.00 0.00
26/06/2003 1.92 1.92 1.92 1.92 0 0.00 0.00
27/06/2003 1.92 1.92 1.92 1.92 0 0.00 0.00
30/06/2003 1.92 1.92 1.92 1.92 0 0.00 0.00
01/07/2003 1.92 1.92 1.92 1.92 0 0.00 0.00
02/07/2003 1.92 1.92 1.92 1.92 0 0.00 0.00
03/07/2003 1.92 1.92 1.92 1.92 0 0.00 0.00
04/07/2003 1.92 1.92 1.92 1.92 0 0.00 0.00
07/07/2003 1.92 1.92 1.92 1.92 0 0.00 0.00
08/07/2003 1.92 1.92 1.92 1.92 0 0.00 0.00
09/07/2003 0.48 0.48 0.48 0.48 0 0.00 0.00
10/07/2003 1.92 1.92 1.92 1.92 0 0.00 0.00
11/07/2003 1.92 1.92 1.92 1.92 0 0.00 0.00
14/07/2003 1.44 1.44 1.44 1.44 0 0.00 0.00
15/07/2003 1.44 1.44 1.44 1.44 0 0.00 0.00
16/07/2003 1.44 1.44 1.44 1.44 0 0.00 0.00
17/07/2003 1.44 1.44 1.44 1.44 0 0.00 0.00
18/07/2003 1.44 1.44 1.44 1.44 0 0.00 0.00
21/07/2003 1.44 1.44 1.44 1.44 0 0.00 0.00
22/07/2003 1.44 1.44 1.44 1.44 0 0.00 0.00
23/07/2003 1.44 1.44 1.44 1.44 0 0.00 0.00
24/07/2003 1.44 1.44 1.44 1.44 0 0.00 0.00
25/07/2003 1.44 1.44 1.44 1.44 0 0.00 0.00
28/07/2003 1.44 1.44 1.44 1.44 0 0.00 0.00
29/07/2003 1.44 1.44 1.44 1.44 0 0.00 0.00
30/07/2003 1.06 1.06 1.06 1.06 0 0.00 0.00
31/07/2003 1.06 1.06 1.06 1.06 0 0.00 0.00
01/08/2003 0.96 0.96 0.96 0.96 0 0.00 0.00
04/08/2003 0.96 0.96 0.96 0.96 0 0.00 0.00
05/08/2003 0.96 0.96 0.96 0.96 0 0.00 0.00
06/08/2003 0.10 0.10 0.96 0.10 0 0.00 0.00
07/08/2003 0.96 0.96 0.96 0.96 0 0.00 0.00
08/08/2003 0.96 0.96 0.96 0.96 0 0.00 0.00
11/08/2003 0.96 0.96 0.96 0.96 0 0.00 0.00
12/08/2003 0.10 0.10 0.10 0.10 0 0.00 0.00
13/08/2003 0.96 0.96 0.96 0.96 0 0.00 0.00
14/08/2003 0.96 0.96 0.96 0.96 0 0.00 0.00
15/08/2003 0.96 0.96 0.96 0.96 0 0.00 0.00
18/08/2003 0.96 0.96 0.96 0.96 0 0.00 0.00
19/08/2003 0.96 0.96 0.96 0.96 0 0.00 0.00
20/08/2003 0.96 0.96 0.96 0.96 0 0.00 0.00
21/08/2003 0.96 0.96 0.96 0.96 0 0.00 0.00
22/08/2003 0.96 0.96 0.96 0.96 0 0.00 0.00
25/08/2003 0.19 0.19 0.96 0.19 0 0.00 0.00
26/08/2003 0.96 0.96 0.96 0.96 0 0.00 0.00
27/08/2003 0.96 0.96 0.96 0.96 0 0.00 0.00
28/08/2003 0.96 0.96 0.96 0.96 0 0.00 0.00
29/08/2003 0.96 0.96 0.96 0.96 0 0.00 0.00
01/09/2003 0.96 0.96 0.96 0.96 0 0.00 0.00
02/09/2003 0.96 0.96 0.96 0.96 0 0.00 0.00
03/09/2003 0.48 0.48 0.96 0.48 0 0.00 0.00
04/09/2003 0.48 0.48 0.48 0.48 0 0.00 0.00
05/09/2003 0.73 0.73 0.91 0.73 0 0.00 0.00
08/09/2003 0.72 0.72 1.01 0.72 0 0.00 0.00
09/09/2003 0.62 0.62 1.01 0.62 0 0.00 0.00
10/09/2003 0.72 0.72 1.44 0.72 0 0.00 0.00
11/09/2003 0.77 0.77 1.44 0.77 0 0.00 0.00
12/09/2003 0.72 0.72 1.44 0.72 0 0.00 0.00
15/09/2003 0.72 0.72 1.44 0.72 0 0.00 0.00
16/09/2003 0.72 0.72 1.10 0.72 0 0.00 0.00
17/09/2003 1.10 1.10 1.10 1.10 0 0.00 0.00
18/09/2003 1.10 1.10 1.10 1.10 0 0.00 0.00
19/09/2003 1.10 1.10 1.10 1.10 0 0.00 0.00
22/09/2003 1.10 1.10 1.10 1.10 0 0.00 0.00
23/09/2003 1.10 1.10 1.10 1.10 0 0.00 0.00
24/09/2003 1.10 1.10 1.10 1.10 0 0.00 0.00
25/09/2003 1.10 1.10 1.10 1.10 0 0.00 0.00
26/09/2003 1.10 1.10 1.10 1.10 0 0.00 0.00
29/09/2003 1.10 1.10 1.10 1.10 0 0.00 0.00
30/09/2003 1.10 1.10 1.10 1.10 0 0.00 0.00
01/10/2003 0.90 0.90 0.90 0.90 0 4100.00 4100.00
02/10/2003 1.06 1.06 1.06 1.06 0 0.00 0.00
03/10/2003 1.06 1.06 1.06 1.06 0 0.00 0.00
06/10/2003 1.06 1.06 1.06 1.06 0 0.00 0.00
07/10/2003 1.06 1.06 1.06 1.06 0 0.00 0.00
08/10/2003 0.34 0.34 1.06 0.34 0 0.00 0.00
09/10/2003 0.34 0.34 1.06 0.34 0 0.00 0.00
10/10/2003 0.34 0.34 1.06 0.34 0 0.00 0.00
13/10/2003 0.34 0.34 0.90 0.34 0 0.00 0.00
14/10/2003 0.34 0.34 0.90 0.34 0 0.00 0.00
15/10/2003 0.34 0.34 0.90 0.34 0 0.00 0.00
16/10/2003 0.34 0.34 0.90 0.34 0 0.00 0.00
17/10/2003 0.34 0.34 0.90 0.34 0 0.00 0.00
20/10/2003 0.34 0.34 0.90 0.34 0 0.00 0.00
21/10/2003 0.34 0.34 0.90 0.34 0 0.00 0.00
22/10/2003 0.34 0.34 0.90 0.34 0 0.00 0.00
23/10/2003 0.34 0.34 0.90 0.34 0 0.00 0.00
24/10/2003 0.34 0.34 0.90 0.34 0 0.00 0.00
27/10/2003 0.34 0.34 0.90 0.34 0 0.00 0.00
28/10/2003 0.34 0.34 0.90 0.34 0 0.00 0.00
29/10/2003 0.34 0.34 0.90 0.34 0 0.00 0.00
30/10/2003 0.34 0.34 0.90 0.34 0 0.00 0.00
31/10/2003 0.34 0.34 0.90 0.34 0 0.00 0.00
03/11/2003 0.34 0.34 0.90 0.34 0 0.00 0.00
04/11/2003 0.34 0.34 0.90 0.34 0 0.00 0.00
05/11/2003 0.34 0.34 0.90 0.34 0 0.00 0.00
06/11/2003 0.34 0.34 0.90 0.34 0 0.00 0.00
07/11/2003 0.34 0.34 0.90 0.34 0 0.00 0.00
10/11/2003 0.34 0.34 0.90 0.34 0 0.00 0.00
11/11/2003 0.34 0.34 0.90 0.34 0 0.00 0.00
12/11/2003 0.34 0.34 0.90 0.34 0 0.00 0.00
13/11/2003 0.34 0.34 0.90 0.34 0 0.00 0.00
14/11/2003 0.34 0.34 0.90 0.34 0 0.00 0.00
17/11/2003 0.34 0.34 0.90 0.34 0 0.00 0.00
18/11/2003 0.34 0.34 0.90 0.34 0 0.00 0.00
19/11/2003 0.34 0.34 0.90 0.34 0 0.00 0.00
20/11/2003 0.34 0.34 0.90 0.34 0 0.00 0.00
21/11/2003 0.34 0.34 0.90 0.34 0 0.00 0.00
24/11/2003 0.34 0.34 0.90 0.34 0 0.00 0.00
25/11/2003 0.34 0.34 0.90 0.34 0 0.00 0.00
26/11/2003 0.34 0.34 0.90 0.34 0 0.00 0.00
27/11/2003 0.34 0.34 0.90 0.34 0 0.00 0.00
28/11/2003 0.34 0.34 0.90 0.34 0 0.00 0.00
01/12/2003 0.34 0.34 0.90 0.34 0 0.00 0.00
02/12/2003 0.34 0.34 0.90 0.34 0 0.00 0.00
03/12/2003 0.34 0.34 0.90 0.34 0 0.00 0.00
04/12/2003 0.34 0.34 0.90 0.34 0 0.00 0.00
05/12/2003 0.34 0.34 1.10 0.34 0 0.00 0.00
08/12/2003 0.34 0.34 0.90 0.34 0 0.00 0.00
09/12/2003 0.34 0.34 0.90 0.34 0 0.00 0.00
10/12/2003 0.90 0.90 0.90 0.90 0 4100.00 4100.00
11/12/2003 0.34 0.34 1.10 0.34 0 0.00 0.00
12/12/2003 0.34 0.34 1.10 0.34 0 0.00 0.00
15/12/2003 0.34 0.34 1.10 0.34 0 0.00 0.00
16/12/2003 0.34 0.34 1.10 0.34 0 0.00 0.00
17/12/2003 0.34 0.34 1.10 0.34 0 0.00 0.00
18/12/2003 0.34 0.34 1.10 0.34 0 0.00 0.00
19/12/2003 0.34 0.34 1.10 0.34 0 0.00 0.00
22/12/2003 0.34 0.34 1.10 0.34 0 0.00 0.00
23/12/2003 0.34 0.34 1.10 0.34 0 0.00 0.00
24/12/2003 0.34 0.34 0.34 0.34 0 0.00 0.00
25/12/2003 0.34 0.34 0.34 0.34 0 0.00 0.00
26/12/2003 0.34 0.34 1.10 0.34 0 0.00 0.00
29/12/2003 0.34 0.34 1.10 0.34 0 0.00 0.00
30/12/2003 0.90 0.90 1.06 0.90 0 0.00 0.00
31/12/2003 0.90 0.90 0.90 0.90 0 0.00 0.00
01/01/2004 0.90 0.90 0.90 0.90 0 0.00 0.00
02/01/2004 1.10 1.10 1.10 1.10 0 0.00 0.00
05/01/2004 1.06 1.06 1.06 1.06 0 0.00 0.00
06/01/2004 1.06 1.06 1.06 1.06 0 0.00 0.00
07/01/2004 1.06 1.06 1.06 1.06 0 0.00 0.00
08/01/2004 0.96 0.96 0.96 0.96 0 0.00 0.00
09/01/2004 0.91 0.91 1.06 0.91 0 0.00 0.00
12/01/2004 0.90 0.90 0.90 0.90 0 0.00 0.00
13/01/2004 0.90 0.90 0.90 0.90 0 0.00 0.00
14/01/2004 0.90 0.90 0.90 0.90 0 0.00 0.00
15/01/2004 0.90 0.90 0.90 0.90 0 0.00 0.00
16/01/2004 0.90 0.90 0.90 0.90 0 0.00 0.00
19/01/2004 0.90 0.90 0.90 0.90 0 0.00 0.00
20/01/2004 0.90 0.90 0.90 0.90 0 0.00 0.00
21/01/2004 1.09 1.09 1.09 1.09 0 0.00 0.00
22/01/2004 0.90 0.90 0.90 0.90 0 0.00 0.00
23/01/2004 0.90 0.90 0.90 0.90 0 0.00 0.00
26/01/2004 0.90 0.90 0.90 0.90 0 0.00 0.00
27/01/2004 0.90 0.90 0.90 0.90 0 0.00 0.00
28/01/2004 0.90 0.90 0.90 0.90 0 0.00 0.00
29/01/2004 0.90 0.90 0.90 0.90 0 0.00 0.00
30/01/2004 0.90 0.90 0.90 0.90 0 0.00 0.00
02/02/2004 0.90 0.90 0.90 0.90 0 0.00 0.00
03/02/2004 0.90 0.90 0.90 0.90 0 0.00 0.00
04/02/2004 0.90 0.90 0.90 0.90 0 0.00 0.00
05/02/2004 0.90 0.90 0.90 0.90 0 0.00 0.00
06/02/2004 0.90 0.90 0.90 0.90 0 0.00 0.00
09/02/2004 0.90 0.90 0.90 0.90 0 0.00 0.00
10/02/2004 1.10 1.10 1.10 1.10 0 0.00 0.00
11/02/2004 0.77 0.77 0.90 0.77 0 0.00 0.00
12/02/2004 0.77 0.77 0.90 0.77 0 0.00 0.00
13/02/2004 0.77 0.77 0.90 0.77 0 0.00 0.00
16/02/2004 0.77 0.77 0.90 0.77 0 0.00 0.00
17/02/2004 0.77 0.77 1.92 0.77 0 0.00 0.00
18/02/2004 0.77 0.77 0.90 0.77 0 0.00 0.00
19/02/2004 0.77 0.77 0.90 0.77 0 0.00 0.00
20/02/2004 0.77 0.77 0.90 0.77 0 0.00 0.00
23/02/2004 0.77 0.77 0.77 0.77 0 0.00 0.00
24/02/2004 0.77 0.77 0.77 0.77 0 0.00 0.00
25/02/2004 0.77 0.77 0.90 0.77 0 0.00 0.00
26/02/2004 0.77 0.77 1.10 0.77 0 0.00 0.00
27/02/2004 0.77 0.77 1.10 0.77 0 0.00 0.00
01/03/2004 0.77 0.77 1.10 0.77 0 0.00 0.00
02/03/2004 0.77 0.77 1.10 0.77 0 0.00 0.00
03/03/2004 0.77 0.77 1.10 0.77 0 0.00 0.00
04/03/2004 0.77 0.77 0.90 0.77 0 0.00 0.00
05/03/2004 0.77 0.77 0.90 0.77 0 0.00 0.00
08/03/2004 0.77 0.77 0.90 0.77 0 0.00 0.00
09/03/2004 0.77 0.77 0.96 0.77 0 0.00 0.00
10/03/2004 0.77 0.77 1.10 0.77 0 0.00 0.00
11/03/2004 0.77 0.77 0.90 0.77 0 0.00 0.00
12/03/2004 0.77 0.77 0.90 0.77 0 0.00 0.00
15/03/2004 0.77 0.77 0.77 0.77 0 4100.00 4100.00
16/03/2004 0.77 0.77 0.96 0.77 0 0.00 0.00
17/03/2004 0.77 0.77 0.77 0.77 0 3100.00 3100.00
18/03/2004 0.77 0.77 0.77 0.77 0 0.00 0.00
19/03/2004 0.77 0.77 0.77 0.77 0 0.00 0.00
22/03/2004 0.77 0.77 0.77 0.77 0 0.00 0.00
23/03/2004 0.77 0.77 0.77 0.77 0 0.00 0.00
24/03/2004 0.77 0.77 0.77 0.77 0 0.00 0.00
25/03/2004 0.77 0.77 1.10 0.77 0 0.00 0.00
26/03/2004 0.77 0.77 1.10 0.77 0 0.00 0.00
29/03/2004 0.77 0.77 1.10 0.77 0 0.00 0.00
30/03/2004 0.77 0.77 1.10 0.77 0 0.00 0.00
31/03/2004 0.77 0.77 1.10 0.77 0 0.00 0.00
01/04/2004 0.77 0.77 1.10 0.77 0 0.00 0.00
02/04/2004 0.77 0.77 0.77 0.77 0 0.00 0.00
05/04/2004 0.77 0.77 0.77 0.77 0 0.00 0.00
06/04/2004 0.77 0.77 0.77 0.77 0 0.00 0.00
07/04/2004 0.77 0.77 0.77 0.77 0 0.00 0.00
08/04/2004 0.77 0.77 0.77 0.77 0 0.00 0.00
09/04/2004 0.77 0.77 0.77 0.77 0 0.00 0.00
12/04/2004 0.77 0.77 0.77 0.77 0 0.00 0.00
13/04/2004 0.96 0.96 0.96 0.96 0 0.00 0.00
14/04/2004 0.96 0.96 0.96 0.96 0 0.00 0.00
15/04/2004 0.53 0.53 0.96 0.53 0 0.00 0.00
16/04/2004 0.78 0.78 0.96 0.78 0 0.00 0.00
19/04/2004 0.78 0.78 0.78 0.78 0 0.00 0.00
20/04/2004 0.78 0.78 0.78 0.78 0 0.00 0.00
21/04/2004 0.78 0.78 0.78 0.78 0 0.00 0.00
22/04/2004 0.78 0.78 0.78 0.78 0 0.00 0.00
23/04/2004 0.78 0.78 0.78 0.78 0 0.00 0.00
26/04/2004 0.78 0.78 0.78 0.78 0 0.00 0.00
27/04/2004 0.78 0.78 0.78 0.78 0 0.00 0.00
28/04/2004 0.78 0.78 0.78 0.78 0 0.00 0.00
29/04/2004 0.78 0.78 0.78 0.78 0 0.00 0.00
30/04/2004 0.78 0.78 0.78 0.78 0 0.00 0.00
03/05/2004 0.78 0.78 0.78 0.78 0 0.00 0.00
04/05/2004 0.78 0.78 0.78 0.78 0 0.00 0.00
05/05/2004 0.78 0.78 0.78 0.78 0 0.00 0.00
06/05/2004 0.78 0.78 0.78 0.78 0 0.00 0.00
07/05/2004 0.78 0.78 0.78 0.78 0 0.00 0.00
10/05/2004 0.78 0.78 0.78 0.78 0 0.00 0.00
11/05/2004 0.78 0.78 0.78 0.78 0 0.00 0.00
12/05/2004 0.78 0.78 0.78 0.78 0 0.00 0.00
13/05/2004 0.78 0.78 0.78 0.78 0 0.00 0.00
14/05/2004 0.78 0.78 0.78 0.78 0 0.00 0.00
17/05/2004 0.78 0.78 0.78 0.78 0 0.00 0.00
18/05/2004 0.78 0.78 0.78 0.78 0 0.00 0.00
19/05/2004 0.78 0.78 0.78 0.78 0 0.00 0.00
20/05/2004 0.78 0.78 0.78 0.78 0 0.00 0.00
21/05/2004 0.78 0.78 0.78 0.78 0 0.00 0.00
24/05/2004 0.78 0.78 0.78 0.78 0 0.00 0.00
25/05/2004 0.78 0.78 0.78 0.78 0 0.00 0.00
26/05/2004 0.78 0.78 0.78 0.78 0 0.00 0.00
27/05/2004 0.78 0.78 0.78 0.78 0 0.00 0.00
28/05/2004 0.19 0.19 0.96 0.19 0 0.00 0.00
31/05/2004 0.19 0.19 0.19 0.19 0 0.00 0.00
01/06/2004 0.48 0.48 0.77 0.48 0 0.00 0.00
02/06/2004 0.82 0.82 0.82 0.82 0 4100.00 4100.00
03/06/2004 0.67 0.67 0.96 0.67 0 0.00 0.00
04/06/2004 0.67 0.67 0.67 0.67 0 0.00 0.00
07/06/2004 0.81 0.81 0.81 0.81 0 1000.00 1000.00
08/06/2004 0.72 0.72 0.72 0.72 0 3100.00 3100.00
09/06/2004 0.67 0.67 0.73 0.73 0 3100.00 3100.00
10/06/2004 0.73 0.73 0.73 0.73 0 0.00 0.00
11/06/2004 0.68 0.68 0.77 0.68 0 0.00 0.00
14/06/2004 0.68 0.68 0.73 0.68 0 0.00 0.00
15/06/2004 0.73 0.73 0.73 0.73 0 2000.00 2000.00
16/06/2004 0.73 0.73 0.73 0.73 0 0.00 0.00
17/06/2004 0.73 0.73 0.73 0.73 0 0.00 0.00
18/06/2004 0.73 0.73 0.73 0.73 0 0.00 0.00
21/06/2004 0.73 0.73 0.73 0.73 0 0.00 0.00
22/06/2004 0.73 0.73 0.73 0.73 0 0.00 0.00
23/06/2004 0.73 0.73 0.73 0.73 0 0.00 0.00
24/06/2004 0.73 0.73 0.73 0.73 0 0.00 0.00
25/06/2004 0.73 0.73 0.73 0.73 0 0.00 0.00
28/06/2004 0.69 0.69 1.92 0.69 0 0.00 0.00
29/06/2004 0.72 0.72 1.92 0.72 0 0.00 0.00
30/06/2004 0.72 0.72 0.72 0.72 0 0.00 0.00
01/07/2004 0.72 0.72 0.72 0.72 0 0.00 0.00
02/07/2004 0.72 0.72 0.72 0.72 0 0.00 0.00
05/07/2004 0.72 0.72 1.92 0.72 0 0.00 0.00
06/07/2004 0.72 0.72 0.72 0.72 0 0.00 0.00
07/07/2004 0.72 0.72 0.72 0.72 0 3100.00 3100.00
08/07/2004 0.72 0.72 0.72 0.72 0 0.00 0.00
09/07/2004 0.72 0.72 0.72 0.72 0 0.00 0.00
12/07/2004 0.72 0.72 0.72 0.72 0 0.00 0.00
13/07/2004 0.72 0.72 0.72 0.72 0 0.00 0.00
14/07/2004 0.72 0.72 0.96 0.72 0 0.00 0.00
15/07/2004 0.72 0.72 0.72 0.72 0 0.00 0.00
16/07/2004 0.72 0.72 0.72 0.72 0 0.00 0.00
19/07/2004 0.72 0.72 0.72 0.72 0 0.00 0.00
20/07/2004 0.72 0.72 0.72 0.72 0 0.00 0.00
21/07/2004 0.72 0.72 0.72 0.72 0 0.00 0.00
22/07/2004 0.72 0.72 0.72 0.72 0 0.00 0.00
23/07/2004 0.72 0.72 0.72 0.72 0 0.00 0.00
26/07/2004 0.72 0.72 0.72 0.72 0 0.00 0.00
27/07/2004 0.72 0.72 0.72 0.72 0 0.00 0.00
28/07/2004 0.72 0.72 0.72 0.72 0 0.00 0.00
29/07/2004 0.72 0.72 0.72 0.72 0 0.00 0.00
30/07/2004 0.74 0.74 0.74 0.74 0 1000.00 1000.00
02/08/2004 0.72 0.72 1.91 0.72 0 0.00 0.00
03/08/2004 0.72 0.72 0.72 0.72 0 0.00 0.00
04/08/2004 0.72 0.72 0.72 0.72 0 0.00 0.00
05/08/2004 0.72 0.72 0.72 0.72 0 0.00 0.00
06/08/2004 0.77 0.77 1.91 0.77 0 0.00 0.00
09/08/2004 0.77 0.77 0.77 0.77 0 0.00 0.00
10/08/2004 0.77 0.77 0.77 0.77 0 0.00 0.00
11/08/2004 0.77 0.77 0.77 0.77 0 0.00 0.00
12/08/2004 0.77 0.77 0.77 0.77 0 0.00 0.00
13/08/2004 0.77 0.77 0.77 0.77 0 0.00 0.00
16/08/2004 0.77 0.77 0.77 0.77 0 0.00 0.00
17/08/2004 0.77 0.77 0.77 0.77 0 0.00 0.00
18/08/2004 0.77 0.77 0.77 0.77 0 0.00 0.00
19/08/2004 0.77 0.77 0.77 0.77 0 0.00 0.00
20/08/2004 0.77 0.77 0.77 0.77 0 0.00 0.00
23/08/2004 0.77 0.77 0.77 0.77 0 0.00 0.00
24/08/2004 0.72 0.72 1.91 0.72 0 0.00 0.00
25/08/2004 0.72 0.72 0.72 0.72 0 0.00 0.00
26/08/2004 0.72 0.72 0.72 0.72 0 0.00 0.00
27/08/2004 0.72 0.72 0.72 0.72 0 0.00 0.00
30/08/2004 0.72 0.72 0.72 0.72 0 0.00 0.00
31/08/2004 0.72 0.72 0.72 0.72 0 0.00 0.00
01/09/2004 0.72 0.72 0.72 0.72 0 0.00 0.00
02/09/2004 0.72 0.72 0.72 0.72 0 0.00 0.00
03/09/2004 0.73 0.73 1.91 0.73 0 0.00 0.00
06/09/2004 0.73 0.73 0.73 0.73 0 0.00 0.00
07/09/2004 0.73 0.73 0.73 0.73 0 0.00 0.00
08/09/2004 0.73 0.73 0.73 0.73 0 0.00 0.00
09/09/2004 0.73 0.73 0.73 0.73 0 0.00 0.00
10/09/2004 0.73 0.73 0.73 0.73 0 0.00 0.00
13/09/2004 0.73 0.73 0.73 0.73 0 0.00 0.00
14/09/2004 0.73 0.73 0.73 0.73 0 0.00 0.00
15/09/2004 0.73 0.73 0.73 0.73 0 0.00 0.00
16/09/2004 0.74 0.74 1.91 0.74 0 0.00 0.00
17/09/2004 0.74 0.74 0.74 0.74 0 0.00 0.00
20/09/2004 0.75 0.75 1.91 0.75 0 0.00 0.00
21/09/2004 0.75 0.75 0.75 0.75 0 0.00 0.00
22/09/2004 0.75 0.75 0.75 0.75 0 0.00 0.00
23/09/2004 0.75 0.75 0.75 0.75 0 0.00 0.00
24/09/2004 0.75 0.75 0.75 0.75 0 0.00 0.00
27/09/2004 0.75 0.75 0.75 0.75 0 0.00 0.00
28/09/2004 0.75 0.75 0.75 0.75 0 0.00 0.00
29/09/2004 0.75 0.75 0.75 0.75 0 0.00 0.00
30/09/2004 0.76 0.76 1.91 0.76 0 0.00 0.00
01/10/2004 0.76 0.76 1.91 0.76 0 0.00 0.00
04/10/2004 0.76 0.76 1.91 0.76 0 0.00 0.00
05/10/2004 0.76 0.76 1.91 0.76 0 0.00 0.00
06/10/2004 0.76 0.76 0.76 0.76 0 0.00 0.00
07/10/2004 0.77 0.77 1.91 0.77 0 0.00 0.00
08/10/2004 0.77 0.77 0.77 0.77 0 0.00 0.00
11/10/2004 0.77 0.77 1.91 0.77 0 0.00 0.00
12/10/2004 0.77 0.77 0.77 0.77 0 0.00 0.00
13/10/2004 0.77 0.77 0.77 0.77 0 0.00 0.00
14/10/2004 0.77 0.77 0.77 0.77 0 0.00 0.00
15/10/2004 0.77 0.77 0.77 0.77 0 0.00 0.00
18/10/2004 0.77 0.77 0.77 0.77 0 0.00 0.00
19/10/2004 0.77 0.77 0.77 0.77 0 0.00 0.00
20/10/2004 0.77 0.77 0.77 0.77 0 0.00 0.00
21/10/2004 0.77 0.77 0.77 0.77 0 0.00 0.00
22/10/2004 0.77 0.77 0.77 0.77 0 0.00 0.00
25/10/2004 0.77 0.77 0.77 0.77 0 0.00 0.00
26/10/2004 0.77 0.77 0.77 0.77 0 0.00 0.00
27/10/2004 0.77 0.77 0.77 0.77 0 0.00 0.00
28/10/2004 0.77 0.77 0.77 0.77 0 0.00 0.00
29/10/2004 0.78 0.78 1.91 0.78 0 0.00 0.00
01/11/2004 0.78 0.78 0.78 0.78 0 0.00 0.00
02/11/2004 0.78 0.78 0.78 0.78 0 0.00 0.00
03/11/2004 0.78 0.78 0.78 0.78 0 0.00 0.00
04/11/2004 0.79 0.79 1.91 0.79 0 0.00 0.00
05/11/2004 0.79 0.79 0.79 0.79 0 0.00 0.00
08/11/2004 0.79 0.79 0.79 0.79 0 0.00 0.00
09/11/2004 0.79 0.79 0.79 0.79 0 0.00 0.00
10/11/2004 0.79 0.79 0.79 0.79 0 0.00 0.00
11/11/2004 0.79 0.79 0.79 0.79 0 0.00 0.00
12/11/2004 0.79 0.79 0.79 0.79 0 0.00 0.00
15/11/2004 0.79 0.79 0.79 0.79 0 0.00 0.00
16/11/2004 0.79 0.79 0.79 0.79 0 0.00 0.00
17/11/2004 0.79 0.79 0.79 0.79 0 0.00 0.00
18/11/2004 0.79 0.79 1.91 0.79 0 0.00 0.00
19/11/2004 0.79 0.79 0.79 0.79 0 0.00 0.00
22/11/2004 0.79 0.79 0.79 0.79 0 0.00 0.00
23/11/2004 0.79 0.79 0.79 0.79 0 0.00 0.00
24/11/2004 0.79 0.79 0.79 0.79 0 0.00 0.00
25/11/2004 0.79 0.79 0.79 0.79 0 0.00 0.00
26/11/2004 0.81 0.81 1.91 0.81 0 0.00 0.00
29/11/2004 0.81 0.81 0.81 0.81 0 0.00 0.00
30/11/2004 0.81 0.81 0.81 0.81 0 0.00 0.00
01/12/2004 0.82 0.82 1.91 0.82 0 0.00 0.00
02/12/2004 0.82 0.82 0.82 0.82 0 0.00 0.00
03/12/2004 0.82 0.82 0.82 0.82 0 0.00 0.00
06/12/2004 0.82 0.82 0.82 0.82 0 0.00 0.00
07/12/2004 0.82 0.82 0.82 0.82 0 0.00 0.00
08/12/2004 0.82 0.82 0.82 0.82 0 0.00 0.00
09/12/2004 0.82 0.82 0.82 0.82 0 0.00 0.00
10/12/2004 0.82 0.82 0.82 0.82 0 0.00 0.00
13/12/2004 0.82 0.82 0.82 0.82 0 0.00 0.00
14/12/2004 0.82 0.82 0.82 0.82 0 0.00 0.00
15/12/2004 0.83 0.83 1.91 0.83 0 0.00 0.00
16/12/2004 0.83 0.83 0.83 0.83 0 0.00 0.00
17/12/2004 0.83 0.83 0.83 0.83 0 0.00 0.00
20/12/2004 0.83 0.83 0.83 0.83 0 0.00 0.00
21/12/2004 0.83 0.83 0.83 0.83 0 0.00 0.00
22/12/2004 0.81 0.81 1.91 0.81 0 0.00 0.00
23/12/2004 0.81 0.81 0.81 0.81 0 0.00 0.00
24/12/2004 0.81 0.81 0.81 0.81 0 0.00 0.00
27/12/2004 0.82 0.82 0.82 0.82 0 1000.00 1000.00
28/12/2004 0.82 0.82 0.82 0.82 0 0.00 0.00
29/12/2004 0.82 0.82 0.82 0.82 0 0.00 0.00
30/12/2004 0.82 0.82 0.82 0.82 0 0.00 0.00
31/12/2004 0.82 0.82 0.82 0.82 0 0.00 0.00
03/01/2005 0.82 0.82 0.82 0.82 0 0.00 0.00
04/01/2005 0.82 0.82 0.82 0.82 0 0.00 0.00
05/01/2005 0.82 0.82 0.82 0.82 0 0.00 0.00
06/01/2005 0.82 0.82 0.82 0.82 0 0.00 0.00
07/01/2005 0.82 0.82 0.82 0.82 0 0.00 0.00
10/01/2005 0.82 0.82 0.82 0.82 0 0.00 0.00
11/01/2005 0.82 0.82 0.82 0.82 0 0.00 0.00
12/01/2005 0.82 0.82 0.82 0.82 0 0.00 0.00
13/01/2005 0.82 0.82 0.82 0.82 0 0.00 0.00
14/01/2005 0.82 0.82 0.82 0.82 0 0.00 0.00
17/01/2005 0.82 0.82 0.82 0.82 0 0.00 0.00
18/01/2005 0.82 0.82 0.82 0.82 0 0.00 0.00
19/01/2005 0.82 0.82 0.82 0.82 0 0.00 0.00
20/01/2005 0.82 0.82 0.82 0.82 0 0.00 0.00
21/01/2005 0.82 0.82 0.82 0.82 0 0.00 0.00
24/01/2005 0.82 0.82 0.82 0.82 0 0.00 0.00
25/01/2005 0.82 0.82 0.82 0.82 0 0.00 0.00
26/01/2005 0.82 0.82 0.82 0.82 0 0.00 0.00
27/01/2005 0.82 0.82 0.82 0.82 0 0.00 0.00
28/01/2005 0.82 0.82 0.82 0.82 0 0.00 0.00
31/01/2005 0.82 0.82 0.82 0.82 0 0.00 0.00
01/02/2005 0.82 0.82 0.82 0.82 0 0.00 0.00
02/02/2005 0.82 0.82 0.82 0.82 0 0.00 0.00
03/02/2005 0.82 0.82 0.82 0.82 0 0.00 0.00
04/02/2005 0.82 0.82 0.82 0.82 0 0.00 0.00
07/02/2005 0.82 0.82 0.82 0.82 0 0.00 0.00
08/02/2005 0.82 0.82 0.82 0.82 0 0.00 0.00
09/02/2005 0.82 0.82 0.82 0.82 0 0.00 0.00
10/02/2005 0.82 0.82 0.82 0.82 0 0.00 0.00
11/02/2005 0.82 0.82 0.82 0.82 0 0.00 0.00
14/02/2005 0.79 0.79 1.91 0.79 0 0.00 0.00
15/02/2005 0.79 0.79 0.79 0.79 0 0.00 0.00
16/02/2005 0.79 0.79 0.79 0.79 0 0.00 0.00
17/02/2005 0.88 0.88 0.88 0.88 0 1000.00 1000.00
18/02/2005 0.88 0.88 0.88 0.88 0 0.00 0.00
21/02/2005 0.88 0.88 0.88 0.88 0 0.00 0.00
22/02/2005 0.88 0.88 0.88 0.88 0 0.00 0.00
23/02/2005 0.88 0.88 0.88 0.88 0 0.00 0.00
24/02/2005 0.88 0.88 0.88 0.88 0 0.00 0.00
25/02/2005 0.88 0.88 0.88 0.88 0 0.00 0.00
28/02/2005 0.84 0.84 0.84 0.84 0 2000.00 2000.00
01/03/2005 0.84 0.84 0.84 0.84 0 0.00 0.00
02/03/2005 0.84 0.84 0.84 0.84 0 0.00 0.00
03/03/2005 0.84 0.84 0.84 0.84 0 0.00 0.00
04/03/2005 0.84 0.84 0.84 0.84 0 0.00 0.00
07/03/2005 0.84 0.84 0.84 0.84 0 0.00 0.00
08/03/2005 0.84 0.84 0.84 0.84 0 0.00 0.00
09/03/2005 0.83 0.83 1.92 0.83 0 0.00 0.00
10/03/2005 0.83 0.83 0.83 0.83 0 0.00 0.00
11/03/2005 0.83 0.83 0.83 0.83 0 0.00 0.00
14/03/2005 0.83 0.83 0.83 0.83 0 0.00 0.00
15/03/2005 0.83 0.83 0.83 0.83 0 0.00 0.00
16/03/2005 0.83 0.83 0.83 0.83 0 0.00 0.00
17/03/2005 0.83 0.83 0.83 0.83 0 0.00 0.00
18/03/2005 0.83 0.83 0.83 0.83 0 0.00 0.00
21/03/2005 0.83 0.83 1.73 0.83 0 0.00 0.00
22/03/2005 0.83 0.83 0.83 0.83 0 0.00 0.00
23/03/2005 0.83 0.83 0.83 0.83 0 0.00 0.00
24/03/2005 0.83 0.83 0.83 0.83 0 0.00 0.00
25/03/2005 0.83 0.83 0.83 0.83 0 0.00 0.00
28/03/2005 0.83 0.83 0.83 0.83 0 0.00 0.00
29/03/2005 0.83 0.83 0.83 0.83 0 0.00 0.00
30/03/2005 0.83 0.83 0.83 0.83 0 0.00 0.00
31/03/2005 0.83 0.83 0.83 0.83 0 0.00 0.00
01/04/2005 0.83 0.83 0.83 0.83 0 0.00 0.00
04/04/2005 0.83 0.83 0.83 0.83 0 0.00 0.00
05/04/2005 0.83 0.83 0.83 0.83 0 0.00 0.00
06/04/2005 0.84 0.84 0.84 0.84 0 3100.00 3100.00
07/04/2005 0.84 0.84 0.84 0.84 0 0.00 0.00
08/04/2005 0.84 0.84 0.84 0.84 0 0.00 0.00
11/04/2005 0.84 0.84 0.84 0.84 0 0.00 0.00
12/04/2005 0.84 0.84 0.84 0.84 0 0.00 0.00
13/04/2005 0.84 0.84 0.84 0.84 0 0.00 0.00
14/04/2005 0.89 0.89 0.89 0.89 0 3100.00 3100.00
15/04/2005 0.89 0.89 0.89 0.89 0 0.00 0.00
18/04/2005 0.89 0.89 0.89 0.89 0 0.00 0.00
19/04/2005 0.89 0.89 0.89 0.89 0 0.00 0.00
20/04/2005 0.89 0.89 0.89 0.89 0 0.00 0.00
21/04/2005 0.89 0.89 0.89 0.89 0 0.00 0.00
22/04/2005 0.89 0.89 0.89 0.89 0 0.00 0.00
25/04/2005 0.89 0.89 0.89 0.89 0 0.00 0.00
26/04/2005 0.89 0.89 0.89 0.89 0 0.00 0.00
27/04/2005 0.89 0.89 1.63 0.89 0 0.00 0.00
28/04/2005 0.89 0.89 0.89 0.89 0 0.00 0.00
29/04/2005 0.89 0.89 0.89 0.89 0 0.00 0.00
02/05/2005 0.84 0.84 1.44 0.84 0 0.00 0.00
03/05/2005 0.84 0.84 0.84 0.84 0 0.00 0.00
04/05/2005 0.84 0.84 0.84 0.84 0 0.00 0.00
05/05/2005 0.84 0.84 0.84 0.84 0 0.00 0.00
06/05/2005 0.84 0.84 0.84 0.84 0 0.00 0.00
09/05/2005 0.84 0.84 0.84 0.84 0 0.00 0.00
10/05/2005 0.84 0.84 0.84 0.84 0 0.00 0.00
11/05/2005 0.84 0.84 0.84 0.84 0 0.00 0.00
12/05/2005 0.85 0.85 1.44 0.85 0 0.00 0.00
13/05/2005 0.85 0.85 0.85 0.85 0 0.00 0.00
16/05/2005 0.85 0.85 0.85 0.85 0 0.00 0.00
17/05/2005 0.85 0.85 0.85 0.85 0 0.00 0.00
18/05/2005 0.85 0.85 0.85 0.85 0 0.00 0.00
19/05/2005 0.86 0.86 1.44 0.86 0 0.00 0.00
20/05/2005 1.44 1.44 1.44 1.44 0 20800.00 20800.00
23/05/2005 0.86 0.86 1.63 0.86 0 0.00 0.00
24/05/2005 0.86 0.86 0.86 0.86 0 0.00 0.00
25/05/2005 0.86 0.86 0.86 0.86 0 0.00 0.00
26/05/2005 0.86 0.86 0.86 0.86 0 0.00 0.00
27/05/2005 1.15 1.15 1.63 1.15 0 0.00 0.00
30/05/2005 1.15 1.15 1.15 1.15 0 0.00 0.00
31/05/2005 1.15 1.15 1.15 1.15 0 0.00 0.00
01/06/2005 1.16 1.16 1.63 1.16 0 0.00 0.00
02/06/2005 1.25 1.25 1.63 1.25 0 0.00 0.00
03/06/2005 1.25 1.25 1.25 1.25 0 0.00 0.00
06/06/2005 1.25 1.25 1.25 1.25 0 0.00 0.00
07/06/2005 1.25 1.25 1.25 1.25 0 0.00 0.00
08/06/2005 1.25 1.25 1.25 1.25 0 0.00 0.00
09/06/2005 1.15 1.15 1.63 1.15 0 0.00 0.00
10/06/2005 1.15 1.15 1.44 1.15 0 0.00 0.00
13/06/2005 1.44 1.44 1.44 1.44 0 3100.00 3100.00
14/06/2005 1.44 1.44 1.44 1.44 0 0.00 0.00
15/06/2005 1.20 1.20 1.63 1.20 0 0.00 0.00
16/06/2005 1.20 1.20 1.20 1.20 0 0.00 0.00
17/06/2005 1.20 1.20 1.20 1.20 0 0.00 0.00
20/06/2005 1.20 1.20 1.63 1.20 0 0.00 0.00
21/06/2005 1.20 1.20 1.20 1.20 0 0.00 0.00
22/06/2005 1.25 1.25 1.63 1.25 0 0.00 0.00
23/06/2005 1.25 1.25 1.25 1.25 0 0.00 0.00
24/06/2005 1.25 1.25 1.25 1.25 0 0.00 0.00
27/06/2005 1.25 1.25 1.25 1.25 0 0.00 0.00
28/06/2005 1.25 1.25 1.25 1.25 0 0.00 0.00
29/06/2005 1.25 1.25 1.25 1.25 0 0.00 0.00
30/06/2005 1.50 1.50 1.50 1.50 0 3000.00 3000.00
01/07/2005 1.50 1.50 1.50 1.50 0 0.00 0.00
04/07/2005 1.50 1.50 1.50 1.50 0 0.00 0.00
05/07/2005 1.50 1.50 1.50 1.50 0 0.00 0.00
06/07/2005 1.50 1.50 1.50 1.50 0 0.00 0.00
07/07/2005 1.20 1.20 1.50 1.20 0 0.00 0.00
08/07/2005 1.35 1.35 1.50 1.35 0 0.00 0.00
11/07/2005 1.35 1.35 1.35 1.35 0 0.00 0.00
12/07/2005 1.50 1.50 1.50 1.50 0 3000.00 3000.00
13/07/2005 1.50 1.50 1.50 1.50 0 0.00 0.00
14/07/2005 1.62 1.62 1.62 1.62 0 11000.00 11000.00
15/07/2005 1.50 1.50 1.50 1.50 0 13000.00 13000.00
18/07/2005 1.41 1.41 1.50 1.41 0 0.00 0.00
19/07/2005 1.41 1.41 1.50 1.41 0 0.00 0.00
20/07/2005 1.50 1.50 1.50 1.50 0 2000.00 2000.00
21/07/2005 1.50 1.50 1.50 1.50 0 0.00 0.00
22/07/2005 1.41 1.41 1.50 1.41 0 0.00 0.00
25/07/2005 1.41 1.41 1.41 1.41 0 0.00 0.00
26/07/2005 1.41 1.41 1.41 1.41 0 0.00 0.00
27/07/2005 1.41 1.41 1.41 1.41 0 0.00 0.00
28/07/2005 1.41 1.41 1.41 1.41 0 0.00 0.00
29/07/2005 1.41 1.41 1.41 1.41 0 0.00 0.00
01/08/2005 1.50 1.50 1.50 1.50 0 8000.00 8000.00
02/08/2005 1.50 1.50 1.80 1.50 0 0.00 0.00
03/08/2005 1.50 1.50 1.50 1.50 0 0.00 0.00
04/08/2005 1.50 1.50 1.50 1.50 0 0.00 0.00
05/08/2005 1.50 1.50 1.50 1.50 0 0.00 0.00
08/08/2005 1.50 1.50 1.50 1.50 0 0.00 0.00
09/08/2005 1.50 1.50 1.50 1.50 0 0.00 0.00
10/08/2005 1.50 1.50 1.50 1.50 0 0.00 0.00
11/08/2005 1.50 1.50 1.50 1.50 0 0.00 0.00
12/08/2005 1.50 1.50 1.50 1.50 0 3000.00 3000.00
15/08/2005 1.50 1.50 1.50 1.50 0 0.00 0.00
16/08/2005 1.50 1.50 1.50 1.50 0 3000.00 3000.00
17/08/2005 1.50 1.50 1.50 1.50 0 0.00 0.00
18/08/2005 1.50 1.50 1.80 1.50 0 0.00 0.00
19/08/2005 1.50 1.50 1.50 1.50 0 0.00 0.00
22/08/2005 1.50 1.50 1.50 1.50 0 0.00 0.00
23/08/2005 1.50 1.50 1.50 1.50 0 0.00 0.00
24/08/2005 1.50 1.50 1.50 1.50 0 0.00 0.00
25/08/2005 1.50 1.50 1.50 1.50 0 0.00 0.00
26/08/2005 1.50 1.50 1.50 1.50 0 0.00 0.00
29/08/2005 1.50 1.50 1.50 1.50 0 0.00 0.00
30/08/2005 1.50 1.50 1.50 1.50 0 0.00 0.00
31/08/2005 1.50 1.50 1.50 1.50 0 0.00 0.00
01/09/2005 1.50 1.50 1.50 1.50 0 0.00 0.00
02/09/2005 1.50 1.50 1.50 1.50 0 0.00 0.00
05/09/2005 1.50 1.50 1.50 1.50 0 0.00 0.00
06/09/2005 1.50 1.50 1.50 1.50 0 0.00 0.00
07/09/2005 1.50 1.50 1.50 1.50 0 0.00 0.00
08/09/2005 1.50 1.50 1.50 1.50 0 0.00 0.00
09/09/2005 1.50 1.50 1.50 1.50 0 3000.00 3000.00
12/09/2005 1.50 1.50 1.50 1.50 0 0.00 0.00
13/09/2005 1.50 1.50 1.50 1.50 0 0.00 0.00
14/09/2005 1.45 1.45 2.00 1.45 0 0.00 0.00
15/09/2005 1.45 1.45 1.45 1.45 0 0.00 0.00
16/09/2005 1.45 1.45 1.45 1.45 0 0.00 0.00
19/09/2005 1.45 1.45 1.45 1.45 0 0.00 0.00
20/09/2005 1.51 1.51 1.51 1.51 0 3000.00 3000.00
21/09/2005 1.51 1.51 1.51 1.51 0 0.00 0.00
22/09/2005 1.51 1.51 1.51 1.51 0 0.00 0.00
23/09/2005 1.51 1.51 1.51 1.51 0 0.00 0.00
26/09/2005 1.51 1.51 1.51 1.51 0 0.00 0.00
27/09/2005 1.51 1.51 1.51 1.51 0 0.00 0.00
28/09/2005 1.51 1.51 1.51 1.51 0 0.00 0.00
29/09/2005 1.51 1.51 1.51 1.51 0 0.00 0.00
30/09/2005 1.51 1.51 1.51 1.51 0 0.00 0.00
03/10/2005 1.51 1.51 1.51 1.51 0 0.00 0.00
04/10/2005 1.51 1.51 1.51 1.51 0 0.00 0.00
05/10/2005 1.51 1.51 1.51 1.51 0 0.00 0.00
06/10/2005 1.51 1.51 1.51 1.51 0 0.00 0.00
07/10/2005 1.51 1.51 1.51 1.51 0 11000.00 11000.00
10/10/2005 1.51 1.51 1.51 1.51 0 0.00 0.00
11/10/2005 1.51 1.51 1.51 1.51 0 0.00 0.00
12/10/2005 1.51 1.51 1.51 1.51 0 0.00 0.00
13/10/2005 1.51 1.51 1.51 1.51 0 0.00 0.00
14/10/2005 1.51 1.51 1.51 1.51 0 0.00 0.00
17/10/2005 1.51 1.51 1.51 1.51 0 0.00 0.00
18/10/2005 1.51 1.51 1.51 1.51 0 0.00 0.00
19/10/2005 1.51 1.51 1.51 1.51 0 0.00 0.00
20/10/2005 1.51 1.51 1.51 1.51 0 0.00 0.00
21/10/2005 1.51 1.51 1.51 1.51 0 0.00 0.00
24/10/2005 1.51 1.51 1.51 1.51 0 3000.00 3000.00
25/10/2005 1.51 1.51 1.51 1.51 0 0.00 0.00
26/10/2005 1.51 1.51 1.51 1.51 0 0.00 0.00
27/10/2005 1.51 1.51 1.51 1.51 0 0.00 0.00
28/10/2005 1.51 1.51 1.51 1.51 0 0.00 0.00
31/10/2005 1.51 1.51 1.51 1.51 0 0.00 0.00
01/11/2005 1.51 1.51 1.51 1.51 0 3000.00 3000.00
02/11/2005 1.51 1.51 1.51 1.51 0 0.00 0.00
03/11/2005 1.51 1.51 1.51 1.51 0 0.00 0.00
04/11/2005 1.51 1.51 1.51 1.51 0 0.00 0.00
07/11/2005 1.51 1.51 1.51 1.51 0 0.00 0.00
08/11/2005 1.51 1.51 1.51 1.51 0 0.00 0.00
09/11/2005 1.51 1.51 1.51 1.51 0 3000.00 3000.00
10/11/2005 1.51 1.51 1.51 1.51 0 0.00 0.00
11/11/2005 1.51 1.51 1.51 1.51 0 0.00 0.00
14/11/2005 1.51 1.51 1.51 1.51 0 0.00 0.00
15/11/2005 1.51 1.51 1.51 1.51 0 0.00 0.00
16/11/2005 1.51 1.51 1.51 1.51 0 0.00 0.00
17/11/2005 1.51 1.51 1.51 1.51 0 3000.00 3000.00
18/11/2005 1.51 1.51 1.51 1.51 0 0.00 0.00
21/11/2005 1.51 1.51 1.51 1.51 0 0.00 0.00
22/11/2005 1.51 1.51 1.51 1.51 0 0.00 0.00
23/11/2005 1.51 1.51 1.51 1.51 0 0.00 0.00
24/11/2005 1.51 1.51 1.51 1.51 0 0.00 0.00
25/11/2005 1.51 1.51 1.51 1.51 0 0.00 0.00
28/11/2005 1.51 1.51 1.51 1.51 0 0.00 0.00
29/11/2005 1.45 1.45 1.45 1.45 0 0.00 0.00
30/11/2005 1.45 1.45 1.45 1.45 0 0.00 0.00
01/12/2005 1.45 1.45 2.00 1.45 0 0.00 0.00
02/12/2005 1.45 1.45 1.45 1.45 0 0.00 0.00
05/12/2005 1.45 1.45 1.45 1.45 0 0.00 0.00
06/12/2005 1.45 1.45 1.45 1.45 0 0.00 0.00
07/12/2005 1.45 1.45 1.45 1.45 0 0.00 0.00
08/12/2005 1.45 1.45 1.45 1.45 0 0.00 0.00
09/12/2005 1.45 1.45 1.45 1.45 0 0.00 0.00
12/12/2005 1.45 1.45 1.45 1.45 0 0.00 0.00
13/12/2005 1.45 1.45 1.45 1.45 0 0.00 0.00
14/12/2005 1.45 1.45 1.45 1.45 0 0.00 0.00
15/12/2005 1.45 1.45 1.45 1.45 0 0.00 0.00
16/12/2005 1.45 1.45 1.45 1.45 0 0.00 0.00
19/12/2005 1.45 1.45 1.45 1.45 0 0.00 0.00
20/12/2005 1.45 1.45 1.45 1.45 0 0.00 0.00
21/12/2005 1.45 1.45 1.45 1.45 0 0.00 0.00
22/12/2005 1.45 1.45 1.45 1.45 0 0.00 0.00
23/12/2005 1.45 1.45 1.45 1.45 0 3000.00 3000.00
26/12/2005 1.45 1.45 1.45 1.45 0 0.00 0.00
27/12/2005 1.45 1.45 2.00 1.45 0 0.00 0.00
28/12/2005 1.45 1.45 1.45 1.45 0 0.00 0.00
29/12/2005 1.45 1.45 2.00 1.45 0 0.00 0.00
30/12/2005 1.45 1.45 1.45 1.45 0 0.00 0.00
02/01/2006 1.49 1.49 1.49 1.49 0 11000.00 11000.00
03/01/2006 1.45 1.45 2.00 1.45 0 0.00 0.00
04/01/2006 1.45 1.45 2.00 1.45 0 0.00 0.00
05/01/2006 1.50 1.50 2.00 1.50 0 0.00 0.00
06/01/2006 28.49 28.22 28.60 28.43 0 111400.00 111400.00
09/01/2006 28.50 27.60 28.50 28.05 0 426100.00 426100.00
10/01/2006 28.05 27.56 28.08 28.05 0 331500.00 331500.00
11/01/2006 28.39 28.30 29.84 29.50 0 477100.00 477100.00
12/01/2006 29.85 29.40 30.00 30.00 0 233600.00 233600.00
13/01/2006 29.95 29.95 30.53 30.50 0 550500.00 550500.00
16/01/2006 30.50 30.41 30.71 30.60 0 456600.00 456600.00
17/01/2006 30.60 30.00 30.60 30.30 0 259500.00 259500.00
18/01/2006 29.90 29.50 30.50 30.37 0 349300.00 349300.00
19/01/2006 30.80 30.33 30.90 30.33 0 256100.00 256100.00
20/01/2006 30.45 30.00 31.70 30.61 0 298000.00 298000.00
23/01/2006 30.70 30.15 31.00 30.25 0 96500.00 96500.00
24/01/2006 30.51 30.08 30.99 30.50 0 263400.00 263400.00
25/01/2006 30.50 30.50 30.50 30.50 0 0.00 0.00
26/01/2006 31.05 30.71 31.05 30.98 0 118100.00 118100.00
27/01/2006 31.00 30.50 31.20 30.76 0 76300.00 76300.00
30/01/2006 30.95 30.15 31.29 31.29 0 148100.00 148100.00
31/01/2006 31.50 31.00 31.50 31.25 0 168700.00 168700.00
01/02/2006 31.40 30.60 31.40 31.00 0 167700.00 167700.00
02/02/2006 31.00 30.50 31.00 30.50 0 175300.00 175300.00
03/02/2006 30.70 29.78 30.70 30.27 0 326900.00 326900.00
06/02/2006 30.20 30.05 31.00 30.05 0 107700.00 107700.00
07/02/2006 30.10 29.61 30.50 29.90 0 120600.00 120600.00
08/02/2006 29.85 29.20 30.00 29.67 0 425400.00 425400.00
09/02/2006 30.00 29.75 30.00 29.98 0 238000.00 238000.00
10/02/2006 30.00 30.00 30.60 30.60 0 406700.00 406700.00
13/02/2006 30.40 30.20 31.20 31.00 0 87000.00 87000.00
14/02/2006 31.30 30.50 31.60 30.50 0 128700.00 128700.00
15/02/2006 30.50 29.50 30.60 29.90 0 133100.00 133100.00
16/02/2006 29.00 28.80 30.50 29.15 0 593000.00 593000.00
17/02/2006 29.20 29.00 31.00 30.39 0 260600.00 260600.00
20/02/2006 30.30 30.25 30.55 30.32 0 42900.00 42900.00
21/02/2006 30.50 29.65 30.88 29.65 0 179300.00 179300.00
22/02/2006 29.70 29.70 30.95 30.30 0 100700.00 100700.00
23/02/2006 29.90 29.90 31.20 30.92 0 174200.00 174200.00
24/02/2006 30.90 30.90 32.30 32.00 0 350900.00 350900.00
27/02/2006 32.00 32.00 32.00 32.00 0 0.00 0.00
28/02/2006 32.00 32.00 32.00 32.00 0 0.00 0.00
01/03/2006 32.01 32.01 33.55 33.30 0 237000.00 237000.00
02/03/2006 33.40 32.75 33.40 32.80 0 350000.00 350000.00
03/03/2006 32.60 32.51 33.39 33.20 0 179000.00 179000.00
06/03/2006 33.20 31.62 33.30 31.95 0 289300.00 289300.00
07/03/2006 32.00 31.10 32.00 31.25 0 126500.00 126500.00
08/03/2006 31.25 30.46 31.26 30.70 0 120300.00 120300.00
09/03/2006 32.09 30.22 32.10 30.22 0 143800.00 143800.00
10/03/2006 31.00 30.10 31.00 30.30 0 158700.00 158700.00
13/03/2006 30.40 30.06 30.80 30.30 0 173800.00 173800.00
14/03/2006 30.40 30.40 31.50 31.02 0 285800.00 285800.00
15/03/2006 31.00 31.00 31.60 31.35 0 450400.00 450400.00
16/03/2006 31.90 30.70 31.90 30.99 0 211300.00 211300.00
17/03/2006 30.99 30.65 31.05 30.82 0 89200.00 89200.00
20/03/2006 30.84 30.84 31.50 31.30 0 58600.00 58600.00
21/03/2006 31.50 31.00 31.78 31.50 0 269500.00 269500.00
22/03/2006 31.38 31.25 31.50 31.50 0 67500.00 67500.00
23/03/2006 31.10 31.10 31.56 31.50 0 57000.00 57000.00
24/03/2006 31.50 31.21 31.70 31.21 0 136800.00 136800.00
27/03/2006 31.20 30.85 31.50 31.25 0 251200.00 251200.00
28/03/2006 30.91 30.91 32.49 31.62 0 176000.00 176000.00
29/03/2006 31.42 31.15 32.00 31.40 0 181500.00 181500.00
30/03/2006 31.45 31.20 31.60 31.20 0 490300.00 490300.00
31/03/2006 31.30 30.18 31.50 30.40 0 94700.00 94700.00
03/04/2006 30.50 30.38 30.79 30.38 0 118400.00 118400.00
04/04/2006 30.80 30.70 31.69 31.60 0 420100.00 420100.00
05/04/2006 30.84 30.84 31.75 31.55 0 287500.00 287500.00
06/04/2006 31.80 31.19 31.80 31.30 0 378300.00 378300.00
07/04/2006 31.45 31.30 31.60 31.40 0 401100.00 401100.00
10/04/2006 31.80 31.40 31.85 31.50 0 128800.00 128800.00
11/04/2006 31.47 30.63 31.60 30.80 0 71900.00 71900.00
12/04/2006 31.20 30.50 31.30 31.19 0 119900.00 119900.00
13/04/2006 31.30 31.00 31.35 31.00 0 78400.00 78400.00
14/04/2006 31.00 31.00 31.00 31.00 0 0.00 0.00
17/04/2006 31.11 30.80 31.40 30.80 0 120200.00 120200.00
18/04/2006 31.11 31.11 31.50 31.35 0 129200.00 129200.00
19/04/2006 31.45 30.55 31.50 30.70 0 102500.00 102500.00
20/04/2006 30.90 30.80 31.39 30.91 0 92600.00 92600.00
21/04/2006 30.91 30.91 30.91 30.91 0 0.00 0.00
24/04/2006 30.80 30.73 31.30 30.99 0 200700.00 200700.00
25/04/2006 31.06 30.69 31.29 30.95 0 102900.00 102900.00
26/04/2006 31.20 30.65 31.20 30.65 0 150200.00 150200.00
27/04/2006 30.50 28.20 30.50 29.30 0 769300.00 769300.00
28/04/2006 29.63 29.01 30.00 29.62 0 637200.00 637200.00
01/05/2006 29.62 29.62 29.62 29.62 0 0.00 0.00
02/05/2006 29.62 29.62 30.40 30.25 0 191000.00 191000.00
03/05/2006 30.25 30.24 31.60 31.16 0 324200.00 324200.00
04/05/2006 31.40 30.75 31.55 31.21 0 219100.00 219100.00
05/05/2006 31.20 31.20 32.30 32.25 0 568400.00 568400.00
08/05/2006 32.31 32.00 33.30 33.00 0 664900.00 664900.00
09/05/2006 33.00 32.66 34.74 33.64 0 454300.00 454300.00
10/05/2006 33.70 33.60 34.74 34.21 0 1124000.00 1124000.00
11/05/2006 34.80 33.20 35.32 33.20 0 284600.00 284600.00
12/05/2006 33.00 32.33 33.08 32.86 0 169500.00 169500.00
15/05/2006 32.90 31.70 32.90 32.12 0 169500.00 169500.00
16/05/2006 32.85 31.39 32.90 31.70 0 200300.00 200300.00
17/05/2006 31.60 30.00 31.60 31.06 0 135700.00 135700.00
18/05/2006 31.20 30.12 31.45 31.00 0 137500.00 137500.00
19/05/2006 31.51 31.00 32.05 31.20 0 272000.00 272000.00
22/05/2006 31.20 29.00 31.20 29.00 0 306500.00 306500.00
23/05/2006 29.85 28.26 30.97 28.30 0 361600.00 361600.00
24/05/2006 28.51 27.03 29.00 28.00 0 138000.00 138000.00
25/05/2006 28.30 28.30 29.36 29.10 0 189200.00 189200.00
26/05/2006 29.50 29.10 29.80 29.11 0 196600.00 196600.00
29/05/2006 29.85 29.20 30.00 29.50 0 63100.00 63100.00
30/05/2006 29.31 28.15 29.31 28.51 0 151900.00 151900.00
31/05/2006 28.51 28.10 29.06 28.65 0 93000.00 93000.00
01/06/2006 29.10 28.50 29.50 29.34 0 68600.00 68600.00
02/06/2006 29.90 29.60 30.29 30.00 0 362800.00 362800.00
05/06/2006 29.80 29.39 30.17 29.40 0 107300.00 107300.00
06/06/2006 29.41 28.80 29.41 29.10 0 84700.00 84700.00
07/06/2006 29.20 28.50 29.27 28.50 0 110400.00 110400.00
08/06/2006 28.40 27.62 28.80 27.96 0 246900.00 246900.00
09/06/2006 28.50 27.91 28.50 28.50 0 348300.00 348300.00
12/06/2006 28.49 27.70 28.54 27.93 0 253800.00 253800.00
13/06/2006 27.70 26.77 27.70 26.77 0 267100.00 267100.00
14/06/2006 27.49 25.60 27.69 26.00 0 132800.00 132800.00
15/06/2006 26.00 26.00 26.00 26.00 0 0.00 0.00
16/06/2006 27.50 26.70 27.50 27.00 0 27000.00 27000.00
19/06/2006 27.01 25.85 27.08 26.31 0 228000.00 228000.00
20/06/2006 26.80 25.80 26.80 25.80 0 357700.00 357700.00
21/06/2006 25.85 25.85 26.50 26.00 0 361900.00 361900.00
22/06/2006 26.15 25.72 26.36 25.80 0 100800.00 100800.00
23/06/2006 25.76 25.60 26.00 26.00 0 202100.00 202100.00
26/06/2006 25.61 25.59 26.00 26.00 0 257800.00 257800.00
27/06/2006 26.15 25.70 26.20 25.70 0 96000.00 96000.00
28/06/2006 25.90 24.79 26.20 25.15 0 320000.00 320000.00
29/06/2006 25.32 25.31 26.50 26.20 0 507400.00 507400.00
30/06/2006 26.47 26.17 26.87 26.46 0 492200.00 492200.00
03/07/2006 26.40 26.20 28.40 28.30 0 342500.00 342500.00
04/07/2006 28.30 28.00 28.79 28.65 0 103400.00 103400.00
05/07/2006 28.66 28.00 29.03 28.59 0 359200.00 359200.00
06/07/2006 28.90 28.50 28.90 28.72 0 549300.00 549300.00
07/07/2006 29.28 28.41 29.28 28.90 0 502500.00 502500.00
10/07/2006 28.90 28.30 28.95 28.65 0 130400.00 130400.00
11/07/2006 28.40 27.80 28.50 28.50 0 270300.00 270300.00
12/07/2006 28.40 28.34 29.10 28.52 0 348900.00 348900.00
13/07/2006 28.40 28.10 28.60 28.30 0 209700.00 209700.00
14/07/2006 28.02 26.80 28.30 27.56 0 232100.00 232100.00
17/07/2006 27.44 27.20 27.99 27.30 0 162100.00 162100.00
18/07/2006 27.62 27.04 27.75 27.44 0 133500.00 133500.00
19/07/2006 27.11 27.11 28.49 28.25 0 148900.00 148900.00
20/07/2006 28.00 27.45 28.80 27.61 0 300200.00 300200.00
21/07/2006 28.00 26.75 28.00 26.90 0 169700.00 169700.00
24/07/2006 27.15 26.95 27.80 27.60 0 198600.00 198600.00
25/07/2006 27.60 27.10 27.81 27.60 0 508600.00 508600.00
26/07/2006 27.80 27.10 27.81 27.20 0 659700.00 659700.00
27/07/2006 27.35 27.10 27.50 27.15 0 236000.00 236000.00
28/07/2006 27.15 27.00 28.07 27.40 0 477100.00 477100.00
31/07/2006 27.30 26.90 27.50 27.05 0 378800.00 378800.00
01/08/2006 27.10 26.56 27.20 27.10 0 244800.00 244800.00
02/08/2006 27.34 27.34 27.86 27.65 0 536400.00 536400.00
03/08/2006 27.60 26.80 27.60 27.45 0 302700.00 302700.00
04/08/2006 27.85 27.40 28.06 27.85 0 181000.00 181000.00
07/08/2006 27.50 27.50 28.70 28.70 0 338300.00 338300.00
08/08/2006 28.50 28.35 29.10 29.05 0 508000.00 508000.00
09/08/2006 29.10 29.00 29.50 29.13 0 395100.00 395100.00
10/08/2006 29.30 28.61 30.00 28.61 0 832800.00 832800.00
11/08/2006 28.70 28.12 28.98 28.12 0 537900.00 537900.00
14/08/2006 28.50 27.35 28.50 27.35 0 343000.00 343000.00
15/08/2006 27.59 27.59 28.00 27.72 0 434900.00 434900.00
16/08/2006 28.25 27.90 28.80 28.60 0 481700.00 481700.00
17/08/2006 27.50 27.40 28.00 27.41 0 298200.00 298200.00
18/08/2006 27.50 26.90 27.61 27.59 0 334000.00 334000.00
21/08/2006 27.68 27.11 27.68 27.35 0 223200.00 223200.00
22/08/2006 27.35 26.95 27.35 27.10 0 157000.00 157000.00
23/08/2006 27.10 26.46 27.15 26.69 0 298700.00 298700.00
24/08/2006 26.69 26.55 27.00 26.90 0 993800.00 993800.00
25/08/2006 26.90 26.71 27.37 27.37 0 408600.00 408600.00
28/08/2006 27.10 26.90 27.27 27.15 0 239500.00 239500.00
29/08/2006 27.20 27.15 27.65 27.58 0 305600.00 305600.00
30/08/2006 27.65 27.24 27.75 27.40 0 890300.00 890300.00
31/08/2006 27.90 27.60 28.00 28.00 0 177600.00 177600.00
01/09/2006 29.00 27.96 28.99 28.47 0 213300.00 213300.00
04/09/2006 28.48 28.29 28.55 28.30 0 78400.00 78400.00
05/09/2006 28.30 28.25 28.55 28.55 0 588800.00 588800.00
06/09/2006 28.50 28.00 28.50 28.20 0 300900.00 300900.00
07/09/2006 28.20 28.20 28.20 28.20 0 0.00 0.00
08/09/2006 28.20 28.20 28.64 28.40 0 240500.00 240500.00
11/09/2006 28.48 27.41 28.48 27.41 0 272600.00 272600.00
12/09/2006 27.60 27.41 27.79 27.50 0 225900.00 225900.00
13/09/2006 27.50 27.31 27.88 27.60 0 221500.00 221500.00
14/09/2006 27.60 27.30 28.00 27.60 0 138100.00 138100.00
15/09/2006 27.71 27.40 28.14 27.90 0 206900.00 206900.00
18/09/2006 27.90 27.84 28.50 28.35 0 487500.00 487500.00
19/09/2006 28.22 28.20 28.50 28.36 0 541600.00 541600.00
20/09/2006 28.49 28.02 28.60 28.41 0 502400.00 502400.00
21/09/2006 28.50 27.68 28.50 28.35 0 660100.00 660100.00
22/09/2006 28.20 27.19 28.20 27.20 0 331000.00 331000.00
25/09/2006 27.20 26.71 27.55 27.55 0 207400.00 207400.00
26/09/2006 27.40 27.40 28.10 27.66 0 265900.00 265900.00
27/09/2006 27.75 27.70 28.10 28.09 0 394800.00 394800.00
28/09/2006 28.00 27.95 28.55 28.16 0 427700.00 427700.00
29/09/2006 28.09 27.53 28.35 27.80 0 305000.00 305000.00
02/10/2006 28.00 28.00 28.34 28.00 0 163900.00 163900.00
03/10/2006 28.50 28.11 28.55 28.12 0 250800.00 250800.00
04/10/2006 28.09 28.03 28.50 28.21 0 566400.00 566400.00
05/10/2006 28.50 28.50 29.13 28.85 0 493200.00 493200.00
06/10/2006 29.00 28.50 29.00 28.80 0 239400.00 239400.00
09/10/2006 28.85 28.80 29.00 29.00 0 1100.00 1100.00
10/10/2006 28.75 28.65 29.08 28.95 0 133900.00 133900.00
11/10/2006 28.95 28.70 29.35 29.00 0 295000.00 295000.00
12/10/2006 29.00 29.00 29.00 29.00 0 0.00 0.00
13/10/2006 29.30 28.80 29.63 29.00 0 169200.00 169200.00
16/10/2006 29.00 28.76 29.11 28.88 0 349600.00 349600.00
17/10/2006 28.95 28.11 29.00 28.30 0 294300.00 294300.00
18/10/2006 28.85 27.40 28.85 27.50 0 472000.00 472000.00
19/10/2006 27.85 27.30 27.88 27.35 0 725800.00 725800.00
20/10/2006 27.50 27.09 27.60 27.30 0 351300.00 351300.00
23/10/2006 27.30 27.27 27.67 27.67 0 696800.00 696800.00
24/10/2006 27.75 27.60 28.00 27.60 0 935100.00 935100.00
25/10/2006 27.70 27.29 27.77 27.45 0 393200.00 393200.00
26/10/2006 27.10 27.00 27.60 27.20 0 856700.00 856700.00
27/10/2006 26.94 26.90 27.47 27.00 0 415900.00 415900.00
30/10/2006 27.20 26.91 27.50 27.33 0 342700.00 342700.00
31/10/2006 27.50 26.99 27.90 27.20 0 569600.00 569600.00
01/11/2006 27.50 27.14 27.64 27.14 0 407400.00 407400.00
02/11/2006 27.14 27.14 27.14 27.14 0 0.00 0.00
03/11/2006 27.43 27.40 27.70 27.60 0 479400.00 479400.00
06/11/2006 27.77 27.77 28.40 28.22 0 538100.00 538100.00
07/11/2006 28.35 27.92 28.50 28.00 0 430300.00 430300.00
08/11/2006 28.08 27.50 28.09 28.00 0 373400.00 373400.00
09/11/2006 28.30 27.90 28.38 28.15 0 615400.00 615400.00
10/11/2006 28.65 28.06 28.90 28.35 0 669500.00 669500.00
13/11/2006 28.49 28.10 28.65 28.61 0 617800.00 617800.00
14/11/2006 28.80 28.66 29.32 29.30 0 639000.00 639000.00
15/11/2006 29.30 29.30 29.30 29.30 0 0.00 0.00
16/11/2006 29.35 29.35 29.70 29.40 0 876100.00 876100.00
17/11/2006 29.37 28.82 29.37 29.20 0 287800.00 287800.00
20/11/2006 29.20 29.20 29.20 29.20 0 0.00 0.00
21/11/2006 29.20 28.83 29.20 29.00 0 182400.00 182400.00
22/11/2006 29.01 29.01 29.55 29.10 0 490900.00 490900.00
23/11/2006 29.30 29.02 29.47 29.23 0 165800.00 165800.00
24/11/2006 29.14 28.80 29.16 28.94 0 271500.00 271500.00
27/11/2006 28.92 28.40 28.95 28.50 0 347700.00 347700.00
28/11/2006 28.60 28.00 28.60 28.12 0 370800.00 370800.00
29/11/2006 28.70 28.40 28.85 28.40 0 289500.00 289500.00
30/11/2006 28.80 28.35 28.80 28.40 0 200900.00 200900.00
01/12/2006 28.35 28.09 28.65 28.20 0 366100.00 366100.00
04/12/2006 28.40 28.40 28.71 28.63 0 336000.00 336000.00
05/12/2006 28.60 28.53 29.35 29.10 0 406300.00 406300.00
06/12/2006 29.40 28.91 29.40 29.15 0 257700.00 257700.00
07/12/2006 29.18 29.18 29.72 29.62 0 401800.00 401800.00
08/12/2006 29.47 29.07 29.66 29.10 0 269400.00 269400.00
11/12/2006 29.30 29.30 29.97 29.75 0 486800.00 486800.00
12/12/2006 29.70 29.70 30.35 29.85 0 775200.00 775200.00
13/12/2006 29.90 29.70 30.20 30.05 0 314000.00 314000.00
14/12/2006 30.15 30.15 30.77 30.50 0 435900.00 435900.00
15/12/2006 30.70 30.25 31.44 30.35 0 506600.00 506600.00
18/12/2006 30.50 30.07 31.00 30.35 0 303500.00 303500.00
19/12/2006 30.00 29.61 30.20 29.84 0 635400.00 635400.00
20/12/2006 30.10 29.40 30.30 29.45 0 422900.00 422900.00
21/12/2006 29.51 29.00 29.84 29.11 0 314500.00 314500.00
22/12/2006 29.50 29.10 29.68 29.26 0 137900.00 137900.00
25/12/2006 29.26 29.26 29.26 29.26 0 0.00 0.00
26/12/2006 29.60 29.25 29.60 29.30 0 451600.00 451600.00
27/12/2006 29.30 29.28 29.77 29.45 0 664000.00 664000.00
28/12/2006 29.46 29.46 30.00 30.00 0 887400.00 887400.00
29/12/2006 30.00 30.00 30.00 30.00 0 0.00 0.00
01/01/2007 30.00 30.00 30.00 30.00 0 0.00 0.00
02/01/2007 30.05 30.00 30.70 30.09 0 478400.00 478400.00
03/01/2007 30.19 29.36 30.42 29.49 0 765100.00 765100.00
04/01/2007 29.49 29.05 29.50 29.05 0 327500.00 327500.00
05/01/2007 29.05 27.80 29.29 27.80 0 842000.00 842000.00
08/01/2007 28.20 28.08 28.74 28.54 0 663300.00 663300.00
09/01/2007 28.89 28.20 28.89 28.63 0 514000.00 514000.00
10/01/2007 28.45 28.10 28.55 28.40 0 465200.00 465200.00
11/01/2007 28.44 28.40 29.00 28.65 0 187200.00 187200.00
12/01/2007 28.70 28.44 29.06 28.50 0 236800.00 236800.00
15/01/2007 28.61 28.15 28.95 28.16 0 164200.00 164200.00
16/01/2007 28.16 27.95 28.65 28.54 0 407300.00 407300.00
17/01/2007 28.50 28.00 28.50 28.27 0 328400.00 328400.00
18/01/2007 28.45 28.10 28.84 28.10 0 602100.00 602100.00
19/01/2007 28.34 27.60 28.34 28.00 0 554500.00 554500.00
22/01/2007 28.27 27.78 28.55 28.01 0 519600.00 519600.00
23/01/2007 28.10 27.80 28.28 27.91 0 616200.00 616200.00
24/01/2007 28.02 27.84 28.31 28.20 0 615500.00 615500.00
25/01/2007 28.20 28.20 28.20 28.20 0 0.00 0.00
26/01/2007 28.25 28.00 28.30 28.18 0 758400.00 758400.00
29/01/2007 28.20 27.87 28.50 27.94 0 370000.00 370000.00
30/01/2007 28.24 27.85 28.25 28.04 0 412100.00 412100.00
31/01/2007 28.04 27.90 28.28 28.00 0 492300.00 492300.00
01/02/2007 28.08 27.78 28.31 28.00 0 1863000.00 1863000.00
02/02/2007 28.20 28.03 29.00 28.70 0 1047600.00 1047600.00
05/02/2007 28.70 28.37 28.90 28.50 0 533200.00 533200.00
06/02/2007 28.60 28.60 29.02 29.00 0 1435400.00 1435400.00
07/02/2007 29.00 28.60 29.18 28.91 0 849900.00 849900.00
08/02/2007 28.89 28.53 28.94 28.60 0 449800.00 449800.00
09/02/2007 28.70 28.51 28.84 28.60 0 628400.00 628400.00
12/02/2007 28.61 28.18 28.90 28.37 0 732600.00 732600.00
13/02/2007 28.87 28.50 29.26 28.65 0 1047200.00 1047200.00
14/02/2007 28.84 28.55 29.35 29.27 0 1057400.00 1057400.00
15/02/2007 29.27 29.05 29.95 29.41 0 748400.00 748400.00
16/02/2007 29.51 29.00 29.51 29.31 0 436700.00 436700.00
19/02/2007 29.31 29.31 29.31 29.31 0 0.00 0.00
20/02/2007 29.31 29.31 29.31 29.31 0 0.00 0.00
21/02/2007 29.36 29.15 29.50 29.49 0 221300.00 221300.00
22/02/2007 29.50 29.22 29.60 29.30 0 559400.00 559400.00
23/02/2007 29.30 28.70 29.50 28.96 0 585500.00 585500.00
26/02/2007 29.20 28.80 29.30 29.06 0 564100.00 564100.00
27/02/2007 28.35 27.76 28.40 28.00 0 1045500.00 1045500.00
28/02/2007 28.15 27.71 28.55 28.25 0 484700.00 484700.00
01/03/2007 27.80 27.52 28.35 28.15 0 599900.00 599900.00
02/03/2007 28.00 27.80 28.67 28.20 0 788800.00 788800.00
05/03/2007 28.00 27.75 28.46 28.20 0 712200.00 712200.00
06/03/2007 28.31 28.31 28.65 28.35 0 1872500.00 1872500.00
07/03/2007 28.56 28.35 28.90 28.35 0 457300.00 457300.00
08/03/2007 28.88 28.50 28.88 28.55 0 726800.00 726800.00
09/03/2007 28.76 28.55 28.79 28.65 0 415100.00 415100.00
12/03/2007 28.77 28.49 28.77 28.57 0 527500.00 527500.00
13/03/2007 28.30 28.18 28.60 28.40 0 1556800.00 1556800.00
14/03/2007 28.06 28.06 28.70 28.55 0 1423600.00 1423600.00
15/03/2007 28.60 28.50 28.85 28.68 0 434900.00 434900.00
16/03/2007 28.70 28.50 29.00 28.90 0 570300.00 570300.00
19/03/2007 29.00 29.00 29.50 29.25 0 499900.00 499900.00
20/03/2007 29.40 29.30 30.35 30.11 0 1028900.00 1028900.00
21/03/2007 30.35 30.01 30.47 30.41 0 574600.00 574600.00
22/03/2007 30.50 29.95 30.83 30.12 0 633800.00 633800.00
23/03/2007 30.25 30.25 30.88 30.81 0 725900.00 725900.00
26/03/2007 30.97 30.65 31.50 31.20 0 733300.00 733300.00
27/03/2007 31.44 31.10 31.55 31.40 0 707400.00 707400.00
28/03/2007 29.33 28.51 29.58 28.75 0 701500.00 701500.00
29/03/2007 29.20 28.78 29.50 28.90 0 397900.00 397900.00
30/03/2007 29.10 28.81 29.40 29.05 0 463200.00 463200.00
02/04/2007 29.00 28.72 29.35 29.01 0 316000.00 316000.00
03/04/2007 29.10 29.03 29.45 29.35 0 560800.00 560800.00
04/04/2007 29.33 29.30 29.75 29.59 0 266800.00 266800.00
05/04/2007 29.60 29.48 29.84 29.61 0 322100.00 322100.00
06/04/2007 29.61 29.61 29.61 29.61 0 0.00 0.00
09/04/2007 29.86 29.80 30.75 30.52 0 634000.00 634000.00
10/04/2007 30.47 30.00 31.30 31.30 0 559600.00 559600.00
11/04/2007 31.25 30.71 31.57 31.21 0 556500.00 556500.00
12/04/2007 30.90 30.68 31.42 31.00 0 357300.00 357300.00
13/04/2007 31.60 30.91 31.99 31.01 0 564200.00 564200.00
16/04/2007 31.14 31.13 31.77 31.30 0 320800.00 320800.00
17/04/2007 31.33 31.33 31.89 31.60 0 430300.00 430300.00
18/04/2007 31.50 31.39 31.58 31.45 0 529900.00 529900.00
19/04/2007 31.36 30.80 31.40 31.31 0 248800.00 248800.00
20/04/2007 31.35 31.32 31.50 31.45 0 209000.00 209000.00
23/04/2007 31.43 31.24 31.75 31.60 0 215200.00 215200.00
24/04/2007 31.69 31.50 31.80 31.51 0 114300.00 114300.00
25/04/2007 31.76 31.60 32.08 32.01 0 470600.00 470600.00
26/04/2007 31.90 31.50 32.50 32.35 0 339800.00 339800.00
27/04/2007 32.00 31.51 32.85 32.50 0 517600.00 517600.00
30/04/2007 32.50 31.20 32.80 31.50 0 1618500.00 1618500.00
01/05/2007 31.50 31.50 31.50 31.50 0 0.00 0.00
02/05/2007 31.75 31.75 33.40 33.40 0 751400.00 751400.00
03/05/2007 33.20 33.00 33.80 33.46 0 551600.00 551600.00
04/05/2007 33.50 33.50 34.21 33.99 0 498200.00 498200.00
07/05/2007 33.97 33.53 34.32 34.30 0 368200.00 368200.00
08/05/2007 34.00 33.75 34.30 34.28 0 251700.00 251700.00
09/05/2007 34.34 34.05 34.56 34.43 0 433600.00 433600.00
10/05/2007 34.61 34.35 35.50 34.95 0 987800.00 987800.00
11/05/2007 35.00 34.71 36.00 35.90 0 1278800.00 1278800.00
14/05/2007 35.89 35.30 36.40 36.20 0 326500.00 326500.00
15/05/2007 36.20 36.09 36.66 36.45 0 322700.00 322700.00
16/05/2007 36.69 36.68 37.66 37.59 0 762200.00 762200.00
17/05/2007 37.55 37.45 38.18 37.60 0 809700.00 809700.00
18/05/2007 37.60 36.40 37.60 36.80 0 1202300.00 1202300.00
21/05/2007 36.93 36.40 37.55 36.42 0 458600.00 458600.00
22/05/2007 36.68 35.50 36.68 35.60 0 727500.00 727500.00
23/05/2007 35.80 35.50 36.30 35.56 0 862800.00 862800.00
24/05/2007 35.40 34.29 35.50 34.70 0 938600.00 938600.00
25/05/2007 34.71 34.71 35.50 35.23 0 520500.00 520500.00
28/05/2007 35.60 35.55 36.65 36.25 0 375500.00 375500.00
29/05/2007 36.60 35.28 36.80 35.61 0 856100.00 856100.00
30/05/2007 35.15 34.73 35.84 35.49 0 593100.00 593100.00
31/05/2007 35.89 35.00 36.34 36.00 0 1266900.00 1266900.00
01/06/2007 35.99 35.77 36.49 36.15 0 440600.00 440600.00
04/06/2007 36.09 35.67 36.20 36.00 0 593500.00 593500.00
05/06/2007 36.01 35.36 36.68 35.81 0 476900.00 476900.00
06/06/2007 36.00 35.25 36.00 35.41 0 510400.00 510400.00
07/06/2007 35.41 35.41 35.41 35.41 0 0.00 0.00
08/06/2007 34.99 34.46 36.00 36.00 0 397500.00 397500.00
11/06/2007 36.05 35.84 36.81 36.51 0 439700.00 439700.00
12/06/2007 36.51 35.34 36.51 35.44 0 575000.00 575000.00
13/06/2007 35.70 35.61 36.35 36.10 0 841000.00 841000.00
14/06/2007 36.30 36.30 37.17 36.56 0 560200.00 560200.00
15/06/2007 36.95 36.80 37.88 37.50 0 529300.00 529300.00
18/06/2007 37.40 37.06 38.09 37.90 0 640200.00 640200.00
19/06/2007 37.65 37.50 38.28 37.60 0 357600.00 357600.00
20/06/2007 37.85 37.55 38.18 37.76 0 442700.00 442700.00
21/06/2007 37.91 37.81 39.40 39.30 0 587200.00 587200.00
22/06/2007 39.30 38.80 39.48 39.00 0 546200.00 546200.00
25/06/2007 39.20 38.29 39.50 38.41 0 452200.00 452200.00
26/06/2007 38.41 38.40 40.00 38.60 0 288300.00 288300.00
27/06/2007 38.85 38.33 38.90 38.75 0 486300.00 486300.00
28/06/2007 38.34 38.34 39.30 38.92 0 190300.00 190300.00
29/06/2007 39.09 38.76 39.50 38.76 0 262300.00 262300.00
02/07/2007 39.00 38.70 39.90 39.71 0 325900.00 325900.00
03/07/2007 39.60 39.60 40.65 40.15 0 406800.00 406800.00
04/07/2007 40.39 39.39 40.39 39.60 0 202500.00 202500.00
05/07/2007 39.72 38.50 40.00 39.02 0 645800.00 645800.00
06/07/2007 38.72 38.72 38.72 38.72 0 341500.00 341500.00
09/07/2007 38.72 38.72 38.72 38.72 0 0.00 0.00
10/07/2007 39.00 38.11 39.02 38.20 0 334400.00 334400.00
11/07/2007 38.20 38.10 38.97 38.59 0 365100.00 365100.00
12/07/2007 38.59 38.59 39.71 39.70 0 358100.00 358100.00
13/07/2007 39.69 39.30 40.10 39.89 0 374000.00 374000.00
16/07/2007 39.89 38.94 39.89 39.10 0 493800.00 493800.00
17/07/2007 39.68 39.30 39.95 39.45 0 172900.00 172900.00
18/07/2007 39.50 39.29 40.34 39.90 0 340600.00 340600.00
19/07/2007 40.29 40.10 40.57 40.44 0 300700.00 300700.00
20/07/2007 40.50 40.10 40.70 40.10 0 305600.00 305600.00
23/07/2007 40.70 40.10 40.80 40.10 0 379400.00 379400.00
24/07/2007 40.06 37.90 40.35 37.90 0 587100.00 587100.00
25/07/2007 38.70 38.00 39.50 39.30 0 459600.00 459600.00
26/07/2007 38.99 36.08 38.99 36.80 0 934700.00 934700.00
27/07/2007 36.60 36.10 37.40 36.50 0 1355100.00 1355100.00
30/07/2007 36.70 36.26 37.60 36.61 0 486500.00 486500.00
31/07/2007 37.25 35.72 37.44 35.74 0 792500.00 792500.00
01/08/2007 35.95 35.10 36.15 36.07 0 451800.00 451800.00
02/08/2007 36.50 36.20 37.25 36.66 0 338300.00 338300.00
03/08/2007 37.00 34.99 37.00 34.99 0 463600.00 463600.00
06/08/2007 35.51 33.75 35.90 35.50 0 485800.00 485800.00
07/08/2007 35.83 35.55 36.49 36.10 0 806400.00 806400.00
08/08/2007 36.90 36.90 38.00 37.80 0 515100.00 515100.00
09/08/2007 37.60 37.06 38.68 37.50 0 885000.00 885000.00
10/08/2007 37.30 36.40 37.30 37.00 0 869900.00 869900.00
13/08/2007 37.65 37.15 37.85 37.20 0 1253200.00 1253200.00
14/08/2007 37.85 36.26 37.95 36.26 0 926500.00 926500.00
15/08/2007 34.20 32.66 34.64 32.98 0 1186700.00 1186700.00
16/08/2007 31.00 29.80 32.35 31.03 0 1214800.00 1214800.00
17/08/2007 32.74 29.40 32.74 31.26 0 1566700.00 1566700.00
20/08/2007 32.01 32.00 33.46 33.28 0 649900.00 649900.00
21/08/2007 33.30 33.15 34.30 34.01 0 535900.00 535900.00
22/08/2007 34.90 34.50 35.00 34.80 0 410500.00 410500.00
23/08/2007 35.36 34.01 35.59 34.50 0 476300.00 476300.00
24/08/2007 34.50 34.25 35.49 35.00 0 518500.00 518500.00
27/08/2007 35.20 34.80 35.57 35.00 0 646500.00 646500.00
28/08/2007 34.99 33.75 34.99 33.75 0 1049200.00 1049200.00
29/08/2007 34.40 34.05 34.85 34.15 0 656900.00 656900.00
30/08/2007 34.18 33.00 34.18 33.40 0 613100.00 613100.00
31/08/2007 34.21 33.81 35.25 35.12 0 2903200.00 2903200.00
03/09/2007 34.91 34.46 35.08 34.46 0 675300.00 675300.00
04/09/2007 34.30 33.60 34.41 34.00 0 1114300.00 1114300.00
05/09/2007 33.74 33.08 33.86 33.30 0 793300.00 793300.00
06/09/2007 33.41 32.76 33.90 33.15 0 632000.00 632000.00
07/09/2007 33.15 33.15 33.15 33.15 0 0.00 0.00
10/09/2007 32.64 32.02 32.65 32.08 0 393500.00 393500.00
11/09/2007 32.39 31.95 32.70 32.40 0 472800.00 472800.00
12/09/2007 32.52 32.51 33.47 32.58 0 523900.00 523900.00
13/09/2007 32.80 32.49 32.99 32.60 0 334300.00 334300.00
14/09/2007 32.60 32.31 33.20 32.31 0 502300.00 502300.00
17/09/2007 32.30 31.90 32.43 32.05 0 441400.00 441400.00
18/09/2007 32.45 32.20 33.97 33.32 0 617300.00 617300.00
19/09/2007 33.80 33.40 34.34 33.65 0 567200.00 567200.00
20/09/2007 33.99 33.35 34.50 33.56 0 778000.00 778000.00
21/09/2007 33.71 33.71 34.94 34.65 0 633700.00 633700.00
24/09/2007 34.95 34.80 35.60 35.42 0 770700.00 770700.00
25/09/2007 35.00 34.83 36.24 35.90 0 634500.00 634500.00
26/09/2007 36.12 35.39 36.82 35.55 0 503400.00 503400.00
27/09/2007 36.00 35.28 36.18 35.80 0 609600.00 609600.00
28/09/2007 35.40 34.94 36.25 35.55 0 593700.00 593700.00
01/10/2007 35.55 35.40 36.51 36.40 0 353000.00 353000.00
02/10/2007 36.42 35.70 37.00 36.81 0 501500.00 501500.00
03/10/2007 37.00 36.43 37.10 36.60 0 593200.00 593200.00
04/10/2007 36.00 35.88 37.00 36.26 0 366000.00 366000.00
05/10/2007 36.66 36.50 37.10 36.67 0 341800.00 341800.00
08/10/2007 36.90 36.37 37.65 37.27 0 476100.00 476100.00
09/10/2007 37.90 37.25 38.65 38.65 0 692900.00 692900.00
10/10/2007 38.65 37.51 38.65 37.86 0 741100.00 741100.00
11/10/2007 38.51 36.36 38.51 36.84 0 726100.00 726100.00
12/10/2007 36.84 36.84 36.84 36.84 0 0.00 0.00
15/10/2007 37.20 35.98 37.29 35.98 0 1328600.00 1328600.00
16/10/2007 35.95 35.14 36.10 35.14 0 564000.00 564000.00
17/10/2007 35.51 34.89 36.42 35.68 0 680100.00 680100.00
18/10/2007 35.68 35.21 36.05 35.80 0 632200.00 632200.00
19/10/2007 36.45 34.90 36.50 34.90 0 475400.00 475400.00
22/10/2007 34.50 34.00 36.30 35.81 0 444900.00 444900.00
23/10/2007 35.76 35.61 37.23 37.00 0 420200.00 420200.00
24/10/2007 36.70 36.46 37.44 37.35 0 403400.00 403400.00
25/10/2007 36.90 36.76 37.95 36.78 0 533400.00 533400.00
26/10/2007 37.29 37.22 37.63 37.50 0 439900.00 439900.00
29/10/2007 37.51 37.51 38.28 37.71 0 494400.00 494400.00
30/10/2007 37.64 37.30 38.10 37.80 0 364700.00 364700.00
31/10/2007 37.90 37.54 38.80 38.03 0 590800.00 590800.00
01/11/2007 37.58 37.13 38.18 37.33 0 493000.00 493000.00
02/11/2007 37.33 37.33 37.33 37.33 0 0.00 0.00
05/11/2007 37.33 36.91 38.40 38.00 0 461600.00 461600.00
06/11/2007 38.00 38.00 39.09 38.90 0 587900.00 587900.00
07/11/2007 38.90 38.28 38.93 38.50 0 519900.00 519900.00
08/11/2007 38.50 37.00 39.00 37.00 0 712900.00 712900.00
09/11/2007 37.70 35.90 37.70 36.97 0 471400.00 471400.00
12/11/2007 36.50 35.13 37.00 35.32 0 372700.00 372700.00
13/11/2007 35.50 35.50 36.56 35.90 0 308400.00 308400.00
14/11/2007 36.35 36.35 37.50 37.20 0 378100.00 378100.00
15/11/2007 37.20 37.20 37.20 37.20 0 0.00 0.00
16/11/2007 37.15 36.37 37.59 36.70 0 551400.00 551400.00
19/11/2007 37.00 35.54 37.00 36.00 0 234800.00 234800.00
20/11/2007 36.00 36.00 36.00 36.00 0 0.00 0.00
21/11/2007 35.10 34.53 35.51 34.90 0 450100.00 450100.00
22/11/2007 35.18 33.81 35.18 34.32 0 368600.00 368600.00
23/11/2007 34.80 34.21 35.00 34.70 0 209800.00 209800.00
26/11/2007 34.85 33.43 35.04 33.43 0 470800.00 470800.00
27/11/2007 33.30 33.11 34.89 34.60 0 433700.00 433700.00
28/11/2007 34.41 34.41 35.40 35.20 0 484500.00 484500.00
29/11/2007 35.19 34.68 36.10 35.55 0 380200.00 380200.00
30/11/2007 35.55 35.20 37.29 35.20 0 484200.00 484200.00
03/12/2007 35.15 34.80 36.00 35.25 0 298200.00 298200.00
04/12/2007 34.70 34.50 36.95 36.70 0 450400.00 450400.00
05/12/2007 36.71 36.71 37.35 37.05 0 392900.00 392900.00
06/12/2007 37.10 36.15 37.44 36.95 0 530700.00 530700.00
07/12/2007 37.00 36.60 37.20 36.90 0 251500.00 251500.00
10/12/2007 37.00 36.60 37.49 37.21 0 400300.00 400300.00
11/12/2007 37.20 36.30 37.81 36.33 0 721600.00 721600.00
12/12/2007 36.51 36.30 37.49 36.43 0 442800.00 442800.00
13/12/2007 36.19 34.85 36.19 35.03 0 385200.00 385200.00
14/12/2007 35.20 34.30 35.96 34.95 0 266500.00 266500.00
17/12/2007 35.15 33.20 35.15 33.33 0 430500.00 430500.00
18/12/2007 33.85 32.68 34.20 33.45 0 344300.00 344300.00
19/12/2007 34.00 33.00 34.40 33.50 0 385400.00 385400.00
20/12/2007 33.65 33.12 34.50 33.61 0 662900.00 662900.00
21/12/2007 34.00 33.70 35.08 34.70 0 476300.00 476300.00
24/12/2007 34.70 34.70 34.70 34.70 0 0.00 0.00
25/12/2007 34.70 34.70 34.70 34.70 0 0.00 0.00
26/12/2007 34.80 34.30 35.20 34.90 0 304000.00 304000.00
27/12/2007 35.39 34.65 35.65 34.80 0 343300.00 343300.00
28/12/2007 35.39 33.67 35.39 33.67 0 421200.00 421200.00
31/12/2007 33.67 33.67 33.67 33.67 0 0.00 0.00
01/01/2008 33.67 33.67 33.67 33.67 0 0.00 0.00
02/01/2008 33.70 32.55 34.08 33.30 0 308500.00 308500.00
03/01/2008 32.90 32.88 34.00 33.53 0 380400.00 380400.00
04/01/2008 33.53 32.23 33.99 32.40 0 505500.00 505500.00
07/01/2008 32.80 32.00 33.00 32.36 0 313600.00 313600.00
08/01/2008 32.99 32.10 32.99 32.42 0 430400.00 430400.00
09/01/2008 32.20 31.97 33.74 33.40 0 370300.00 370300.00
10/01/2008 33.40 32.79 35.38 34.80 0 451900.00 451900.00
11/01/2008 34.80 33.45 34.85 33.45 0 370900.00 370900.00
14/01/2008 33.94 32.65 34.14 33.05 0 253300.00 253300.00
15/01/2008 32.80 32.65 33.62 32.80 0 511000.00 511000.00
16/01/2008 32.01 32.01 33.45 33.00 0 358200.00 358200.00
17/01/2008 32.81 31.70 33.25 31.80 0 371300.00 371300.00
18/01/2008 32.00 31.05 32.79 31.30 0 368400.00 368400.00
21/01/2008 30.84 29.50 30.84 29.75 0 253300.00 253300.00
22/01/2008 29.50 29.50 31.11 30.20 0 620900.00 620900.00
23/01/2008 30.00 28.95 30.90 30.40 0 536900.00 536900.00
24/01/2008 30.70 30.22 32.00 31.65 0 390900.00 390900.00
25/01/2008 31.65 31.65 31.65 31.65 0 0.00 0.00
28/01/2008 31.38 30.61 33.39 33.00 0 498900.00 498900.00
29/01/2008 32.62 31.85 33.00 32.00 0 320900.00 320900.00
30/01/2008 31.50 30.20 31.50 30.69 0 572800.00 572800.00
31/01/2008 30.69 29.70 30.69 30.26 0 425800.00 425800.00
01/02/2008 30.70 30.70 32.35 32.20 0 534700.00 534700.00
04/02/2008 32.20 32.20 32.20 32.20 0 0.00 0.00
05/02/2008 32.20 32.20 32.20 32.20 0 0.00 0.00
06/02/2008 31.70 30.91 31.99 31.00 0 308600.00 308600.00
07/02/2008 31.45 30.12 31.50 31.04 0 414400.00 414400.00
08/02/2008 31.45 30.61 31.53 31.00 0 217200.00 217200.00
11/02/2008 31.50 31.15 32.45 32.05 0 435100.00 435100.00
12/02/2008 32.33 32.33 33.14 32.84 0 595200.00 595200.00
13/02/2008 33.10 32.82 34.00 33.70 0 725600.00 725600.00
14/02/2008 33.65 33.05 34.13 33.60 0 465400.00 465400.00
15/02/2008 33.49 32.61 33.50 33.25 0 306500.00 306500.00
18/02/2008 33.94 33.15 33.98 33.52 0 151400.00 151400.00
19/02/2008 34.00 33.50 34.30 33.50 0 292300.00 292300.00
20/02/2008 33.75 32.90 34.81 34.50 0 222200.00 222200.00
21/02/2008 34.50 34.48 35.51 35.11 0 311000.00 311000.00
22/02/2008 34.99 34.90 35.89 35.55 0 388900.00 388900.00
25/02/2008 35.60 35.25 36.35 36.00 0 321200.00 321200.00
26/02/2008 35.70 35.30 37.54 37.00 0 313800.00 313800.00
27/02/2008 36.89 36.50 38.20 37.69 0 611600.00 611600.00
28/02/2008 37.20 36.90 38.66 36.90 0 433400.00 433400.00
29/02/2008 36.53 36.00 37.37 37.00 0 732500.00 732500.00
03/03/2008 36.98 36.71 38.49 38.31 0 583900.00 583900.00
04/03/2008 38.31 37.31 38.77 38.36 0 653400.00 653400.00
05/03/2008 38.31 38.20 39.07 38.81 0 736500.00 736500.00
06/03/2008 38.99 38.25 39.06 38.35 0 537600.00 537600.00
07/03/2008 36.69 35.57 36.69 35.67 0 382700.00 382700.00
10/03/2008 35.65 34.79 36.09 35.70 0 634500.00 634500.00
11/03/2008 36.10 35.65 36.97 36.70 0 637900.00 637900.00
12/03/2008 36.69 36.01 37.54 36.88 0 609800.00 609800.00
13/03/2008 37.04 35.61 37.40 36.86 0 520800.00 520800.00
14/03/2008 36.80 35.51 37.20 36.99 0 445000.00 445000.00
17/03/2008 36.99 36.99 36.99 36.99 0 0.00 0.00
18/03/2008 36.65 36.45 37.19 36.82 0 392300.00 392300.00
19/03/2008 37.00 35.13 37.49 35.30 0 373900.00 373900.00
20/03/2008 36.00 35.00 36.82 36.15 0 415500.00 415500.00
21/03/2008 36.15 36.15 36.15 36.15 0 0.00 0.00
24/03/2008 35.51 35.51 37.48 36.50 0 293100.00 293100.00
25/03/2008 37.07 36.49 37.10 36.82 0 412900.00 412900.00
26/03/2008 36.90 35.70 37.20 35.85 0 450500.00 450500.00
27/03/2008 36.85 35.53 36.85 35.70 0 289500.00 289500.00
28/03/2008 35.70 34.99 36.50 35.00 0 429100.00 429100.00
31/03/2008 35.00 34.59 35.87 35.31 0 315300.00 315300.00
01/04/2008 35.78 35.78 37.50 37.50 0 433000.00 433000.00
02/04/2008 37.50 37.50 39.02 38.30 0 454200.00 454200.00
03/04/2008 38.30 37.89 39.70 39.00 0 514500.00 514500.00
04/04/2008 39.50 39.01 40.65 40.00 0 862600.00 862600.00
07/04/2008 40.01 39.72 41.31 39.72 0 874000.00 874000.00
08/04/2008 39.42 38.24 39.42 38.26 0 972700.00 972700.00
09/04/2008 38.31 37.92 38.59 37.92 0 621300.00 621300.00
10/04/2008 38.20 37.96 38.93 38.50 0 415800.00 415800.00
11/04/2008 38.50 38.01 38.55 38.02 0 554000.00 554000.00
14/04/2008 38.04 37.61 38.30 38.00 0 426500.00 426500.00
15/04/2008 38.11 38.11 38.55 38.35 0 386200.00 386200.00
16/04/2008 38.90 38.52 38.90 38.74 0 614300.00 614300.00
17/04/2008 38.65 38.26 39.25 38.50 0 333800.00 333800.00
18/04/2008 39.00 38.67 39.20 38.73 0 283000.00 283000.00
22/04/2008 38.90 38.00 39.25 38.55 0 359500.00 359500.00
23/04/2008 38.61 38.40 38.97 38.40 0 172500.00 172500.00
24/04/2008 38.40 38.40 39.49 39.11 0 281300.00 281300.00
25/04/2008 39.60 38.80 40.05 39.45 0 339100.00 339100.00
28/04/2008 39.75 39.25 40.10 40.10 0 215300.00 215300.00
29/04/2008 39.90 38.35 39.90 38.45 0 280500.00 280500.00
30/04/2008 38.61 38.61 41.95 41.95 0 931000.00 931000.00
02/05/2008 41.76 40.41 42.98 40.41 0 596000.00 596000.00
05/05/2008 40.51 40.43 42.12 41.84 0 429200.00 429200.00
06/05/2008 41.25 40.56 41.63 40.99 0 500500.00 500500.00
07/05/2008 41.11 39.70 41.60 39.70 0 484200.00 484200.00
08/05/2008 39.91 39.91 40.80 40.50 0 368200.00 368200.00
09/05/2008 40.40 39.40 40.40 39.50 0 426600.00 426600.00
12/05/2008 40.00 39.66 40.75 39.66 0 457300.00 457300.00
13/05/2008 39.60 38.89 40.45 39.10 0 525300.00 525300.00
14/05/2008 39.10 38.76 39.49 38.76 0 476800.00 476800.00
15/05/2008 39.00 38.50 39.75 39.30 0 371200.00 371200.00
16/05/2008 39.88 39.50 40.48 40.24 0 304900.00 304900.00
19/05/2008 40.24 39.26 40.36 39.40 0 433100.00 433100.00
20/05/2008 39.43 38.93 39.64 39.05 0 726800.00 726800.00
21/05/2008 38.67 38.36 39.10 38.36 0 288600.00 288600.00
23/05/2008 38.60 38.12 38.87 38.25 0 214400.00 214400.00
26/05/2008 38.22 38.13 38.67 38.60 0 171900.00 171900.00
27/05/2008 38.95 38.09 39.00 38.20 0 341900.00 341900.00
28/05/2008 38.20 38.06 39.34 38.69 0 333200.00 333200.00
29/05/2008 39.00 37.85 39.27 38.20 0 234000.00 234000.00
30/05/2008 38.30 37.70 38.48 38.19 0 688400.00 688400.00
02/06/2008 38.05 37.05 38.10 37.20 0 473100.00 473100.00
03/06/2008 37.40 36.17 37.70 36.60 0 383100.00 383100.00
04/06/2008 36.61 36.16 37.60 37.30 0 406600.00 406600.00
05/06/2008 37.70 37.50 40.00 40.00 0 667800.00 667800.00
06/06/2008 38.95 37.72 38.95 37.72 0 473200.00 473200.00
10/06/2008 38.00 36.41 38.03 36.41 0 875000.00 875000.00
11/06/2008 36.52 35.50 36.89 36.00 0 833700.00 833700.00
12/06/2008 36.16 35.53 36.40 35.70 0 423000.00 423000.00
13/06/2008 35.81 35.57 35.95 35.72 0 198100.00 198100.00
16/06/2008 35.75 34.99 35.85 34.99 0 685200.00 685200.00
17/06/2008 35.50 34.90 35.68 35.10 0 878600.00 878600.00
18/06/2008 35.14 34.03 35.49 34.03 0 646600.00 646600.00
19/06/2008 34.15 33.25 34.96 33.51 0 1004400.00 1004400.00
20/06/2008 33.60 32.77 33.60 32.80 0 672000.00 672000.00
23/06/2008 32.80 32.55 33.01 32.90 0 651600.00 651600.00
24/06/2008 33.00 32.20 33.39 32.96 0 498500.00 498500.00
25/06/2008 33.15 33.11 34.50 34.49 0 325800.00 325800.00
26/06/2008 34.19 33.71 35.00 34.51 0 558000.00 558000.00
27/06/2008 33.71 33.71 36.70 36.25 0 1087700.00 1087700.00
30/06/2008 36.02 35.67 36.76 36.30 0 440400.00 440400.00
01/07/2008 35.79 35.03 36.27 35.05 0 325600.00 325600.00
02/07/2008 35.05 34.10 35.60 34.40 0 403700.00 403700.00
03/07/2008 34.40 34.05 35.20 34.40 0 403500.00 403500.00
04/07/2008 34.01 34.00 35.30 35.00 0 446200.00 446200.00
07/07/2008 35.01 34.03 36.04 34.60 0 371000.00 371000.00
08/07/2008 34.79 34.07 35.90 35.49 0 434800.00 434800.00
10/07/2008 35.49 35.00 36.79 36.60 0 555400.00 555400.00
11/07/2008 36.60 36.06 37.20 36.30 0 456000.00 456000.00
14/07/2008 37.30 36.57 37.54 37.25 0 460600.00 460600.00
15/07/2008 36.65 36.20 39.20 38.50 0 827200.00 827200.00
16/07/2008 38.49 38.32 39.52 39.41 0 738300.00 738300.00
17/07/2008 39.35 36.80 39.80 36.80 0 636500.00 636500.00
18/07/2008 37.15 36.48 38.00 36.90 0 420500.00 420500.00
21/07/2008 37.12 37.12 38.38 37.49 0 559900.00 559900.00
22/07/2008 37.48 37.00 38.20 37.50 0 583500.00 583500.00
23/07/2008 37.50 37.00 38.18 37.00 0 281500.00 281500.00
24/07/2008 37.05 36.51 37.71 36.59 0 305400.00 305400.00
25/07/2008 35.93 35.91 37.89 36.60 0 290700.00 290700.00
28/07/2008 36.65 36.20 37.02 36.20 0 215400.00 215400.00
29/07/2008 36.50 36.05 36.85 36.65 0 254800.00 254800.00
30/07/2008 37.00 36.71 37.10 36.83 0 275100.00 275100.00
31/07/2008 36.57 36.30 37.93 36.35 0 792000.00 792000.00
01/08/2008 36.36 36.10 37.00 36.15 0 446000.00 446000.00
04/08/2008 36.17 35.74 36.76 35.80 0 441700.00 441700.00
05/08/2008 35.90 35.76 36.56 36.00 0 556300.00 556300.00
06/08/2008 37.00 35.79 37.00 36.00 0 313700.00 313700.00
07/08/2008 36.45 35.70 36.53 35.70 0 359500.00 359500.00
08/08/2008 35.50 35.50 36.47 35.90 0 387500.00 387500.00
11/08/2008 36.06 34.20 36.56 34.33 0 393400.00 393400.00
12/08/2008 34.73 33.73 34.80 33.73 0 811600.00 811600.00
13/08/2008 33.80 33.70 35.10 34.20 0 1584300.00 1584300.00
14/08/2008 34.70 34.32 36.25 35.37 0 764800.00 764800.00
15/08/2008 35.80 34.55 36.00 34.71 0 389900.00 389900.00
18/08/2008 34.84 34.80 35.61 35.16 0 456900.00 456900.00
19/08/2008 35.20 34.87 36.20 35.86 0 294200.00 294200.00
20/08/2008 35.10 34.55 35.39 35.26 0 515000.00 515000.00
21/08/2008 35.30 34.04 35.49 34.35 0 454500.00 454500.00
22/08/2008 34.35 34.05 35.05 34.70 0 258400.00 258400.00
25/08/2008 34.70 34.19 34.87 34.19 0 336200.00 336200.00
26/08/2008 34.70 34.04 35.10 34.49 0 254900.00 254900.00
27/08/2008 34.79 34.21 34.95 34.68 0 297700.00 297700.00
28/08/2008 34.71 34.71 35.30 35.04 0 436100.00 436100.00
29/08/2008 35.00 34.00 35.30 34.00 0 610800.00 610800.00
01/09/2008 33.85 33.39 34.00 33.60 0 221300.00 221300.00
02/09/2008 33.35 33.30 34.43 33.30 0 402000.00 402000.00
03/09/2008 33.50 32.35 33.99 32.75 0 438500.00 438500.00
04/09/2008 33.13 31.50 33.13 31.50 0 426400.00 426400.00
05/09/2008 31.15 31.10 32.25 31.90 0 530400.00 530400.00
08/09/2008 32.05 31.25 32.75 31.44 0 815000.00 815000.00
09/09/2008 31.14 30.70 31.65 30.80 0 357200.00 357200.00
10/09/2008 31.00 30.25 31.70 30.79 0 689700.00 689700.00
11/09/2008 30.80 30.30 31.22 31.00 0 314500.00 314500.00
12/09/2008 31.11 30.31 31.90 31.30 0 591500.00 591500.00
15/09/2008 30.50 29.99 31.89 30.79 0 344700.00 344700.00
16/09/2008 30.50 29.54 30.90 30.70 0 707300.00 707300.00
17/09/2008 30.41 28.41 30.41 28.41 0 528600.00 528600.00
18/09/2008 28.99 28.61 31.01 30.90 0 786000.00 786000.00
19/09/2008 33.48 32.36 33.48 33.05 0 640300.00 640300.00
22/09/2008 32.99 32.99 34.19 33.02 0 564000.00 564000.00
23/09/2008 33.49 32.90 34.00 33.57 0 431300.00 431300.00
24/09/2008 33.20 33.20 34.45 34.15 0 486900.00 486900.00
25/09/2008 34.14 34.14 35.50 35.50 0 512900.00 512900.00
26/09/2008 34.30 34.10 36.30 35.85 0 575100.00 575100.00
29/09/2008 35.80 32.25 35.80 32.86 0 611700.00 611700.00
30/09/2008 33.50 33.45 36.29 35.50 0 876700.00 876700.00
01/10/2008 35.50 35.00 37.03 37.00 0 496200.00 496200.00
02/10/2008 36.90 35.81 37.10 36.16 0 920500.00 920500.00
03/10/2008 36.10 36.10 37.80 36.89 0 1051500.00 1051500.00
06/10/2008 35.99 33.64 36.00 36.00 0 592800.00 592800.00
07/10/2008 35.50 34.41 36.20 35.01 0 852400.00 852400.00
08/10/2008 34.00 30.85 34.32 30.85 0 1155000.00 1155000.00
09/10/2008 31.70 29.31 32.98 29.40 0 1890900.00 1890900.00
10/10/2008 28.79 27.00 29.70 28.77 0 656400.00 656400.00
13/10/2008 31.00 30.27 32.95 32.31 0 774900.00 774900.00
14/10/2008 34.00 31.34 34.00 32.79 0 454200.00 454200.00
15/10/2008 31.34 29.50 32.34 31.00 0 593500.00 593500.00
16/10/2008 32.25 29.97 32.38 31.98 0 576900.00 576900.00
17/10/2008 32.05 30.51 32.76 30.51 0 356800.00 356800.00
20/10/2008 30.56 30.55 32.20 31.53 0 399700.00 399700.00
21/10/2008 31.70 30.67 31.70 30.76 0 383700.00 383700.00
22/10/2008 29.79 29.00 30.96 29.00 0 541600.00 541600.00
23/10/2008 29.01 28.29 30.00 28.33 0 371500.00 371500.00
24/10/2008 28.25 27.11 29.00 28.30 0 398800.00 398800.00
27/10/2008 28.02 26.50 28.32 26.83 0 431100.00 431100.00
28/10/2008 27.42 26.40 29.75 29.48 0 455700.00 455700.00
29/10/2008 29.72 29.30 31.00 30.80 0 480600.00 480600.00
30/10/2008 31.00 30.52 32.90 31.80 0 435700.00 435700.00
31/10/2008 31.80 31.17 32.37 31.90 0 529000.00 529000.00
03/11/2008 31.13 30.90 32.50 31.90 0 367000.00 367000.00
04/11/2008 33.00 32.26 34.47 32.67 0 460600.00 460600.00
05/11/2008 33.00 30.30 33.00 30.69 0 308600.00 308600.00
06/11/2008 30.30 29.58 31.29 30.41 0 360100.00 360100.00
07/11/2008 30.50 29.80 31.38 30.61 0 225300.00 225300.00
10/11/2008 31.22 29.02 31.70 29.30 0 390000.00 390000.00
11/11/2008 29.30 28.92 30.70 30.25 0 452400.00 452400.00
12/11/2008 29.90 29.15 30.10 29.50 0 688100.00 688100.00
13/11/2008 29.50 29.34 31.00 30.98 0 433000.00 433000.00
14/11/2008 30.55 30.55 31.46 31.09 0 461800.00 461800.00
17/11/2008 30.26 30.00 33.65 32.77 0 659000.00 659000.00
18/11/2008 32.37 31.80 33.70 32.70 0 600700.00 600700.00
19/11/2008 32.25 32.25 33.88 33.40 0 550300.00 550300.00
21/11/2008 32.25 32.00 33.17 32.51 0 431800.00 431800.00
24/11/2008 33.35 32.89 34.30 33.76 0 307900.00 307900.00
25/11/2008 33.72 33.14 34.40 33.98 0 484300.00 484300.00
26/11/2008 33.59 33.45 34.80 33.88 0 584200.00 584200.00
27/11/2008 33.90 33.50 34.30 33.56 0 185900.00 185900.00
28/11/2008 33.50 31.91 34.40 31.91 0 574700.00 574700.00
01/12/2008 32.15 31.60 32.65 32.40 0 341700.00 341700.00
02/12/2008 32.80 32.21 34.35 34.18 0 399700.00 399700.00
03/12/2008 33.90 33.25 35.30 35.09 0 359400.00 359400.00
04/12/2008 35.01 35.01 35.98 35.37 0 469900.00 469900.00
05/12/2008 34.51 34.32 35.80 35.02 0 400500.00 400500.00
08/12/2008 35.90 34.82 37.10 34.82 0 621300.00 621300.00
09/12/2008 35.75 33.20 35.75 33.97 0 945600.00 945600.00
10/12/2008 34.28 33.10 34.60 33.44 0 396100.00 396100.00
11/12/2008 33.47 32.00 33.47 32.01 0 545700.00 545700.00
12/12/2008 32.39 31.90 32.99 32.99 0 442100.00 442100.00
15/12/2008 33.17 31.53 33.17 31.78 0 500300.00 500300.00
16/12/2008 32.21 32.11 33.26 32.85 0 487400.00 487400.00
17/12/2008 32.75 31.60 32.80 32.00 0 842000.00 842000.00
18/12/2008 32.38 32.01 32.90 32.50 0 441800.00 441800.00
19/12/2008 32.35 32.22 32.97 32.68 0 445900.00 445900.00
22/12/2008 32.95 31.72 32.95 31.92 0 500700.00 500700.00
23/12/2008 31.93 31.03 32.10 31.30 0 551200.00 551200.00
26/12/2008 31.80 30.47 32.00 30.47 0 152700.00 152700.00
29/12/2008 31.11 30.25 31.15 30.25 0 216400.00 216400.00
30/12/2008 31.00 30.15 31.62 30.15 0 385100.00 385100.00
02/01/2009 30.23 30.23 31.40 31.14 0 332800.00 332800.00
05/01/2009 31.99 30.60 31.99 31.14 0 353400.00 353400.00
06/01/2009 31.14 29.87 31.45 30.99 0 468100.00 468100.00
07/01/2009 31.13 30.60 31.13 30.79 0 237600.00 237600.00
08/01/2009 30.90 30.55 31.35 30.55 0 572600.00 572600.00
09/01/2009 30.72 30.35 30.95 30.52 0 392300.00 392300.00
12/01/2009 30.20 29.93 30.90 30.14 0 632200.00 632200.00
13/01/2009 29.98 29.89 31.05 30.79 0 324500.00 324500.00
14/01/2009 30.65 29.90 30.92 30.75 0 514700.00 514700.00
15/01/2009 30.60 30.10 31.20 31.17 0 555700.00 555700.00
16/01/2009 31.30 30.66 31.50 30.91 0 365700.00 365700.00
19/01/2009 31.54 30.09 31.54 30.09 0 216300.00 216300.00
20/01/2009 30.13 29.55 30.50 29.75 0 285500.00 285500.00
21/01/2009 29.64 29.60 30.24 30.18 0 184000.00 184000.00
22/01/2009 30.04 29.95 30.60 30.37 0 312500.00 312500.00
23/01/2009 30.50 29.49 30.67 30.30 0 224500.00 224500.00
26/01/2009 30.50 29.97 31.05 30.31 0 337700.00 337700.00
27/01/2009 30.60 29.78 30.60 29.90 0 354900.00 354900.00
28/01/2009 30.38 29.85 30.45 30.35 0 369700.00 369700.00
29/01/2009 30.90 29.86 30.90 30.49 0 123100.00 123100.00
30/01/2009 30.93 29.99 30.99 30.05 0 476600.00 476600.00
02/02/2009 29.86 29.40 29.89 29.55 0 163600.00 163600.00
03/02/2009 29.61 29.24 29.91 29.90 0 286400.00 286400.00
04/02/2009 29.92 29.69 30.87 30.35 0 624300.00 624300.00
05/02/2009 30.20 30.09 31.06 31.04 0 381300.00 381300.00
06/02/2009 31.08 30.27 31.19 30.89 0 367900.00 367900.00
09/02/2009 30.70 30.24 30.80 30.70 0 269500.00 269500.00
10/02/2009 30.90 29.97 31.28 30.00 0 666100.00 666100.00
11/02/2009 30.71 30.27 30.73 30.28 0 267300.00 267300.00
12/02/2009 29.92 29.92 30.41 30.30 0 345400.00 345400.00
13/02/2009 30.67 30.40 30.83 30.62 0 208800.00 208800.00
16/02/2009 30.49 30.20 30.58 30.58 0 155800.00 155800.00
17/02/2009 30.01 29.69 30.33 29.80 0 437000.00 437000.00
18/02/2009 29.98 29.60 30.27 30.15 0 378800.00 378800.00
19/02/2009 30.47 29.95 30.85 30.85 0 427600.00 427600.00
20/02/2009 30.39 30.06 31.15 30.42 0 598600.00 598600.00
25/02/2009 29.71 29.50 31.60 31.30 0 506900.00 506900.00
26/02/2009 31.90 31.09 31.90 31.20 0 483000.00 483000.00
27/02/2009 30.81 30.81 31.75 31.45 0 452300.00 452300.00
02/03/2009 31.30 30.65 31.39 30.84 0 351500.00 351500.00
03/03/2009 29.85 28.56 29.95 28.80 0 557300.00 557300.00
04/03/2009 29.13 28.77 30.10 29.70 0 627500.00 627500.00
05/03/2009 28.90 28.73 29.49 28.80 0 369700.00 369700.00
06/03/2009 28.85 28.48 29.29 29.00 0 343900.00 343900.00
09/03/2009 28.55 28.13 29.00 28.50 0 451300.00 451300.00
10/03/2009 28.78 28.61 29.50 29.50 0 446800.00 446800.00
11/03/2009 29.62 29.12 29.75 29.65 0 274000.00 274000.00
12/03/2009 29.50 28.96 29.68 29.55 0 407200.00 407200.00
13/03/2009 29.92 29.00 29.94 29.67 0 207000.00 207000.00
16/03/2009 29.76 28.99 29.94 29.10 0 362500.00 362500.00
17/03/2009 29.05 29.05 29.73 29.71 0 240100.00 240100.00
