18/11/2005 53.00 53.00 55.90 55.60 0 19496700.00 19496700.00
21/11/2005 55.70 53.50 57.28 56.00 0 3744900.00 3744900.00
22/11/2005 55.69 54.18 56.60 56.60 0 2136300.00 2136300.00
23/11/2005 56.71 56.03 57.99 56.46 0 1773900.00 1773900.00
24/11/2005 56.51 56.50 57.99 57.67 0 1897200.00 1897200.00
25/11/2005 57.90 56.95 61.35 61.20 0 2939700.00 2939700.00
28/11/2005 61.31 58.03 62.29 58.50 0 764100.00 764100.00
29/11/2005 59.08 57.01 59.51 57.40 0 947700.00 947700.00
30/11/2005 57.21 56.50 58.84 58.34 0 1003200.00 1003200.00
01/12/2005 58.30 57.66 62.51 61.70 0 2012100.00 2012100.00
02/12/2005 61.80 61.77 66.50 65.97 0 1849500.00 1849500.00
05/12/2005 65.60 63.56 65.69 65.60 0 423000.00 423000.00
06/12/2005 68.48 64.40 69.50 68.48 0 1702500.00 1702500.00
07/12/2005 67.00 67.00 69.80 67.00 0 788100.00 788100.00
08/12/2005 64.75 64.10 67.70 64.75 0 694200.00 694200.00
09/12/2005 63.85 63.85 65.30 63.85 0 379800.00 379800.00
12/12/2005 65.24 63.86 65.30 65.24 0 452100.00 452100.00
13/12/2005 68.50 65.03 68.50 68.50 0 1882800.00 1882800.00
14/12/2005 68.50 66.00 70.00 68.50 0 709500.00 709500.00
15/12/2005 67.30 66.00 68.00 67.30 0 541800.00 541800.00
16/12/2005 64.50 63.10 66.45 64.50 0 1342500.00 1342500.00
19/12/2005 67.00 64.21 67.00 67.00 0 847800.00 847800.00
20/12/2005 67.60 66.50 68.10 67.60 0 1110600.00 1110600.00
21/12/2005 69.15 67.60 69.30 69.15 0 743100.00 743100.00
22/12/2005 66.70 66.60 68.90 66.70 0 249900.00 249900.00
23/12/2005 67.99 65.75 67.99 67.99 0 167700.00 167700.00
26/12/2005 67.75 67.10 67.77 67.75 0 37800.00 37800.00
27/12/2005 68.80 67.70 68.89 68.80 0 97800.00 97800.00
28/12/2005 67.60 66.49 68.59 67.60 0 390000.00 390000.00
29/12/2005 68.13 67.50 68.13 68.13 0 171000.00 171000.00
30/12/2005 68.13 68.13 68.13 68.13 0 0.00 0.00
02/01/2006 68.00 66.52 68.00 68.00 0 54300.00 54300.00
03/01/2006 70.20 68.00 71.78 70.20 0 615000.00 615000.00
04/01/2006 75.50 70.50 76.50 75.50 0 938100.00 938100.00
05/01/2006 81.00 75.99 83.80 81.00 0 2340600.00 2340600.00
06/01/2006 76.20 76.00 83.40 76.20 0 1028100.00 1028100.00
09/01/2006 76.00 76.00 79.60 77.25 0 762600.00 762600.00
10/01/2006 74.50 73.65 76.66 74.50 0 2114700.00 2114700.00
11/01/2006 74.59 74.59 80.25 79.20 0 1502100.00 1502100.00
12/01/2006 78.69 77.65 84.75 84.75 0 1087200.00 1087200.00
13/01/2006 84.74 81.00 84.74 82.00 0 662700.00 662700.00
16/01/2006 82.11 82.10 85.60 84.80 0 844800.00 844800.00
17/01/2006 84.48 81.50 84.48 82.30 0 547500.00 547500.00
18/01/2006 81.50 79.50 83.50 82.00 0 790500.00 790500.00
19/01/2006 83.99 83.99 87.94 87.50 0 507300.00 507300.00
20/01/2006 87.06 86.50 89.80 89.40 0 636000.00 636000.00
23/01/2006 90.00 88.00 94.00 93.80 0 643500.00 643500.00
24/01/2006 94.98 91.50 97.99 97.40 0 786000.00 786000.00
25/01/2006 97.40 97.40 97.40 97.40 0 0.00 0.00
26/01/2006 98.00 95.60 99.20 97.60 0 1073400.00 1073400.00
27/01/2006 99.00 95.00 100.00 96.25 0 909900.00 909900.00
30/01/2006 95.10 90.10 98.00 94.60 0 1173300.00 1173300.00
31/01/2006 95.98 88.60 95.98 89.25 0 848100.00 848100.00
01/02/2006 88.89 87.20 93.86 93.00 0 2230800.00 2230800.00
02/02/2006 96.00 92.00 97.00 97.00 0 1585500.00 1585500.00
03/02/2006 98.00 94.50 100.98 99.40 0 1169100.00 1169100.00
06/02/2006 103.80 101.51 111.50 107.00 0 1494300.00 1494300.00
07/02/2006 107.02 101.21 109.49 101.60 0 1063200.00 1063200.00
08/02/2006 103.00 97.60 103.00 99.60 0 663900.00 663900.00
09/02/2006 105.51 102.54 108.00 104.00 0 766800.00 766800.00
10/02/2006 107.00 105.00 111.00 108.50 0 1329000.00 1329000.00
13/02/2006 109.50 108.50 115.90 115.00 0 599400.00 599400.00
14/02/2006 115.96 115.95 121.89 119.00 0 1123800.00 1123800.00
15/02/2006 120.26 110.01 123.99 110.01 0 922200.00 922200.00
16/02/2006 114.02 101.61 116.00 110.00 0 2404800.00 2404800.00
17/02/2006 108.00 105.20 113.00 106.00 0 702600.00 702600.00
20/02/2006 100.00 95.00 104.79 103.75 0 1385700.00 1385700.00
21/02/2006 104.00 99.02 105.90 103.00 0 1008000.00 1008000.00
22/02/2006 103.99 102.67 109.45 106.50 0 414000.00 414000.00
23/02/2006 109.50 106.60 110.00 108.30 0 1099800.00 1099800.00
24/02/2006 108.30 108.30 113.99 113.20 0 373200.00 373200.00
27/02/2006 113.20 113.20 113.20 113.20 0 0.00 0.00
28/02/2006 113.20 113.20 113.20 113.20 0 0.00 0.00
01/03/2006 113.00 111.50 117.50 116.00 0 459600.00 459600.00
02/03/2006 116.50 112.51 117.00 113.05 0 395700.00 395700.00
03/03/2006 113.00 110.81 114.00 112.20 0 227400.00 227400.00
06/03/2006 112.89 109.80 116.55 111.10 0 186000.00 186000.00
07/03/2006 111.00 106.70 111.00 108.50 0 597600.00 597600.00
08/03/2006 110.99 104.00 110.99 105.25 0 296700.00 296700.00
09/03/2006 107.40 104.80 110.50 104.80 0 569400.00 569400.00
10/03/2006 106.01 105.20 109.48 108.00 0 406200.00 406200.00
13/03/2006 108.00 106.80 111.98 110.00 0 448200.00 448200.00
14/03/2006 110.01 107.80 112.00 108.90 0 166500.00 166500.00
15/03/2006 109.49 109.00 114.00 110.00 0 336000.00 336000.00
16/03/2006 112.98 111.00 115.98 114.45 0 820500.00 820500.00
17/03/2006 114.41 111.00 116.50 114.70 0 507000.00 507000.00
20/03/2006 114.00 114.00 123.47 123.05 0 1339800.00 1339800.00
21/03/2006 122.00 120.03 131.50 129.45 0 1189500.00 1189500.00
22/03/2006 128.50 125.50 129.95 126.50 0 1079100.00 1079100.00
23/03/2006 126.29 126.29 135.00 135.00 0 874800.00 874800.00
24/03/2006 141.01 134.50 147.00 143.10 0 861000.00 861000.00
27/03/2006 146.11 143.00 150.90 148.00 0 861000.00 861000.00
28/03/2006 148.51 134.00 148.60 138.00 0 474600.00 474600.00
29/03/2006 142.99 137.00 143.70 143.00 0 632700.00 632700.00
30/03/2006 145.30 145.30 155.00 145.90 0 458400.00 458400.00
31/03/2006 146.50 145.20 151.00 148.40 0 655800.00 655800.00
03/04/2006 151.00 150.51 154.60 154.10 0 247500.00 247500.00
04/04/2006 154.19 152.00 160.50 158.50 0 173400.00 173400.00
05/04/2006 163.79 162.00 170.99 163.50 0 1171800.00 1171800.00
06/04/2006 166.80 161.00 168.01 163.00 0 373200.00 373200.00
07/04/2006 166.41 150.20 166.41 150.20 0 842100.00 842100.00
10/04/2006 151.20 138.00 154.50 144.00 0 1259400.00 1259400.00
11/04/2006 146.50 130.20 147.99 134.50 0 1908000.00 1908000.00
12/04/2006 134.99 133.50 143.50 141.50 0 1365300.00 1365300.00
13/04/2006 142.50 139.00 147.99 141.00 0 648600.00 648600.00
14/04/2006 141.00 141.00 141.00 141.00 0 0.00 0.00
17/04/2006 143.00 136.50 143.00 139.50 0 633300.00 633300.00
18/04/2006 140.00 138.00 145.00 144.00 0 718500.00 718500.00
19/04/2006 144.90 144.90 154.90 152.10 0 903000.00 903000.00
20/04/2006 151.00 151.00 160.50 155.00 0 1104000.00 1104000.00
21/04/2006 155.00 155.00 155.00 155.00 0 0.00 0.00
24/04/2006 161.94 153.02 162.98 162.50 0 673800.00 673800.00
25/04/2006 164.50 159.01 166.39 163.50 0 315000.00 315000.00
26/04/2006 163.97 158.03 163.97 160.50 0 372600.00 372600.00
27/04/2006 159.00 156.00 162.00 160.00 0 519600.00 519600.00
28/04/2006 161.09 160.60 166.00 160.60 0 420000.00 420000.00
01/05/2006 160.60 160.60 160.60 160.60 0 0.00 0.00
02/05/2006 165.50 160.00 165.50 160.00 0 650400.00 650400.00
03/05/2006 161.99 158.53 162.00 159.50 0 393600.00 393600.00
04/05/2006 158.00 155.05 165.90 163.00 0 867000.00 867000.00
05/05/2006 164.40 163.98 178.51 178.51 0 1172100.00 1172100.00
08/05/2006 179.70 179.70 189.79 180.50 0 628500.00 628500.00
09/05/2006 181.70 174.80 184.50 177.00 0 391500.00 391500.00
10/05/2006 174.00 172.00 176.00 174.90 0 209100.00 209100.00
11/05/2006 175.00 175.00 180.89 178.00 0 516000.00 516000.00
12/05/2006 175.00 172.50 175.98 173.01 0 364200.00 364200.00
15/05/2006 173.00 156.25 173.00 158.00 0 1110000.00 1110000.00
16/05/2006 160.81 157.31 165.90 160.00 0 916200.00 916200.00
17/05/2006 151.11 146.00 162.50 153.50 0 1033500.00 1033500.00
18/05/2006 154.00 144.10 155.50 144.10 0 782100.00 782100.00
19/05/2006 146.00 142.50 149.50 146.90 0 643800.00 643800.00
22/05/2006 140.00 130.00 140.00 133.00 0 1061400.00 1061400.00
23/05/2006 136.01 123.10 142.01 127.00 0 901500.00 901500.00
24/05/2006 128.00 118.00 129.10 119.01 0 1489200.00 1489200.00
25/05/2006 123.50 122.51 134.00 134.00 0 976500.00 976500.00
26/05/2006 141.50 140.00 155.50 145.03 0 1035000.00 1035000.00
29/05/2006 147.01 145.01 154.50 148.20 0 453900.00 453900.00
30/05/2006 143.90 134.50 143.90 135.51 0 698700.00 698700.00
31/05/2006 138.00 138.00 146.00 143.50 0 1338600.00 1338600.00
01/06/2006 146.00 136.80 146.01 139.00 0 1113600.00 1113600.00
02/06/2006 144.92 139.99 145.50 140.00 0 267000.00 267000.00
05/06/2006 140.01 128.00 140.26 130.00 0 694500.00 694500.00
06/06/2006 128.00 125.00 132.01 132.01 0 679800.00 679800.00
07/06/2006 135.00 127.05 135.00 128.60 0 663300.00 663300.00
08/06/2006 120.99 117.06 127.00 121.00 0 1588500.00 1588500.00
09/06/2006 127.00 123.05 128.90 124.50 0 507300.00 507300.00
12/06/2006 124.05 117.50 125.46 118.90 0 336900.00 336900.00
13/06/2006 118.00 113.10 122.50 116.50 0 571500.00 571500.00
14/06/2006 118.50 113.00 120.50 120.00 0 558300.00 558300.00
15/06/2006 120.00 120.00 120.00 120.00 0 0.00 0.00
16/06/2006 125.00 123.02 127.90 126.90 0 516900.00 516900.00
19/06/2006 128.19 124.00 130.00 128.00 0 694200.00 694200.00
20/06/2006 128.01 126.00 130.25 128.00 0 261300.00 261300.00
21/06/2006 128.45 126.30 135.00 134.00 0 361200.00 361200.00
22/06/2006 134.00 131.00 134.99 131.00 0 127500.00 127500.00
23/06/2006 129.99 127.90 134.00 131.50 0 219000.00 219000.00
26/06/2006 130.00 128.00 132.78 130.00 0 143400.00 143400.00
27/06/2006 128.31 123.90 129.93 123.90 0 164700.00 164700.00
28/06/2006 123.91 120.10 127.89 127.89 0 372000.00 372000.00
29/06/2006 128.00 127.00 134.80 134.00 0 614100.00 614100.00
30/06/2006 135.00 134.50 139.90 139.50 0 662700.00 662700.00
03/07/2006 138.20 138.00 144.95 143.46 0 603000.00 603000.00
04/07/2006 142.50 136.50 144.39 138.54 0 497100.00 497100.00
05/07/2006 137.00 130.14 138.00 137.00 0 446700.00 446700.00
06/07/2006 138.00 136.13 140.04 139.90 0 358500.00 358500.00
07/07/2006 140.60 138.00 142.00 140.00 0 420600.00 420600.00
10/07/2006 140.06 136.05 140.14 137.50 0 291900.00 291900.00
11/07/2006 137.46 133.50 142.00 139.00 0 6119400.00 6119400.00
12/07/2006 138.99 137.30 140.94 138.00 0 268800.00 268800.00
13/07/2006 137.89 133.01 137.89 134.47 0 397800.00 397800.00
14/07/2006 136.97 134.06 139.80 139.80 0 396000.00 396000.00
17/07/2006 139.90 138.31 145.99 142.99 0 764700.00 764700.00
18/07/2006 143.54 143.00 149.97 149.88 0 851700.00 851700.00
19/07/2006 149.81 149.26 154.70 150.50 0 473100.00 473100.00
20/07/2006 149.14 145.50 152.20 146.51 0 1495800.00 1495800.00
21/07/2006 146.98 143.99 148.40 147.00 0 595200.00 595200.00
24/07/2006 148.50 145.90 149.00 149.00 0 388200.00 388200.00
25/07/2006 148.89 146.10 150.00 149.50 0 236100.00 236100.00
26/07/2006 149.50 148.00 150.00 149.00 0 579000.00 579000.00
27/07/2006 149.00 149.00 155.90 152.00 0 747000.00 747000.00
28/07/2006 150.10 142.11 151.00 143.00 0 592800.00 592800.00
31/07/2006 143.00 139.49 143.00 140.75 0 386700.00 386700.00
01/08/2006 139.90 132.50 139.90 134.60 0 1224900.00 1224900.00
02/08/2006 136.48 135.90 144.00 144.00 0 500400.00 500400.00
03/08/2006 141.11 140.60 147.00 146.07 0 299400.00 299400.00
04/08/2006 147.21 141.05 149.95 143.80 0 454500.00 454500.00
07/08/2006 142.92 140.05 143.00 142.00 0 194700.00 194700.00
08/08/2006 142.00 140.10 144.17 141.90 0 314100.00 314100.00
09/08/2006 142.70 134.80 143.70 134.87 0 862800.00 862800.00
10/08/2006 135.00 128.50 135.51 129.00 0 1243500.00 1243500.00
11/08/2006 132.51 125.10 136.00 125.10 0 1161900.00 1161900.00
14/08/2006 126.00 118.50 128.00 126.00 0 1849500.00 1849500.00
15/08/2006 120.99 116.50 125.66 125.52 0 1196100.00 1196100.00
16/08/2006 127.50 126.50 129.30 128.00 0 582900.00 582900.00
17/08/2006 127.10 121.00 128.00 121.00 0 645000.00 645000.00
18/08/2006 122.00 119.02 123.48 120.40 0 457500.00 457500.00
21/08/2006 120.40 116.90 121.46 118.00 0 560400.00 560400.00
22/08/2006 116.99 116.31 120.50 116.31 0 728100.00 728100.00
23/08/2006 116.41 109.00 117.40 110.00 0 1453800.00 1453800.00
24/08/2006 111.49 109.00 114.40 114.00 0 3395400.00 3395400.00
25/08/2006 115.39 114.70 120.00 119.65 0 1038600.00 1038600.00
28/08/2006 119.25 115.80 121.70 120.00 0 390900.00 390900.00
29/08/2006 120.50 114.26 121.00 114.26 0 713700.00 713700.00
30/08/2006 114.50 108.31 114.50 109.78 0 1283700.00 1283700.00
31/08/2006 111.50 109.20 113.96 113.00 0 822900.00 822900.00
01/09/2006 38.47 37.60 39.00 38.01 0 417800.00 417800.00
04/09/2006 38.41 38.10 40.19 39.80 0 1225800.00 1225800.00
05/09/2006 38.90 38.60 39.90 38.65 0 548600.00 548600.00
06/09/2006 38.19 37.62 38.47 38.00 0 441900.00 441900.00
08/09/2006 37.44 37.40 38.70 38.00 0 164200.00 164200.00
11/09/2006 37.91 36.02 38.00 36.40 0 538900.00 538900.00
12/09/2006 36.70 36.11 37.00 36.49 0 263800.00 263800.00
13/09/2006 36.64 35.15 38.18 37.70 0 614600.00 614600.00
14/09/2006 37.80 36.30 38.00 36.30 0 345100.00 345100.00
15/09/2006 37.24 35.62 37.70 35.80 0 424800.00 424800.00
18/09/2006 36.00 35.00 36.30 35.00 0 665200.00 665200.00
19/09/2006 34.70 33.55 34.85 34.05 0 623900.00 623900.00
20/09/2006 34.37 31.75 34.50 33.58 0 806200.00 806200.00
21/09/2006 31.10 30.33 32.80 30.50 0 741000.00 741000.00
22/09/2006 29.99 28.36 30.45 29.70 0 1380100.00 1380100.00
25/09/2006 29.63 27.76 30.19 27.80 0 2180200.00 2180200.00
26/09/2006 28.34 27.16 29.95 29.95 0 2595300.00 2595300.00
27/09/2006 30.05 29.71 32.93 32.60 0 2632500.00 2632500.00
28/09/2006 32.80 32.80 35.80 35.80 0 1865700.00 1865700.00
29/09/2006 36.21 34.51 36.40 35.05 0 1151400.00 1151400.00
02/10/2006 36.00 34.63 36.85 35.01 0 663700.00 663700.00
03/10/2006 33.70 33.24 35.15 33.50 0 1203100.00 1203100.00
04/10/2006 33.41 31.35 33.52 32.92 0 1507400.00 1507400.00
05/10/2006 33.67 33.21 34.40 33.65 0 759600.00 759600.00
06/10/2006 32.89 32.40 33.81 33.81 0 405900.00 405900.00
09/10/2006 33.79 33.65 34.20 33.87 0 4100.00 4100.00
11/10/2006 35.24 34.53 35.45 35.00 0 415400.00 415400.00
13/10/2006 35.70 35.31 36.38 36.00 0 520100.00 520100.00
16/10/2006 36.05 36.00 36.96 36.89 0 526500.00 526500.00
17/10/2006 37.69 36.16 37.93 37.90 0 845700.00 845700.00
18/10/2006 38.68 37.12 38.73 37.45 0 668000.00 668000.00
19/10/2006 37.55 36.10 38.29 36.55 0 858100.00 858100.00
20/10/2006 36.62 36.20 37.78 37.38 0 627700.00 627700.00
23/10/2006 37.25 37.00 38.00 37.80 0 549000.00 549000.00
24/10/2006 37.80 37.05 38.60 38.50 0 243200.00 243200.00
25/10/2006 38.50 37.67 39.35 38.30 0 873600.00 873600.00
26/10/2006 38.51 36.90 38.95 37.00 0 494100.00 494100.00
27/10/2006 36.71 35.65 36.71 36.54 0 383100.00 383100.00
30/10/2006 36.70 35.50 36.70 35.75 0 337100.00 337100.00
31/10/2006 35.75 35.75 36.60 36.50 0 340700.00 340700.00
01/11/2006 37.50 35.81 38.00 36.65 0 648800.00 648800.00
03/11/2006 37.02 36.80 37.48 37.48 0 155900.00 155900.00
06/11/2006 37.52 37.10 38.80 38.70 0 857200.00 857200.00
07/11/2006 38.60 37.85 38.74 38.15 0 345700.00 345700.00
08/11/2006 37.82 36.90 37.82 37.21 0 331100.00 331100.00
09/11/2006 37.98 37.01 38.35 37.50 0 1084800.00 1084800.00
10/11/2006 37.30 36.10 37.30 36.80 0 535000.00 535000.00
13/11/2006 36.59 36.02 36.95 36.11 0 449500.00 449500.00
14/11/2006 36.30 36.27 37.50 37.50 0 742100.00 742100.00
16/11/2006 37.75 37.65 38.95 38.30 0 980600.00 980600.00
17/11/2006 38.01 36.75 38.10 37.18 0 448400.00 448400.00
21/11/2006 37.52 37.20 38.35 37.64 0 429200.00 429200.00
22/11/2006 38.03 37.80 39.30 38.41 0 1425400.00 1425400.00
23/11/2006 38.71 37.76 38.92 38.30 0 531900.00 531900.00
24/11/2006 38.19 37.22 38.50 37.67 0 489500.00 489500.00
27/11/2006 37.70 35.90 37.70 36.00 0 1106000.00 1106000.00
28/11/2006 36.47 34.70 36.47 35.70 0 618000.00 618000.00
29/11/2006 36.22 35.60 36.48 36.00 0 495700.00 495700.00
30/11/2006 36.49 36.06 37.90 37.68 0 921700.00 921700.00
01/12/2006 37.70 36.82 38.35 37.30 0 776400.00 776400.00
04/12/2006 37.40 37.40 38.41 37.98 0 457700.00 457700.00
05/12/2006 37.98 37.50 38.47 37.70 0 640600.00 640600.00
06/12/2006 37.71 36.95 38.00 37.00 0 560500.00 560500.00
07/12/2006 37.50 36.60 37.68 36.63 0 221000.00 221000.00
08/12/2006 36.70 36.55 37.10 36.95 0 585300.00 585300.00
11/12/2006 37.49 36.60 37.76 36.65 0 619600.00 619600.00
12/12/2006 36.65 36.65 37.65 37.20 0 930400.00 930400.00
13/12/2006 37.40 36.85 37.50 37.05 0 217900.00 217900.00
14/12/2006 37.12 37.10 40.18 40.08 0 2397000.00 2397000.00
15/12/2006 41.80 40.25 42.55 42.55 0 1864200.00 1864200.00
18/12/2006 43.00 42.62 44.90 44.60 0 1277900.00 1277900.00
19/12/2006 43.00 42.49 45.86 44.50 0 2496500.00 2496500.00
20/12/2006 44.80 42.51 44.80 43.05 0 1245200.00 1245200.00
21/12/2006 43.00 41.00 43.00 42.23 0 2996700.00 2996700.00
22/12/2006 42.73 42.05 43.36 42.50 0 588500.00 588500.00
26/12/2006 42.50 42.50 43.20 42.80 0 613600.00 613600.00
27/12/2006 43.41 43.12 44.18 43.30 0 1413000.00 1413000.00
28/12/2006 43.39 43.39 44.70 44.70 0 2135400.00 2135400.00
02/01/2007 45.16 45.10 47.15 47.15 0 810100.00 810100.00
03/01/2007 46.90 45.30 47.66 45.40 0 895200.00 895200.00
04/01/2007 45.73 43.50 45.73 43.92 0 1113300.00 1113300.00
05/01/2007 41.51 40.25 43.90 40.50 0 1794800.00 1794800.00
08/01/2007 41.00 39.50 42.50 42.50 0 1150900.00 1150900.00
09/01/2007 42.85 40.06 43.00 40.79 0 1102000.00 1102000.00
10/01/2007 39.99 39.01 41.00 40.50 0 885000.00 885000.00
11/01/2007 40.50 39.60 41.49 41.19 0 597900.00 597900.00
12/01/2007 41.30 40.63 41.88 41.25 0 488100.00 488100.00
15/01/2007 41.31 41.30 42.36 42.00 0 468100.00 468100.00
16/01/2007 41.38 40.85 41.50 40.85 0 595500.00 595500.00
17/01/2007 40.86 39.95 41.20 40.10 0 487700.00 487700.00
18/01/2007 40.45 38.90 41.10 39.01 0 499800.00 499800.00
19/01/2007 39.40 39.10 41.00 41.00 0 359100.00 359100.00
22/01/2007 41.60 41.00 42.28 41.29 0 804500.00 804500.00
23/01/2007 40.60 40.20 41.20 40.50 0 858700.00 858700.00
24/01/2007 40.90 39.40 41.22 39.70 0 1133600.00 1133600.00
26/01/2007 39.70 37.79 39.70 38.20 0 1446500.00 1446500.00
29/01/2007 38.00 36.25 38.10 36.70 0 1424000.00 1424000.00
30/01/2007 37.00 36.40 37.16 37.00 0 852800.00 852800.00
31/01/2007 37.05 37.05 40.70 40.70 0 1811000.00 1811000.00
01/02/2007 41.35 39.40 41.35 40.00 0 1160200.00 1160200.00
02/02/2007 39.40 39.40 40.78 40.15 0 636200.00 636200.00
05/02/2007 39.59 39.40 41.25 41.15 0 961200.00 961200.00
06/02/2007 41.20 39.70 41.35 39.70 0 1476300.00 1476300.00
07/02/2007 39.45 37.20 40.10 37.20 0 1332700.00 1332700.00
08/02/2007 36.99 36.51 37.81 37.59 0 1388600.00 1388600.00
09/02/2007 38.00 37.80 39.45 39.39 0 1612200.00 1612200.00
12/02/2007 39.50 38.70 40.35 40.01 0 1146600.00 1146600.00
13/02/2007 39.95 39.95 41.90 41.90 0 1583600.00 1583600.00
14/02/2007 42.36 40.55 43.00 42.95 0 2763400.00 2763400.00
15/02/2007 42.60 41.37 43.10 41.37 0 656700.00 656700.00
16/02/2007 41.40 39.90 41.89 40.70 0 1146700.00 1146700.00
21/02/2007 40.50 39.50 42.50 41.50 0 1205100.00 1205100.00
22/02/2007 42.06 41.11 42.50 42.25 0 1734400.00 1734400.00
23/02/2007 42.00 41.15 42.20 41.50 0 825400.00 825400.00
26/02/2007 41.88 40.12 42.20 41.39 0 895700.00 895700.00
27/02/2007 39.27 36.52 40.50 38.00 0 1351900.00 1351900.00
28/02/2007 39.00 38.51 39.50 39.22 0 1090800.00 1090800.00
01/03/2007 38.15 37.01 39.98 39.98 0 561800.00 561800.00
02/03/2007 39.10 38.70 40.45 40.10 0 1147400.00 1147400.00
05/03/2007 39.00 38.20 39.50 38.51 0 564100.00 564100.00
06/03/2007 39.60 39.00 39.91 39.51 0 441400.00 441400.00
07/03/2007 40.00 38.50 40.47 38.50 0 819200.00 819200.00
08/03/2007 40.01 37.58 40.10 37.85 0 1144200.00 1144200.00
09/03/2007 38.93 37.50 38.93 37.84 0 573000.00 573000.00
12/03/2007 38.05 37.20 38.30 38.30 0 1079100.00 1079100.00
13/03/2007 37.88 36.90 38.39 37.03 0 963800.00 963800.00
14/03/2007 36.70 35.15 37.80 37.80 0 1693300.00 1693300.00
15/03/2007 37.39 36.60 37.80 36.85 0 817600.00 817600.00
16/03/2007 37.30 36.00 37.48 36.55 0 442400.00 442400.00
19/03/2007 36.70 36.30 37.00 36.38 0 368400.00 368400.00
20/03/2007 36.50 36.35 37.15 36.83 0 257900.00 257900.00
21/03/2007 37.20 36.91 38.96 38.70 0 832000.00 832000.00
22/03/2007 38.70 37.61 39.38 37.61 0 714000.00 714000.00
23/03/2007 37.60 37.00 37.98 37.50 0 295400.00 295400.00
26/03/2007 37.60 36.62 38.70 37.05 0 552800.00 552800.00
27/03/2007 36.96 36.80 37.65 37.05 0 521600.00 521600.00
28/03/2007 37.00 36.31 37.01 36.56 0 615800.00 615800.00
29/03/2007 36.97 36.40 37.60 37.40 0 648200.00 648200.00
30/03/2007 37.39 36.90 37.99 37.30 0 412300.00 412300.00
02/04/2007 37.30 36.90 37.47 37.00 0 281300.00 281300.00
03/04/2007 37.20 37.09 38.10 37.95 0 813400.00 813400.00
04/04/2007 37.96 37.53 39.20 38.99 0 1382800.00 1382800.00
05/04/2007 39.00 38.90 39.95 39.70 0 668600.00 668600.00
09/04/2007 39.71 38.70 40.69 39.98 0 714400.00 714400.00
10/04/2007 39.98 39.35 40.75 39.68 0 825500.00 825500.00
11/04/2007 39.70 37.70 39.76 37.90 0 777300.00 777300.00
12/04/2007 38.00 37.57 38.95 38.94 0 678400.00 678400.00
13/04/2007 39.31 38.90 39.80 39.37 0 1159300.00 1159300.00
16/04/2007 40.00 39.31 40.58 40.45 0 977000.00 977000.00
17/04/2007 40.21 40.21 41.56 41.12 0 1034700.00 1034700.00
18/04/2007 40.80 40.42 42.95 42.19 0 1348300.00 1348300.00
19/04/2007 41.49 41.11 44.00 44.00 0 1365300.00 1365300.00
20/04/2007 43.60 43.59 44.96 43.84 0 872500.00 872500.00
23/04/2007 44.00 42.70 44.10 42.80 0 659100.00 659100.00
24/04/2007 43.00 41.51 43.50 42.10 0 683200.00 683200.00
26/04/2007 43.00 42.93 44.10 44.00 0 985700.00 985700.00
27/04/2007 43.50 42.10 43.50 42.15 0 694000.00 694000.00
30/04/2007 42.15 39.10 42.48 39.10 0 742000.00 742000.00
02/05/2007 40.40 39.81 40.80 39.81 0 790700.00 790700.00
03/05/2007 40.60 39.60 40.60 39.75 0 749000.00 749000.00
04/05/2007 40.51 39.80 40.51 40.50 0 449800.00 449800.00
07/05/2007 40.49 40.14 41.89 41.70 0 672100.00 672100.00
08/05/2007 41.59 40.60 42.25 42.25 0 382800.00 382800.00
09/05/2007 42.20 41.16 42.40 42.01 0 615100.00 615100.00
10/05/2007 41.50 41.50 42.30 41.50 0 448600.00 448600.00
11/05/2007 41.30 40.10 41.98 41.30 0 599700.00 599700.00
14/05/2007 41.20 40.15 41.64 40.75 0 324000.00 324000.00
15/05/2007 40.41 40.41 41.50 40.95 0 479800.00 479800.00
16/05/2007 40.95 40.70 42.30 42.30 0 707700.00 707700.00
17/05/2007 42.00 41.20 42.50 42.00 0 282100.00 282100.00
18/05/2007 41.91 40.85 42.25 42.00 0 565700.00 565700.00
21/05/2007 42.10 41.42 42.59 41.53 0 345900.00 345900.00
22/05/2007 41.90 40.51 41.91 40.85 0 347700.00 347700.00
23/05/2007 41.10 38.90 41.10 39.30 0 1359200.00 1359200.00
24/05/2007 39.60 37.80 39.60 37.98 0 1060500.00 1060500.00
25/05/2007 38.35 38.33 39.44 39.44 0 556600.00 556600.00
28/05/2007 39.55 39.46 39.90 39.90 0 332900.00 332900.00
29/05/2007 39.80 38.70 40.48 39.90 0 628200.00 628200.00
30/05/2007 38.80 38.50 40.60 40.55 0 765700.00 765700.00
31/05/2007 40.49 40.10 41.05 41.05 0 1042800.00 1042800.00
01/06/2007 41.00 39.55 41.41 39.66 0 1708800.00 1708800.00
04/06/2007 38.05 37.11 39.22 37.51 0 16867700.00 16867700.00
05/06/2007 37.75 36.89 37.89 37.35 0 1839800.00 1839800.00
06/06/2007 37.10 36.75 37.51 36.95 0 1582300.00 1582300.00
08/06/2007 36.75 36.30 37.19 37.00 0 1147500.00 1147500.00
11/06/2007 37.31 36.82 37.40 37.21 0 668700.00 668700.00
12/06/2007 37.06 36.04 37.20 36.12 0 625100.00 625100.00
13/06/2007 36.33 36.24 37.10 37.05 0 1257800.00 1257800.00
14/06/2007 37.15 36.58 37.20 36.60 0 695600.00 695600.00
15/06/2007 36.90 36.56 37.05 36.90 0 655700.00 655700.00
18/06/2007 36.95 36.55 37.23 37.20 0 1420000.00 1420000.00
19/06/2007 37.00 36.60 37.19 36.72 0 621200.00 621200.00
20/06/2007 36.00 35.15 37.00 35.20 0 1879800.00 1879800.00
21/06/2007 35.40 33.55 35.70 34.00 0 2281500.00 2281500.00
22/06/2007 35.41 35.08 36.78 36.05 0 3613000.00 3613000.00
25/06/2007 35.62 34.63 36.29 34.63 0 1437800.00 1437800.00
26/06/2007 34.91 31.35 34.91 31.71 0 5203800.00 5203800.00
27/06/2007 30.60 29.90 31.35 31.01 0 4274700.00 4274700.00
28/06/2007 31.25 31.12 32.24 31.26 0 1420100.00 1420100.00
29/06/2007 31.74 31.45 32.19 31.52 0 1144900.00 1144900.00
02/07/2007 31.60 31.60 32.70 32.70 0 725300.00 725300.00
03/07/2007 32.79 32.00 33.30 32.35 0 709400.00 709400.00
04/07/2007 32.48 32.15 33.05 32.15 0 425100.00 425100.00
05/07/2007 32.38 31.50 32.38 31.60 0 774200.00 774200.00
06/07/2007 32.20 32.20 32.54 32.45 0 907300.00 907300.00
10/07/2007 33.00 31.82 33.00 32.00 0 1084800.00 1084800.00
11/07/2007 32.15 31.60 32.55 31.88 0 1115800.00 1115800.00
12/07/2007 31.99 31.60 32.20 32.04 0 944500.00 944500.00
13/07/2007 31.99 31.86 33.24 32.63 0 1205200.00 1205200.00
16/07/2007 32.80 32.56 33.25 33.00 0 660500.00 660500.00
17/07/2007 33.00 33.00 33.95 33.82 0 1009700.00 1009700.00
18/07/2007 33.50 33.10 34.25 33.89 0 813200.00 813200.00
19/07/2007 33.92 33.85 35.80 35.50 0 1446600.00 1446600.00
20/07/2007 35.40 35.00 35.77 35.40 0 897800.00 897800.00
23/07/2007 35.38 34.92 36.05 35.00 0 937000.00 937000.00
24/07/2007 34.60 32.02 34.60 32.90 0 1545400.00 1545400.00
25/07/2007 33.30 31.50 33.74 32.71 0 1666600.00 1666600.00
26/07/2007 32.00 30.31 32.00 30.70 0 1668800.00 1668800.00
27/07/2007 30.60 30.05 32.79 32.50 0 1579800.00 1579800.00
30/07/2007 32.59 32.06 33.40 33.00 0 829000.00 829000.00
31/07/2007 33.29 31.70 33.42 31.70 0 861200.00 861200.00
01/08/2007 31.30 30.85 32.95 32.95 0 820600.00 820600.00
02/08/2007 33.30 32.13 33.30 32.16 0 453700.00 453700.00
03/08/2007 32.25 31.56 32.35 32.00 0 839000.00 839000.00
06/08/2007 32.49 31.15 33.28 33.09 0 1047100.00 1047100.00
07/08/2007 32.27 32.06 33.45 33.00 0 690900.00 690900.00
08/08/2007 33.00 32.30 33.00 32.40 0 937100.00 937100.00
09/08/2007 32.09 30.00 32.09 30.00 0 1633200.00 1633200.00
10/08/2007 29.40 28.51 29.68 29.29 0 1679200.00 1679200.00
13/08/2007 29.99 28.50 30.29 28.50 0 771700.00 771700.00
14/08/2007 29.00 25.30 29.29 25.30 0 4064600.00 4064600.00
15/08/2007 24.90 23.00 25.09 23.15 0 3388800.00 3388800.00
16/08/2007 22.32 21.80 23.15 23.15 0 1941800.00 1941800.00
17/08/2007 24.10 22.33 24.50 22.60 0 1406000.00 1406000.00
20/08/2007 23.29 21.93 23.49 22.50 0 1330200.00 1330200.00
21/08/2007 22.45 22.40 23.81 23.51 0 935700.00 935700.00
22/08/2007 23.84 23.05 24.49 23.75 0 818800.00 818800.00
23/08/2007 23.90 23.45 24.45 23.75 0 1123100.00 1123100.00
24/08/2007 23.75 23.50 24.29 24.29 0 681000.00 681000.00
27/08/2007 24.30 23.53 25.90 25.38 0 929900.00 929900.00
28/08/2007 25.30 23.23 25.30 23.44 0 984700.00 984700.00
29/08/2007 23.61 22.72 24.09 22.87 0 884800.00 884800.00
30/08/2007 22.99 21.50 22.99 22.10 0 1769900.00 1769900.00
31/08/2007 22.50 21.80 22.75 21.80 0 4311400.00 4311400.00
03/09/2007 22.10 21.55 23.20 22.69 0 1585300.00 1585300.00
04/09/2007 22.77 22.40 23.49 22.85 0 1766400.00 1766400.00
05/09/2007 22.50 22.15 22.85 22.15 0 847100.00 847100.00
06/09/2007 22.30 21.86 22.57 22.00 0 847200.00 847200.00
10/09/2007 21.56 20.51 21.75 21.21 0 1628300.00 1628300.00
11/09/2007 21.69 21.25 23.49 23.49 0 1420800.00 1420800.00
12/09/2007 23.13 22.51 24.25 23.70 0 1646500.00 1646500.00
13/09/2007 23.69 23.69 26.19 25.40 0 2194200.00 2194200.00
14/09/2007 24.72 24.34 26.51 25.60 0 2273200.00 2273200.00
17/09/2007 25.50 24.03 25.98 24.25 0 1703800.00 1703800.00
18/09/2007 24.13 23.56 25.75 24.90 0 2287600.00 2287600.00
19/09/2007 25.49 24.42 25.49 24.60 0 1449700.00 1449700.00
20/09/2007 24.90 23.84 24.90 24.45 0 628600.00 628600.00
21/09/2007 24.45 24.45 25.20 24.89 0 620400.00 620400.00
24/09/2007 24.99 24.37 25.25 24.50 0 971200.00 971200.00
25/09/2007 24.44 23.60 24.44 24.01 0 818400.00 818400.00
26/09/2007 24.11 24.07 24.40 24.27 0 587400.00 587400.00
27/09/2007 24.30 24.16 24.80 24.60 0 590300.00 590300.00
28/09/2007 24.50 24.30 25.75 25.00 0 1462800.00 1462800.00
01/10/2007 25.10 25.10 26.49 26.30 0 1961400.00 1961400.00
02/10/2007 26.25 25.60 26.78 26.48 0 1168900.00 1168900.00
03/10/2007 26.40 25.61 26.49 25.98 0 837100.00 837100.00
04/10/2007 25.90 25.90 27.45 27.29 0 2002000.00 2002000.00
05/10/2007 27.89 27.57 28.25 27.60 0 1245100.00 1245100.00
08/10/2007 27.99 26.01 27.99 27.70 0 660900.00 660900.00
09/10/2007 27.60 27.20 28.49 28.40 0 1436800.00 1436800.00
10/10/2007 28.35 27.82 28.50 28.19 0 669400.00 669400.00
11/10/2007 28.49 27.50 29.12 28.15 0 1464800.00 1464800.00
15/10/2007 28.49 27.15 28.89 27.42 0 745100.00 745100.00
16/10/2007 27.00 26.51 27.58 26.51 0 959400.00 959400.00
17/10/2007 26.81 26.10 27.50 26.71 0 1669400.00 1669400.00
18/10/2007 26.69 25.76 27.00 26.90 0 1094600.00 1094600.00
19/10/2007 26.95 25.20 27.00 25.21 0 1106600.00 1106600.00
22/10/2007 24.60 24.05 25.50 25.45 0 599400.00 599400.00
23/10/2007 25.46 25.36 26.07 26.07 0 540200.00 540200.00
24/10/2007 26.06 25.30 26.20 26.20 0 659300.00 659300.00
25/10/2007 26.30 25.50 26.51 25.94 0 1284400.00 1284400.00
26/10/2007 26.10 26.00 26.50 26.50 0 1029800.00 1029800.00
29/10/2007 26.50 26.26 27.30 26.49 0 948700.00 948700.00
30/10/2007 26.10 26.10 27.00 26.99 0 873600.00 873600.00
31/10/2007 26.99 26.70 27.29 27.22 0 768400.00 768400.00
01/11/2007 26.55 26.42 26.90 26.70 0 903800.00 903800.00
05/11/2007 26.17 26.02 26.90 26.30 0 1325800.00 1325800.00
06/11/2007 26.84 25.70 26.95 26.19 0 2269600.00 2269600.00
07/11/2007 25.80 24.71 26.15 25.19 0 962900.00 962900.00
08/11/2007 25.19 23.20 25.42 23.31 0 940600.00 940600.00
09/11/2007 23.77 22.00 23.78 23.47 0 1293600.00 1293600.00
12/11/2007 22.81 22.20 23.10 22.30 0 824300.00 824300.00
13/11/2007 22.50 22.40 23.49 23.48 0 916000.00 916000.00
14/11/2007 23.80 23.20 24.30 24.30 0 787700.00 787700.00
16/11/2007 24.40 24.19 25.29 25.29 0 1178500.00 1178500.00
19/11/2007 25.18 24.00 25.18 24.00 0 712600.00 712600.00
21/11/2007 20.65 20.65 22.80 20.65 0 2738600.00 2738600.00
22/11/2007 20.80 20.00 21.31 20.98 0 480700.00 480700.00
23/11/2007 21.02 20.50 21.29 20.55 0 450200.00 450200.00
26/11/2007 20.60 19.00 21.29 19.25 0 2064500.00 2064500.00
27/11/2007 19.12 18.50 19.91 18.90 0 1390200.00 1390200.00
28/11/2007 19.80 18.72 20.06 20.00 0 1186400.00 1186400.00
29/11/2007 19.99 19.50 21.49 21.30 0 1243200.00 1243200.00
30/11/2007 21.31 20.86 21.90 20.99 0 1172000.00 1172000.00
03/12/2007 21.06 21.00 21.80 21.00 0 925600.00 925600.00
04/12/2007 20.79 20.50 21.45 21.23 0 634800.00 634800.00
05/12/2007 21.42 21.02 21.70 21.10 0 552200.00 552200.00
06/12/2007 21.40 20.85 21.60 21.49 0 683600.00 683600.00
07/12/2007 21.31 21.13 21.68 21.49 0 410000.00 410000.00
10/12/2007 21.35 21.13 21.75 21.43 0 787800.00 787800.00
11/12/2007 21.36 21.01 22.59 21.31 0 1079200.00 1079200.00
12/12/2007 21.49 21.22 22.48 21.50 0 1494800.00 1494800.00
13/12/2007 21.37 20.10 21.40 21.40 0 868600.00 868600.00
14/12/2007 21.40 20.50 21.40 20.80 0 653300.00 653300.00
17/12/2007 20.57 20.03 20.71 20.50 0 878100.00 878100.00
18/12/2007 20.70 20.30 21.78 21.49 0 1294800.00 1294800.00
19/12/2007 21.24 20.83 21.70 21.11 0 1030700.00 1030700.00
20/12/2007 21.49 20.60 21.49 20.90 0 1138600.00 1138600.00
21/12/2007 21.05 20.60 21.29 21.25 0 1437900.00 1437900.00
26/12/2007 21.01 20.86 21.45 21.00 0 951400.00 951400.00
27/12/2007 21.19 20.71 21.20 20.90 0 812200.00 812200.00
28/12/2007 20.89 20.66 21.00 20.80 0 581400.00 581400.00
02/01/2008 20.67 20.30 21.00 20.90 0 751900.00 751900.00
03/01/2008 20.75 20.65 21.30 21.25 0 967400.00 967400.00
04/01/2008 21.20 20.24 21.49 21.20 0 1505700.00 1505700.00
07/01/2008 21.00 21.00 22.50 22.50 0 1305900.00 1305900.00
08/01/2008 22.80 22.50 23.80 23.60 0 2750600.00 2750600.00
09/01/2008 23.70 23.60 25.75 25.00 0 3312300.00 3312300.00
10/01/2008 25.00 24.40 25.17 24.75 0 1950200.00 1950200.00
11/01/2008 24.51 24.00 24.51 24.00 0 1187100.00 1187100.00
14/01/2008 24.00 24.00 24.76 24.55 0 1804700.00 1804700.00
15/01/2008 24.11 23.11 24.60 23.75 0 1364700.00 1364700.00
16/01/2008 23.21 22.02 23.45 23.25 0 1879700.00 1879700.00
17/01/2008 23.20 22.55 23.99 23.59 0 1433100.00 1433100.00
18/01/2008 23.58 23.42 24.49 24.00 0 2027300.00 2027300.00
21/01/2008 22.50 21.39 22.81 22.48 0 981100.00 981100.00
22/01/2008 22.00 21.51 22.96 22.39 0 1427700.00 1427700.00
23/01/2008 22.08 21.27 22.70 22.70 0 1105100.00 1105100.00
24/01/2008 23.00 22.46 24.00 23.50 0 1221100.00 1221100.00
28/01/2008 23.15 22.70 24.60 24.40 0 1193200.00 1193200.00
29/01/2008 24.60 24.00 25.60 25.60 0 1165600.00 1165600.00
30/01/2008 25.20 24.89 27.09 27.00 0 2224900.00 2224900.00
31/01/2008 26.00 25.67 28.10 27.49 0 2475100.00 2475100.00
01/02/2008 27.90 26.70 28.15 27.50 0 2079300.00 2079300.00
06/02/2008 25.72 24.80 26.70 24.80 0 1490900.00 1490900.00
07/02/2008 24.70 24.02 24.70 24.20 0 1407300.00 1407300.00
08/02/2008 24.30 23.16 25.00 24.35 0 2406800.00 2406800.00
11/02/2008 24.31 24.31 25.40 25.00 0 1429900.00 1429900.00
12/02/2008 25.01 25.01 26.50 25.60 0 1454900.00 1454900.00
13/02/2008 25.72 25.72 27.22 26.59 0 2407000.00 2407000.00
14/02/2008 26.51 26.20 27.70 26.69 0 1215300.00 1215300.00
15/02/2008 26.80 26.17 27.75 27.19 0 876100.00 876100.00
18/02/2008 27.50 27.00 28.10 28.10 0 791000.00 791000.00
19/02/2008 27.85 26.40 28.39 26.70 0 918200.00 918200.00
20/02/2008 26.70 25.66 27.90 27.50 0 1435400.00 1435400.00
21/02/2008 28.00 27.60 28.37 28.25 0 1345500.00 1345500.00
22/02/2008 28.00 27.51 28.69 28.20 0 1405200.00 1405200.00
25/02/2008 28.45 27.41 28.45 27.77 0 1209900.00 1209900.00
26/02/2008 27.65 27.00 28.49 28.49 0 1357000.00 1357000.00
27/02/2008 27.99 27.86 29.04 28.85 0 899300.00 899300.00
28/02/2008 28.50 27.82 28.75 28.15 0 823400.00 823400.00
29/02/2008 27.80 27.30 29.40 28.90 0 2041100.00 2041100.00
03/03/2008 28.89 28.70 29.95 29.90 0 1246900.00 1246900.00
04/03/2008 29.97 29.62 30.90 30.42 0 2376600.00 2376600.00
05/03/2008 30.42 30.30 32.09 31.80 0 1742200.00 1742200.00
06/03/2008 30.65 29.60 32.20 29.84 0 1077500.00 1077500.00
07/03/2008 29.60 28.06 29.62 28.91 0 813700.00 813700.00
10/03/2008 28.66 27.65 30.27 28.00 0 1275000.00 1275000.00
11/03/2008 29.00 28.54 29.50 29.48 0 1002300.00 1002300.00
12/03/2008 29.26 28.32 29.80 28.89 0 935100.00 935100.00
13/03/2008 28.29 27.10 28.80 28.40 0 836800.00 836800.00
14/03/2008 28.49 25.80 28.49 26.50 0 1771300.00 1771300.00
18/03/2008 26.34 25.30 27.00 27.00 0 1145000.00 1145000.00
19/03/2008 27.00 24.95 27.34 25.00 0 1234000.00 1234000.00
20/03/2008 25.80 24.25 25.49 24.50 0 2029200.00 2029200.00
25/03/2008 25.50 24.85 26.70 25.65 0 921700.00 921700.00
26/03/2008 25.72 25.15 26.70 25.50 0 1004600.00 1004600.00
27/03/2008 25.55 25.05 26.40 25.70 0 759200.00 759200.00
28/03/2008 25.98 24.76 25.98 25.60 0 599400.00 599400.00
31/03/2008 25.74 24.00 26.00 26.00 0 777600.00 777600.00
01/04/2008 25.12 25.30 26.25 25.75 0 1079100.00 1079100.00
02/04/2008 25.61 25.11 26.00 25.70 0 851600.00 851600.00
03/04/2008 25.55 25.32 26.00 25.70 0 1032400.00 1032400.00
04/04/2008 25.75 25.26 27.00 27.00 0 668300.00 668300.00
07/04/2008 27.00 25.66 27.00 25.80 0 921500.00 921500.00
08/04/2008 25.65 24.16 25.65 25.20 0 1612600.00 1612600.00
09/04/2008 24.79 23.31 24.79 23.70 0 2534200.00 2534200.00
10/04/2008 23.90 23.35 23.90 23.90 0 2085000.00 2085000.00
11/04/2008 23.80 23.05 24.16 24.00 0 1025500.00 1025500.00
14/04/2008 23.99 23.30 24.60 24.00 0 873700.00 873700.00
15/04/2008 24.11 23.69 24.97 24.70 0 1213100.00 1213100.00
16/04/2008 24.75 24.75 26.69 26.50 0 2809200.00 2809200.00
17/04/2008 26.40 26.40 27.26 26.94 0 864800.00 864800.00
18/04/2008 26.90 26.65 27.50 27.15 0 813700.00 813700.00
22/04/2008 27.17 26.45 27.82 27.29 0 980800.00 980800.00
23/04/2008 27.00 26.38 27.47 27.00 0 682300.00 682300.00
24/04/2008 26.99 24.54 27.50 26.50 0 3905400.00 3905400.00
25/04/2008 26.99 25.71 27.30 26.40 0 1292800.00 1292800.00
28/04/2008 26.66 26.36 27.16 27.00 0 971400.00 971400.00
29/04/2008 26.70 25.72 27.29 26.00 0 937100.00 937100.00
30/04/2008 26.00 25.80 29.90 29.90 0 2336800.00 2336800.00
02/05/2008 29.95 27.69 29.95 28.00 0 1690900.00 1690900.00
05/05/2008 28.65 27.84 28.65 27.99 0 713900.00 713900.00
06/05/2008 27.90 26.95 28.30 27.00 0 1245200.00 1245200.00
07/05/2008 27.00 25.80 27.24 26.00 0 769900.00 769900.00
08/05/2008 26.05 25.95 26.68 26.68 0 457900.00 457900.00
09/05/2008 26.70 26.01 27.93 27.75 0 864100.00 864100.00
12/05/2008 27.99 27.65 28.35 28.25 0 563400.00 563400.00
13/05/2008 28.15 27.70 28.80 28.39 0 683500.00 683500.00
14/05/2008 28.39 27.52 28.39 27.88 0 766800.00 766800.00
15/05/2008 27.98 27.45 28.05 27.90 0 725800.00 725800.00
16/05/2008 27.95 27.59 28.35 27.90 0 805500.00 805500.00
19/05/2008 28.19 27.30 28.20 27.50 0 700700.00 700700.00
20/05/2008 27.40 26.90 27.40 27.35 0 731200.00 731200.00
21/05/2008 27.74 27.00 27.99 27.30 0 696400.00 696400.00
23/05/2008 27.30 26.30 27.30 26.30 0 590200.00 590200.00
26/05/2008 26.41 25.73 26.50 26.00 0 418100.00 418100.00
27/05/2008 26.00 25.00 26.05 25.25 0 848500.00 848500.00
28/05/2008 25.59 25.40 26.15 26.01 0 805900.00 805900.00
29/05/2008 26.19 25.01 27.00 25.90 0 463300.00 463300.00
30/05/2008 25.56 25.10 26.39 25.60 0 866800.00 866800.00
02/06/2008 25.57 24.80 25.57 25.54 0 671400.00 671400.00
03/06/2008 25.50 24.28 25.54 24.65 0 562300.00 562300.00
04/06/2008 24.47 23.71 24.47 23.97 0 684900.00 684900.00
05/06/2008 24.02 23.81 25.05 24.99 0 714000.00 714000.00
06/06/2008 25.10 24.13 25.50 24.88 0 962300.00 962300.00
10/06/2008 25.20 23.95 25.89 25.50 0 868200.00 868200.00
11/06/2008 25.45 25.14 26.15 26.00 0 738700.00 738700.00
12/06/2008 26.06 25.58 26.50 26.40 0 925100.00 925100.00
13/06/2008 26.40 26.05 26.80 26.55 0 538400.00 538400.00
16/06/2008 26.40 26.40 27.00 27.00 0 1253200.00 1253200.00
17/06/2008 27.00 27.00 27.70 27.50 0 853800.00 853800.00
18/06/2008 27.50 27.31 27.99 27.60 0 1031000.00 1031000.00
19/06/2008 27.51 26.65 27.78 27.65 0 819900.00 819900.00
20/06/2008 27.44 26.68 27.95 27.50 0 1161200.00 1161200.00
23/06/2008 27.00 26.35 27.98 27.89 0 549800.00 549800.00
24/06/2008 27.48 27.10 28.60 28.19 0 1318000.00 1318000.00
25/06/2008 28.21 27.99 28.55 28.00 0 611100.00 611100.00
26/06/2008 27.97 27.00 27.97 27.50 0 1160100.00 1160100.00
27/06/2008 27.60 26.90 27.80 27.00 0 921900.00 921900.00
30/06/2008 27.01 26.60 27.75 27.70 0 1336300.00 1336300.00
01/07/2008 27.00 27.00 28.37 28.19 0 1530000.00 1530000.00
02/07/2008 28.36 28.35 29.50 29.20 0 2218700.00 2218700.00
03/07/2008 29.25 28.80 29.90 28.86 0 1667500.00 1667500.00
04/07/2008 28.67 27.95 29.35 28.90 0 709700.00 709700.00
07/07/2008 28.70 28.70 30.19 29.79 0 1312200.00 1312200.00
08/07/2008 29.78 29.61 30.14 30.10 0 1491400.00 1491400.00
10/07/2008 29.73 29.60 31.20 30.99 0 1741200.00 1741200.00
11/07/2008 31.20 31.16 32.70 32.65 0 1246300.00 1246300.00
14/07/2008 33.00 32.27 34.15 33.15 0 1316300.00 1316300.00
15/07/2008 32.04 31.80 33.00 32.96 0 1779900.00 1779900.00
16/07/2008 32.84 31.29 33.43 31.80 0 1286000.00 1286000.00
17/07/2008 31.22 30.15 31.88 30.50 0 1102200.00 1102200.00
18/07/2008 30.00 29.85 30.80 30.50 0 835900.00 835900.00
21/07/2008 31.00 30.34 31.50 30.50 0 504100.00 504100.00
22/07/2008 30.15 29.25 30.98 29.55 0 2142700.00 2142700.00
23/07/2008 29.59 28.51 30.00 29.60 0 655700.00 655700.00
24/07/2008 29.60 28.96 30.50 29.50 0 1853300.00 1853300.00
25/07/2008 29.94 29.20 30.10 29.50 0 1033900.00 1033900.00
28/07/2008 29.52 29.52 30.34 29.90 0 419800.00 419800.00
29/07/2008 30.02 30.02 30.77 30.50 0 672700.00 672700.00
30/07/2008 31.00 30.99 31.50 31.22 0 1581500.00 1581500.00
31/07/2008 31.00 30.20 31.25 30.79 0 1510600.00 1510600.00
01/08/2008 30.42 29.58 31.09 30.80 0 807200.00 807200.00
04/08/2008 30.66 28.70 30.75 29.70 0 525300.00 525300.00
05/08/2008 29.65 27.80 30.00 28.00 0 1117100.00 1117100.00
06/08/2008 28.05 27.33 28.60 28.44 0 710200.00 710200.00
07/08/2008 28.72 27.93 29.38 28.01 0 390000.00 390000.00
08/08/2008 27.42 27.42 29.15 28.20 0 402900.00 402900.00
11/08/2008 27.90 27.90 29.74 28.70 0 1405100.00 1405100.00
12/08/2008 29.40 27.65 29.50 28.34 0 913300.00 913300.00
13/08/2008 28.00 27.31 28.79 27.60 0 1535900.00 1535900.00
14/08/2008 27.85 27.85 28.54 28.35 0 570900.00 570900.00
15/08/2008 28.82 27.10 28.82 27.10 0 873300.00 873300.00
18/08/2008 27.32 26.85 27.84 27.29 0 664500.00 664500.00
19/08/2008 27.30 27.01 27.65 27.64 0 637300.00 637300.00
20/08/2008 27.65 27.10 28.70 27.90 0 565700.00 565700.00
21/08/2008 27.51 27.19 28.09 27.50 0 533700.00 533700.00
22/08/2008 27.12 27.05 27.69 27.05 0 274400.00 274400.00
25/08/2008 27.49 26.56 27.49 27.00 0 222400.00 222400.00
26/08/2008 26.74 26.56 27.17 27.14 0 224800.00 224800.00
27/08/2008 27.21 26.70 27.75 27.14 0 717500.00 717500.00
28/08/2008 27.30 26.68 27.50 26.78 0 379200.00 379200.00
29/08/2008 27.30 25.61 27.30 25.97 0 1548400.00 1548400.00
01/09/2008 25.50 24.71 25.90 25.28 0 391300.00 391300.00
02/09/2008 25.28 23.90 25.28 24.40 0 676300.00 676300.00
03/09/2008 24.43 23.11 24.53 23.70 0 771800.00 771800.00
04/09/2008 24.00 22.51 24.00 23.00 0 816000.00 816000.00
05/09/2008 22.60 22.50 23.90 22.80 0 520900.00 520900.00
08/09/2008 23.21 21.30 23.59 21.55 0 821300.00 821300.00
09/09/2008 21.35 18.39 21.79 18.39 0 3105600.00 3105600.00
10/09/2008 17.56 17.06 18.97 17.40 0 2917600.00 2917600.00
11/09/2008 16.99 16.00 19.00 19.00 0 1788400.00 1788400.00
12/09/2008 18.50 18.30 19.89 19.60 0 2111900.00 2111900.00
15/09/2008 18.30 17.81 18.70 18.25 0 491800.00 491800.00
16/09/2008 18.01 16.27 18.01 16.50 0 2103900.00 2103900.00
17/09/2008 16.85 14.85 16.85 14.85 0 1462000.00 1462000.00
18/09/2008 15.29 12.55 15.58 14.85 0 2834600.00 2834600.00
19/09/2008 16.00 15.30 16.69 16.22 0 1185500.00 1185500.00
22/09/2008 16.24 15.00 16.25 15.50 0 935000.00 935000.00
23/09/2008 15.20 13.10 15.20 13.94 0 941500.00 941500.00
24/09/2008 14.10 12.75 14.25 12.75 0 1327500.00 1327500.00
25/09/2008 13.00 12.60 13.49 13.15 0 2554700.00 2554700.00
26/09/2008 12.35 12.35 14.20 14.20 0 1627600.00 1627600.00
29/09/2008 13.25 12.52 13.80 13.20 0 853500.00 853500.00
30/09/2008 13.50 12.70 13.79 12.70 0 1537500.00 1537500.00
01/10/2008 13.02 12.87 13.49 13.00 0 1653200.00 1653200.00
02/10/2008 13.00 12.03 13.24 12.90 0 661600.00 661600.00
03/10/2008 12.90 12.90 13.99 13.10 0 529900.00 529900.00
06/10/2008 12.15 10.93 12.80 11.70 0 526500.00 526500.00
07/10/2008 11.80 10.40 12.00 11.65 0 666700.00 666700.00
08/10/2008 10.90 10.87 12.77 12.32 0 1393400.00 1393400.00
09/10/2008 12.51 12.20 13.10 12.48 0 689500.00 689500.00
10/10/2008 11.86 10.90 11.96 11.39 0 825200.00 825200.00
13/10/2008 12.42 11.61 12.55 12.25 0 1229200.00 1229200.00
14/10/2008 12.66 12.05 13.15 12.36 0 1089300.00 1089300.00
15/10/2008 11.89 10.55 11.98 10.78 0 816700.00 816700.00
16/10/2008 10.99 10.30 11.60 10.70 0 764500.00 764500.00
17/10/2008 10.75 10.00 11.05 10.00 0 615200.00 615200.00
20/10/2008 10.17 10.17 11.39 11.39 0 397700.00 397700.00
21/10/2008 11.30 10.86 11.98 11.65 0 581500.00 581500.00
22/10/2008 10.99 10.53 11.20 10.55 0 1084300.00 1084300.00
23/10/2008 10.40 9.90 11.14 10.10 0 704600.00 704600.00
24/10/2008 9.79 8.50 9.79 8.80 0 1342900.00 1342900.00
27/10/2008 8.70 8.00 9.00 8.54 0 761900.00 761900.00
28/10/2008 9.02 8.73 10.85 10.50 0 1069600.00 1069600.00
29/10/2008 11.00 10.01 11.50 11.01 0 611000.00 611000.00
30/10/2008 11.50 10.77 12.26 11.10 0 748900.00 748900.00
31/10/2008 11.00 10.26 11.45 10.55 0 1636300.00 1636300.00
03/11/2008 10.66 10.20 10.90 10.60 0 299900.00 299900.00
04/11/2008 10.95 10.31 11.44 11.26 0 702100.00 702100.00
05/11/2008 11.08 10.90 11.94 11.10 0 688900.00 688900.00
06/11/2008 10.93 10.77 11.49 11.14 0 403100.00 403100.00
07/11/2008 11.02 11.02 12.00 11.98 0 596200.00 596200.00
10/11/2008 12.27 10.78 12.58 11.00 0 709600.00 709600.00
11/11/2008 10.60 10.33 11.43 11.34 0 326900.00 326900.00
12/11/2008 11.20 9.90 11.20 10.48 0 1345300.00 1345300.00
13/11/2008 10.76 10.11 10.96 10.40 0 559100.00 559100.00
14/11/2008 10.79 10.30 11.20 10.98 0 261200.00 261200.00
17/11/2008 10.65 10.50 11.48 11.48 0 292500.00 292500.00
18/11/2008 10.80 10.75 11.50 10.99 0 388200.00 388200.00
19/11/2008 10.81 10.19 11.03 10.20 0 461000.00 461000.00
21/11/2008 10.00 9.10 10.09 9.20 0 952600.00 952600.00
24/11/2008 9.98 9.42 10.20 9.72 0 670100.00 670100.00
25/11/2008 9.74 9.70 10.75 10.07 0 521100.00 521100.00
26/11/2008 10.25 10.00 11.05 10.91 0 884300.00 884300.00
27/11/2008 10.99 10.66 11.20 11.10 0 142700.00 142700.00
28/11/2008 11.10 10.77 11.39 11.20 0 390000.00 390000.00
01/12/2008 11.13 10.06 11.13 10.10 0 475000.00 475000.00
02/12/2008 10.61 10.00 10.80 10.09 0 388300.00 388300.00
03/12/2008 10.03 9.65 10.27 9.80 0 601700.00 601700.00
04/12/2008 10.09 9.73 10.15 9.82 0 268400.00 268400.00
05/12/2008 9.82 9.21 9.82 9.26 0 715800.00 715800.00
08/12/2008 9.98 9.47 9.98 9.75 0 807200.00 807200.00
09/12/2008 9.85 9.65 9.94 9.71 0 633500.00 633500.00
10/12/2008 9.90 9.49 10.11 9.65 0 771400.00 771400.00
11/12/2008 9.69 9.51 10.20 10.00 0 1675400.00 1675400.00
12/12/2008 9.80 9.62 10.70 10.70 0 820100.00 820100.00
15/12/2008 10.40 9.95 11.12 10.00 0 1039300.00 1039300.00
16/12/2008 10.23 10.14 10.99 10.80 0 1408500.00 1408500.00
17/12/2008 10.80 10.51 11.32 11.20 0 2805000.00 2805000.00
18/12/2008 11.39 11.10 11.70 11.30 0 818000.00 818000.00
19/12/2008 11.20 10.52 11.71 11.71 0 644700.00 644700.00
22/12/2008 11.79 11.30 11.79 11.50 0 488200.00 488200.00
23/12/2008 12.30 10.81 12.30 11.20 0 587400.00 587400.00
26/12/2008 11.30 10.97 11.45 11.20 0 269700.00 269700.00
29/12/2008 11.40 10.60 11.40 11.00 0 1167200.00 1167200.00
30/12/2008 11.17 10.91 11.52 11.24 0 957200.00 957200.00
02/01/2009 10.92 10.92 11.34 11.31 0 482400.00 482400.00
05/01/2009 11.30 11.01 12.19 12.19 0 1012400.00 1012400.00
06/01/2009 12.20 11.91 13.00 12.99 0 866600.00 866600.00
07/01/2009 12.99 12.34 13.00 12.49 0 417500.00 417500.00
08/01/2009 12.48 12.01 13.19 13.19 0 554800.00 554800.00
09/01/2009 13.05 12.21 13.06 12.40 0 652800.00 652800.00
12/01/2009 12.58 11.35 12.58 11.45 0 867600.00 867600.00
13/01/2009 11.14 11.14 11.79 11.70 0 443800.00 443800.00
14/01/2009 11.42 10.57 11.65 10.60 0 888400.00 888400.00
15/01/2009 10.76 10.00 10.94 10.75 0 496400.00 496400.00
16/01/2009 10.95 10.61 11.20 10.61 0 653500.00 653500.00
19/01/2009 10.83 10.25 10.83 10.26 0 235300.00 235300.00
20/01/2009 10.27 9.80 10.40 9.84 0 968700.00 968700.00
21/01/2009 9.99 9.78 10.08 9.99 0 743500.00 743500.00
22/01/2009 10.10 9.20 10.10 9.34 0 1277600.00 1277600.00
23/01/2009 9.14 8.90 9.70 9.58 0 785200.00 785200.00
26/01/2009 9.58 9.48 9.68 9.68 0 528600.00 528600.00
27/01/2009 9.63 9.60 9.96 9.79 0 997800.00 997800.00
28/01/2009 9.99 9.99 10.75 10.75 0 1208400.00 1208400.00
29/01/2009 10.65 10.20 10.70 10.44 0 725600.00 725600.00
30/01/2009 10.29 10.19 10.60 10.50 0 1161100.00 1161100.00
02/02/2009 10.36 10.03 10.40 10.25 0 439600.00 439600.00
03/02/2009 10.15 10.15 10.58 10.50 0 1492800.00 1492800.00
04/02/2009 10.50 10.11 10.60 10.15 0 1480800.00 1480800.00
05/02/2009 10.10 10.10 10.48 10.40 0 751400.00 751400.00
06/02/2009 10.50 10.40 11.57 11.25 0 2578600.00 2578600.00
09/02/2009 11.05 10.83 12.15 11.71 0 1747500.00 1747500.00
10/02/2009 11.84 10.90 12.10 11.05 0 1069600.00 1069600.00
11/02/2009 11.19 10.52 11.25 10.70 0 1511100.00 1511100.00
12/02/2009 10.49 10.37 10.95 10.90 0 916900.00 916900.00
13/02/2009 11.09 10.91 11.35 10.98 0 1009600.00 1009600.00
16/02/2009 10.98 10.80 11.20 11.20 0 451000.00 451000.00
17/02/2009 10.78 10.51 10.97 10.60 0 677700.00 677700.00
18/02/2009 10.73 10.30 10.73 10.49 0 884400.00 884400.00
19/02/2009 10.51 10.30 10.69 10.35 0 1045300.00 1045300.00
20/02/2009 10.35 9.97 10.38 10.15 0 890600.00 890600.00
25/02/2009 10.00 9.84 10.42 9.96 0 454300.00 454300.00
26/02/2009 10.36 10.00 10.36 10.05 0 818200.00 818200.00
27/02/2009 9.75 9.75 10.69 10.30 0 890300.00 890300.00
02/03/2009 10.09 9.52 10.09 9.60 0 814300.00 814300.00
03/03/2009 9.77 9.27 9.99 9.50 0 1011700.00 1011700.00
04/03/2009 9.67 9.59 9.80 9.70 0 1224200.00 1224200.00
05/03/2009 9.50 9.25 9.85 9.76 0 1119500.00 1119500.00
06/03/2009 9.97 9.69 10.29 10.05 0 613700.00 613700.00
09/03/2009 9.88 9.37 9.99 9.56 0 968600.00 968600.00
10/03/2009 9.80 9.70 10.50 10.50 0 1027000.00 1027000.00
11/03/2009 10.60 10.35 10.75 10.60 0 785700.00 785700.00
12/03/2009 10.54 10.36 10.72 10.65 0 683500.00 683500.00
13/03/2009 10.80 10.55 10.95 10.80 0 1694300.00 1694300.00
16/03/2009 10.82 10.41 11.00 10.59 0 807900.00 807900.00
17/03/2009 10.45 10.40 10.75 10.75 0 321200.00 321200.00
