01/01/2003 0.95 0.95 0.95 0.95 0 0.00 0.00
02/01/2003 0.95 0.95 1.42 0.95 0 0.00 0.00
03/01/2003 1.30 1.30 1.42 1.30 0 0.00 0.00
06/01/2003 1.25 1.25 1.42 1.25 0 0.00 0.00
07/01/2003 1.30 1.30 1.42 1.30 0 0.00 0.00
08/01/2003 1.42 1.42 1.42 1.42 0 24000.00 24000.00
09/01/2003 1.30 1.30 1.30 1.30 0 2000.00 2000.00
10/01/2003 0.95 0.95 0.95 0.95 0 0.00 0.00
13/01/2003 1.25 1.25 1.25 1.25 0 0.00 0.00
14/01/2003 0.95 0.95 0.95 0.95 0 0.00 0.00
15/01/2003 1.30 1.30 1.30 1.30 0 0.00 0.00
16/01/2003 0.95 0.95 0.95 0.95 0 0.00 0.00
17/01/2003 1.30 1.30 1.30 1.30 0 0.00 0.00
20/01/2003 0.95 0.95 0.95 0.95 0 0.00 0.00
21/01/2003 0.95 0.95 0.95 0.95 0 0.00 0.00
22/01/2003 0.95 0.95 0.95 0.95 0 0.00 0.00
23/01/2003 0.95 0.95 0.95 0.95 0 0.00 0.00
24/01/2003 0.95 0.95 0.95 0.95 0 0.00 0.00
27/01/2003 1.25 1.25 1.25 1.25 0 2000.00 2000.00
28/01/2003 1.25 1.25 1.25 1.25 0 0.00 0.00
29/01/2003 1.00 1.00 1.00 1.00 0 0.00 0.00
30/01/2003 1.01 1.01 1.01 1.01 0 0.00 0.00
31/01/2003 1.01 1.01 1.01 1.01 0 0.00 0.00
03/02/2003 1.25 1.25 1.25 1.25 0 0.00 0.00
04/02/2003 1.25 1.25 1.25 1.25 0 0.00 0.00
05/02/2003 1.25 1.25 1.25 1.25 0 0.00 0.00
06/02/2003 1.25 1.25 1.25 1.25 0 0.00 0.00
07/02/2003 1.25 1.25 1.60 1.25 0 0.00 0.00
10/02/2003 1.25 1.25 1.25 1.25 0 0.00 0.00
11/02/2003 0.95 0.95 0.95 0.95 0 0.00 0.00
12/02/2003 1.25 1.25 1.25 1.25 0 0.00 0.00
13/02/2003 1.25 1.25 1.25 1.25 0 0.00 0.00
14/02/2003 1.25 1.25 1.25 1.25 0 0.00 0.00
17/02/2003 1.23 1.23 1.23 1.23 0 0.00 0.00
18/02/2003 1.20 1.20 1.20 1.20 0 0.00 0.00
19/02/2003 1.25 1.25 1.25 1.25 0 0.00 0.00
20/02/2003 1.25 1.25 1.25 1.25 0 0.00 0.00
21/02/2003 1.25 1.25 1.25 1.25 0 0.00 0.00
24/02/2003 1.33 1.33 1.48 1.33 0 0.00 0.00
25/02/2003 1.27 1.27 1.27 1.27 0 0.00 0.00
26/02/2003 1.30 1.30 1.30 1.30 0 0.00 0.00
27/02/2003 1.30 1.30 1.45 1.30 0 0.00 0.00
28/02/2003 1.30 1.30 1.30 1.30 0 0.00 0.00
03/03/2003 1.30 1.30 1.30 1.30 0 0.00 0.00
04/03/2003 1.30 1.30 1.30 1.30 0 0.00 0.00
05/03/2003 1.25 1.25 1.25 1.25 0 0.00 0.00
06/03/2003 1.25 1.25 1.25 1.25 0 0.00 0.00
07/03/2003 1.30 1.30 1.30 1.30 0 0.00 0.00
10/03/2003 1.25 1.25 1.25 1.25 0 0.00 0.00
11/03/2003 1.27 1.27 1.27 1.27 0 0.00 0.00
12/03/2003 1.30 1.30 50.00 1.30 0 0.00 0.00
13/03/2003 1.30 1.30 50.00 1.30 0 0.00 0.00
14/03/2003 0.95 0.95 0.95 0.95 0 0.00 0.00
17/03/2003 1.25 1.25 1.25 1.25 0 0.00 0.00
18/03/2003 1.30 1.30 1.30 1.30 0 0.00 0.00
19/03/2003 1.42 1.42 1.50 1.50 0 4000.00 4000.00
20/03/2003 1.35 1.35 1.35 1.35 0 0.00 0.00
21/03/2003 1.35 1.35 1.35 1.35 0 0.00 0.00
24/03/2003 1.35 1.35 1.35 1.35 0 0.00 0.00
25/03/2003 0.95 0.95 1.55 0.95 0 0.00 0.00
26/03/2003 1.38 1.38 1.55 1.38 0 0.00 0.00
27/03/2003 1.40 1.40 1.40 1.40 0 0.00 0.00
28/03/2003 1.42 1.42 1.42 1.42 0 0.00 0.00
31/03/2003 0.95 0.95 0.95 0.95 0 0.00 0.00
01/04/2003 1.50 1.50 1.50 1.50 0 2000.00 2000.00
02/04/2003 1.42 1.42 1.42 1.42 0 0.00 0.00
03/04/2003 1.50 1.50 1.50 1.50 0 4000.00 4000.00
04/04/2003 1.45 1.45 1.60 1.45 0 0.00 0.00
07/04/2003 1.50 1.50 1.58 1.50 0 0.00 0.00
08/04/2003 1.48 1.48 1.48 1.48 0 0.00 0.00
09/04/2003 1.48 1.48 1.48 1.48 0 0.00 0.00
10/04/2003 1.48 1.48 1.48 1.48 0 0.00 0.00
11/04/2003 1.48 1.48 1.48 1.48 0 2000.00 2000.00
14/04/2003 1.50 1.50 1.50 1.50 0 32000.00 32000.00
15/04/2003 1.50 1.50 1.50 1.50 0 0.00 0.00
16/04/2003 0.95 0.95 0.95 0.95 0 0.00 0.00
17/04/2003 1.50 1.50 1.50 1.50 0 0.00 0.00
18/04/2003 1.50 1.50 1.50 1.50 0 0.00 0.00
21/04/2003 1.50 1.50 1.50 1.50 0 0.00 0.00
22/04/2003 1.42 1.42 1.55 1.42 0 0.00 0.00
23/04/2003 1.45 1.45 1.45 1.45 0 0.00 0.00
24/04/2003 1.42 1.42 1.55 1.42 0 0.00 0.00
25/04/2003 1.42 1.42 1.42 1.42 0 0.00 0.00
28/04/2003 1.42 1.25 1.45 1.45 0 88000.00 88000.00
29/04/2003 1.33 1.33 1.55 1.33 0 0.00 0.00
30/04/2003 1.41 1.41 1.60 1.41 0 0.00 0.00
01/05/2003 1.41 1.41 1.41 1.41 0 0.00 0.00
02/05/2003 1.40 1.40 1.60 1.40 0 0.00 0.00
05/05/2003 1.33 1.33 1.75 1.33 0 0.00 0.00
06/05/2003 1.33 1.33 1.75 1.33 0 0.00 0.00
07/05/2003 1.33 1.33 1.75 1.33 0 0.00 0.00
08/05/2003 1.45 1.45 1.75 1.45 0 0.00 0.00
09/05/2003 1.33 1.33 1.75 1.33 0 0.00 0.00
12/05/2003 1.33 1.33 1.75 1.33 0 0.00 0.00
13/05/2003 1.33 1.33 1.75 1.33 0 0.00 0.00
14/05/2003 1.33 1.33 1.75 1.33 0 0.00 0.00
15/05/2003 1.75 1.75 1.75 1.75 0 2000.00 2000.00
16/05/2003 1.50 1.50 2.00 1.50 0 0.00 0.00
19/05/2003 1.75 1.75 1.75 1.75 0 2000.00 2000.00
20/05/2003 1.75 1.75 1.90 1.90 0 4000.00 4000.00
21/05/2003 2.00 2.00 2.00 2.00 0 2000.00 2000.00
22/05/2003 1.60 1.60 2.00 1.60 0 0.00 0.00
23/05/2003 1.50 1.50 2.00 1.50 0 0.00 0.00
26/05/2003 1.50 1.50 2.00 1.50 0 0.00 0.00
27/05/2003 1.50 1.50 2.00 1.50 0 0.00 0.00
28/05/2003 1.50 1.50 2.00 1.50 0 0.00 0.00
29/05/2003 1.99 1.99 1.99 1.99 0 12000.00 12000.00
30/05/2003 1.50 1.50 2.00 1.50 0 0.00 0.00
02/06/2003 1.50 1.50 2.00 1.50 0 0.00 0.00
03/06/2003 1.50 1.50 2.00 1.50 0 0.00 0.00
04/06/2003 1.50 1.50 2.00 1.50 0 0.00 0.00
05/06/2003 1.50 1.50 2.00 1.50 0 0.00 0.00
06/06/2003 1.50 1.50 2.00 1.50 0 0.00 0.00
09/06/2003 1.99 1.99 1.99 1.99 0 10000.00 10000.00
10/06/2003 1.50 1.50 1.99 1.50 0 0.00 0.00
11/06/2003 1.50 1.50 1.99 1.50 0 0.00 0.00
12/06/2003 1.50 1.50 1.98 1.50 0 0.00 0.00
13/06/2003 1.50 1.50 1.98 1.50 0 0.00 0.00
16/06/2003 1.50 1.50 1.98 1.50 0 0.00 0.00
17/06/2003 1.50 1.50 1.98 1.50 0 0.00 0.00
18/06/2003 1.50 1.50 1.98 1.50 0 0.00 0.00
19/06/2003 1.50 1.50 1.50 1.50 0 0.00 0.00
20/06/2003 1.50 1.50 1.98 1.50 0 0.00 0.00
23/06/2003 1.50 1.50 1.98 1.50 0 0.00 0.00
24/06/2003 0.95 0.95 1.98 0.95 0 0.00 0.00
25/06/2003 1.50 1.50 1.98 1.50 0 0.00 0.00
26/06/2003 1.50 1.50 1.98 1.50 0 0.00 0.00
27/06/2003 1.50 1.50 1.98 1.50 0 0.00 0.00
30/06/2003 1.50 1.50 1.98 1.50 0 0.00 0.00
01/07/2003 1.50 1.50 1.98 1.50 0 0.00 0.00
02/07/2003 1.50 1.50 1.98 1.50 0 0.00 0.00
03/07/2003 1.50 1.50 1.98 1.50 0 0.00 0.00
04/07/2003 1.50 1.50 1.98 1.50 0 0.00 0.00
07/07/2003 1.50 1.50 1.93 1.50 0 0.00 0.00
08/07/2003 1.50 1.50 1.93 1.50 0 0.00 0.00
09/07/2003 1.50 1.50 1.50 1.50 0 0.00 0.00
10/07/2003 1.50 1.50 1.93 1.50 0 0.00 0.00
11/07/2003 1.50 1.50 1.93 1.50 0 0.00 0.00
14/07/2003 1.50 1.50 1.93 1.50 0 0.00 0.00
15/07/2003 1.52 1.52 1.93 1.52 0 0.00 0.00
16/07/2003 1.75 1.75 1.75 1.75 0 40000.00 40000.00
17/07/2003 1.55 1.55 1.89 1.55 0 0.00 0.00
18/07/2003 1.55 1.55 1.89 1.55 0 0.00 0.00
21/07/2003 1.55 1.55 1.89 1.55 0 0.00 0.00
22/07/2003 1.75 1.75 1.75 1.75 0 10000.00 10000.00
23/07/2003 1.25 1.25 1.89 1.25 0 0.00 0.00
24/07/2003 1.55 1.55 1.89 1.55 0 0.00 0.00
25/07/2003 1.75 1.75 1.75 1.75 0 10000.00 10000.00
28/07/2003 1.75 1.75 1.75 1.75 0 10000.00 10000.00
29/07/2003 1.60 1.60 1.85 1.60 0 0.00 0.00
30/07/2003 1.60 1.60 1.85 1.60 0 0.00 0.00
31/07/2003 1.60 1.60 1.85 1.60 0 0.00 0.00
01/08/2003 1.60 1.60 1.85 1.60 0 0.00 0.00
04/08/2003 1.55 1.55 1.85 1.55 0 0.00 0.00
05/08/2003 1.55 1.55 1.85 1.55 0 0.00 0.00
06/08/2003 1.55 1.55 1.85 1.55 0 0.00 0.00
07/08/2003 1.55 1.55 1.85 1.55 0 0.00 0.00
08/08/2003 1.55 1.55 1.85 1.55 0 0.00 0.00
11/08/2003 1.55 1.55 1.85 1.55 0 0.00 0.00
12/08/2003 1.55 1.55 1.75 1.55 0 0.00 0.00
13/08/2003 1.55 1.55 1.75 1.55 0 0.00 0.00
14/08/2003 1.55 1.55 1.85 1.55 0 0.00 0.00
15/08/2003 1.55 1.55 1.85 1.55 0 0.00 0.00
18/08/2003 1.33 1.33 1.85 1.33 0 0.00 0.00
19/08/2003 1.55 1.55 1.85 1.55 0 0.00 0.00
20/08/2003 1.55 1.55 1.85 1.55 0 0.00 0.00
21/08/2003 1.55 1.55 1.85 1.55 0 0.00 0.00
22/08/2003 1.55 1.55 1.85 1.55 0 0.00 0.00
25/08/2003 1.33 1.33 1.85 1.33 0 0.00 0.00
26/08/2003 1.60 1.60 1.80 1.60 0 0.00 0.00
27/08/2003 1.60 1.60 1.85 1.60 0 0.00 0.00
28/08/2003 1.60 1.60 1.85 1.60 0 0.00 0.00
29/08/2003 1.60 1.60 1.85 1.60 0 0.00 0.00
01/09/2003 1.60 1.60 1.85 1.60 0 0.00 0.00
02/09/2003 1.60 1.60 1.85 1.60 0 0.00 0.00
03/09/2003 1.60 1.60 1.85 1.60 0 0.00 0.00
04/09/2003 1.60 1.60 1.60 1.60 0 0.00 0.00
05/09/2003 1.60 1.60 1.85 1.60 0 0.00 0.00
08/09/2003 1.60 1.60 1.85 1.60 0 0.00 0.00
09/09/2003 1.60 1.60 1.85 1.60 0 0.00 0.00
10/09/2003 1.60 1.60 1.85 1.60 0 0.00 0.00
11/09/2003 1.60 1.60 1.85 1.60 0 0.00 0.00
12/09/2003 1.60 1.60 1.85 1.60 0 0.00 0.00
15/09/2003 1.60 1.60 1.85 1.60 0 0.00 0.00
16/09/2003 1.60 1.60 1.85 1.60 0 0.00 0.00
17/09/2003 1.60 1.60 1.85 1.60 0 0.00 0.00
18/09/2003 1.60 1.60 1.85 1.60 0 0.00 0.00
19/09/2003 1.60 1.60 1.85 1.60 0 0.00 0.00
22/09/2003 1.60 1.60 1.85 1.60 0 0.00 0.00
23/09/2003 1.60 1.60 1.85 1.60 0 0.00 0.00
24/09/2003 1.60 1.60 1.85 1.60 0 0.00 0.00
25/09/2003 1.60 1.60 1.85 1.60 0 0.00 0.00
26/09/2003 1.50 1.50 1.85 1.50 0 0.00 0.00
29/09/2003 1.50 1.50 1.85 1.50 0 0.00 0.00
30/09/2003 1.50 1.50 1.85 1.50 0 0.00 0.00
01/10/2003 1.50 1.50 1.85 1.50 0 0.00 0.00
02/10/2003 1.50 1.50 1.85 1.50 0 0.00 0.00
03/10/2003 1.50 1.50 1.85 1.50 0 0.00 0.00
06/10/2003 1.50 1.50 1.85 1.50 0 0.00 0.00
07/10/2003 1.53 1.50 1.53 1.50 0 4000.00 4000.00
08/10/2003 1.25 1.25 1.85 1.25 0 0.00 0.00
09/10/2003 1.25 1.25 1.85 1.25 0 0.00 0.00
10/10/2003 1.50 1.50 1.50 1.50 0 4000.00 4000.00
13/10/2003 1.25 1.25 1.85 1.25 0 0.00 0.00
14/10/2003 1.25 1.25 1.50 1.25 0 0.00 0.00
15/10/2003 1.27 1.27 1.50 1.27 0 0.00 0.00
16/10/2003 1.50 1.50 1.50 1.50 0 900000.00 900000.00
17/10/2003 1.50 1.50 1.79 1.50 0 0.00 0.00
20/10/2003 1.30 1.30 1.79 1.30 0 0.00 0.00
21/10/2003 1.40 1.40 1.55 1.40 0 0.00 0.00
22/10/2003 1.50 1.50 1.50 1.50 0 400000.00 400000.00
23/10/2003 1.35 1.35 1.79 1.35 0 0.00 0.00
24/10/2003 1.33 1.33 1.79 1.33 0 0.00 0.00
27/10/2003 1.35 1.35 1.79 1.35 0 0.00 0.00
28/10/2003 1.38 1.38 1.79 1.38 0 0.00 0.00
29/10/2003 1.58 1.58 1.58 1.58 0 20000.00 20000.00
30/10/2003 1.30 1.30 1.79 1.30 0 0.00 0.00
31/10/2003 1.30 1.30 1.79 1.30 0 0.00 0.00
03/11/2003 1.30 1.30 1.79 1.30 0 0.00 0.00
04/11/2003 1.30 1.30 1.79 1.30 0 0.00 0.00
05/11/2003 1.30 1.30 1.79 1.30 0 0.00 0.00
06/11/2003 1.30 1.30 1.79 1.30 0 0.00 0.00
07/11/2003 1.30 1.30 1.79 1.30 0 0.00 0.00
10/11/2003 1.30 1.30 1.79 1.30 0 0.00 0.00
11/11/2003 1.30 1.30 1.79 1.30 0 0.00 0.00
12/11/2003 1.30 1.30 1.79 1.30 0 0.00 0.00
13/11/2003 1.50 1.50 1.50 1.50 0 30000.00 30000.00
14/11/2003 1.30 1.30 1.60 1.30 0 0.00 0.00
17/11/2003 1.30 1.30 1.79 1.30 0 0.00 0.00
18/11/2003 1.60 1.60 1.60 1.60 0 4000.00 4000.00
19/11/2003 1.30 1.30 1.60 1.30 0 0.00 0.00
20/11/2003 1.60 1.60 1.60 1.60 0 2000.00 2000.00
21/11/2003 1.30 1.30 1.60 1.30 0 0.00 0.00
24/11/2003 1.35 1.35 1.60 1.35 0 0.00 0.00
25/11/2003 1.50 1.50 1.60 1.50 0 0.00 0.00
26/11/2003 1.50 1.50 1.60 1.50 0 0.00 0.00
27/11/2003 1.42 1.42 1.60 1.42 0 0.00 0.00
28/11/2003 1.52 1.52 1.52 1.52 0 474000.00 474000.00
01/12/2003 1.35 1.35 1.83 1.35 0 0.00 0.00
02/12/2003 1.35 1.35 1.52 1.35 0 0.00 0.00
03/12/2003 1.52 1.52 1.52 1.52 0 4000.00 4000.00
04/12/2003 1.55 1.55 1.64 1.64 0 58000.00 58000.00
05/12/2003 1.55 1.50 1.55 1.50 0 8000.00 8000.00
08/12/2003 1.50 1.50 1.67 1.50 0 0.00 0.00
09/12/2003 1.50 1.50 1.67 1.50 0 0.00 0.00
10/12/2003 1.45 1.45 1.80 1.45 0 0.00 0.00
11/12/2003 1.35 1.35 1.80 1.35 0 0.00 0.00
12/12/2003 1.35 1.35 1.80 1.35 0 0.00 0.00
15/12/2003 1.35 1.35 1.80 1.35 0 0.00 0.00
16/12/2003 1.35 1.35 1.80 1.35 0 0.00 0.00
17/12/2003 1.35 1.35 1.80 1.35 0 0.00 0.00
18/12/2003 1.35 1.35 1.80 1.35 0 0.00 0.00
19/12/2003 1.35 1.35 1.80 1.35 0 0.00 0.00
22/12/2003 1.42 1.42 1.80 1.42 0 0.00 0.00
23/12/2003 1.42 1.42 1.80 1.42 0 0.00 0.00
24/12/2003 1.42 1.42 1.42 1.42 0 0.00 0.00
25/12/2003 1.42 1.42 1.42 1.42 0 0.00 0.00
26/12/2003 1.42 1.42 1.42 1.42 0 0.00 0.00
29/12/2003 1.42 1.42 1.42 1.42 0 0.00 0.00
30/12/2003 1.50 1.50 1.50 1.50 0 0.00 0.00
31/12/2003 1.50 1.50 1.50 1.50 0 0.00 0.00
01/01/2004 1.50 1.50 1.50 1.50 0 0.00 0.00
02/01/2004 1.42 1.42 1.42 1.42 0 0.00 0.00
05/01/2004 1.42 1.42 1.42 1.42 0 0.00 0.00
06/01/2004 1.42 1.42 1.42 1.42 0 0.00 0.00
07/01/2004 1.50 1.50 1.88 1.50 0 0.00 0.00
08/01/2004 1.50 1.50 1.88 1.50 0 0.00 0.00
09/01/2004 1.43 1.43 1.85 1.43 0 0.00 0.00
12/01/2004 1.43 1.43 1.89 1.43 0 0.00 0.00
13/01/2004 1.52 1.52 1.88 1.52 0 0.00 0.00
14/01/2004 1.50 1.50 1.88 1.50 0 0.00 0.00
15/01/2004 1.90 1.90 1.90 1.90 0 6000.00 6000.00
16/01/2004 1.43 1.43 1.95 1.43 0 0.00 0.00
19/01/2004 1.43 1.43 1.95 1.43 0 0.00 0.00
20/01/2004 1.43 1.43 1.95 1.43 0 0.00 0.00
21/01/2004 1.65 1.65 2.00 1.65 0 0.00 0.00
22/01/2004 1.65 1.65 2.00 1.65 0 0.00 0.00
23/01/2004 1.65 1.65 2.00 1.65 0 0.00 0.00
26/01/2004 1.64 1.64 1.99 1.64 0 0.00 0.00
27/01/2004 1.43 1.43 1.99 1.43 0 0.00 0.00
28/01/2004 1.62 1.62 1.99 1.62 0 0.00 0.00
29/01/2004 1.60 1.60 1.99 1.60 0 0.00 0.00
30/01/2004 1.43 1.43 1.99 1.43 0 0.00 0.00
02/02/2004 1.43 1.43 1.99 1.43 0 0.00 0.00
03/02/2004 1.50 1.50 1.88 1.50 0 0.00 0.00
04/02/2004 1.43 1.43 1.89 1.43 0 0.00 0.00
05/02/2004 1.43 1.43 1.43 1.43 0 0.00 0.00
06/02/2004 1.43 1.43 1.88 1.43 0 0.00 0.00
09/02/2004 1.43 1.43 1.88 1.43 0 0.00 0.00
10/02/2004 1.43 1.43 1.88 1.43 0 0.00 0.00
11/02/2004 1.89 1.89 1.89 1.89 0 40000.00 40000.00
12/02/2004 1.89 1.89 1.89 1.89 0 2000.00 2000.00
13/02/2004 1.89 1.88 1.89 1.88 0 18000.00 18000.00
16/02/2004 1.43 1.43 1.89 1.43 0 0.00 0.00
17/02/2004 1.43 1.43 1.89 1.43 0 0.00 0.00
18/02/2004 1.89 1.89 1.89 1.89 0 0.00 0.00
19/02/2004 1.89 1.89 1.89 1.89 0 0.00 0.00
20/02/2004 1.89 1.89 1.89 1.89 0 0.00 0.00
23/02/2004 1.89 1.89 1.89 1.89 0 0.00 0.00
24/02/2004 1.89 1.89 1.89 1.89 0 0.00 0.00
25/02/2004 1.89 1.89 1.89 1.89 0 0.00 0.00
26/02/2004 1.89 1.89 1.89 1.89 0 0.00 0.00
27/02/2004 1.89 1.89 1.89 1.89 0 0.00 0.00
01/03/2004 1.89 1.89 1.89 1.89 0 0.00 0.00
02/03/2004 1.89 1.89 1.89 1.89 0 0.00 0.00
03/03/2004 1.89 1.89 1.89 1.89 0 0.00 0.00
04/03/2004 1.89 1.89 1.89 1.89 0 0.00 0.00
05/03/2004 1.89 1.89 1.89 1.89 0 0.00 0.00
08/03/2004 1.88 1.88 1.88 1.88 0 0.00 0.00
09/03/2004 1.89 1.89 1.89 1.89 0 0.00 0.00
10/03/2004 1.50 1.50 1.88 1.50 0 0.00 0.00
11/03/2004 1.50 1.50 1.88 1.50 0 0.00 0.00
12/03/2004 1.50 1.50 1.88 1.50 0 0.00 0.00
15/03/2004 1.50 1.50 1.50 1.50 0 0.00 0.00
16/03/2004 1.75 1.75 1.88 1.75 0 0.00 0.00
17/03/2004 1.75 1.75 1.75 1.75 0 0.00 0.00
18/03/2004 1.75 1.75 1.75 1.75 0 0.00 0.00
19/03/2004 1.75 1.75 1.75 1.75 0 0.00 0.00
22/03/2004 1.50 1.50 1.50 1.50 0 2000.00 2000.00
23/03/2004 1.55 1.55 1.87 1.55 0 0.00 0.00
24/03/2004 1.50 1.50 1.87 1.50 0 0.00 0.00
25/03/2004 1.50 1.50 1.50 1.50 0 0.00 0.00
26/03/2004 1.55 1.55 1.87 1.55 0 0.00 0.00
29/03/2004 1.85 1.85 1.85 1.85 0 0.00 0.00
30/03/2004 1.51 1.51 1.87 1.51 0 0.00 0.00
31/03/2004 1.70 1.70 1.80 1.70 0 0.00 0.00
01/04/2004 1.70 1.70 1.70 1.70 0 10000.00 10000.00
02/04/2004 1.88 1.88 1.88 1.88 0 0.00 0.00
05/04/2004 1.70 1.70 1.88 1.70 0 0.00 0.00
06/04/2004 1.88 1.88 1.88 1.88 0 0.00 0.00
07/04/2004 1.88 1.88 1.88 1.88 0 0.00 0.00
08/04/2004 1.88 1.88 1.88 1.88 0 0.00 0.00
09/04/2004 1.88 1.88 1.88 1.88 0 0.00 0.00
12/04/2004 1.88 1.88 1.88 1.88 0 14000.00 14000.00
13/04/2004 1.87 1.87 1.88 1.87 0 0.00 0.00
14/04/2004 1.88 1.88 1.88 1.88 0 2000.00 2000.00
15/04/2004 1.88 1.88 1.88 1.88 0 10000.00 10000.00
16/04/2004 1.90 1.90 1.90 1.90 0 300000.00 300000.00
19/04/2004 1.90 1.90 1.90 1.90 0 20000.00 20000.00
20/04/2004 1.92 1.92 1.92 1.92 0 2000.00 2000.00
21/04/2004 1.92 1.92 1.92 1.92 0 0.00 0.00
22/04/2004 1.92 1.92 1.92 1.92 0 2000.00 2000.00
23/04/2004 1.92 1.92 1.92 1.92 0 0.00 0.00
26/04/2004 1.92 1.92 1.92 1.92 0 2000.00 2000.00
27/04/2004 1.90 1.90 1.92 1.90 0 0.00 0.00
28/04/2004 1.92 1.92 1.92 1.92 0 2000.00 2000.00
29/04/2004 1.90 1.90 1.90 1.90 0 2000.00 2000.00
30/04/2004 1.90 1.90 1.90 1.90 0 0.00 0.00
03/05/2004 1.88 1.88 1.92 1.88 0 0.00 0.00
04/05/2004 1.88 1.88 1.88 1.88 0 0.00 0.00
05/05/2004 1.90 1.90 1.92 1.90 0 0.00 0.00
06/05/2004 1.85 1.85 1.85 1.85 0 2000.00 2000.00
07/05/2004 1.85 1.85 1.85 1.85 0 2000.00 2000.00
10/05/2004 1.82 1.82 1.82 1.82 0 10000.00 10000.00
11/05/2004 1.80 1.80 1.83 1.83 0 8000.00 8000.00
12/05/2004 1.82 1.82 1.82 1.82 0 2000.00 2000.00
13/05/2004 1.82 1.80 1.82 1.80 0 8000.00 8000.00
14/05/2004 1.83 1.83 1.83 1.83 0 2000.00 2000.00
17/05/2004 1.80 1.75 1.80 1.75 0 20000.00 20000.00
18/05/2004 1.77 1.77 1.77 1.77 0 4000.00 4000.00
19/05/2004 1.77 1.77 1.80 1.77 0 0.00 0.00
20/05/2004 1.65 1.65 2.00 1.65 0 0.00 0.00
21/05/2004 1.78 1.78 1.78 1.78 0 2000.00 2000.00
24/05/2004 1.78 1.78 1.78 1.78 0 4000.00 4000.00
25/05/2004 1.77 1.77 1.78 1.77 0 0.00 0.00
26/05/2004 1.77 1.77 1.77 1.77 0 10000.00 10000.00
27/05/2004 1.77 1.77 1.77 1.77 0 0.00 0.00
28/05/2004 1.79 1.79 1.79 1.79 0 2000.00 2000.00
31/05/2004 1.78 1.78 1.80 1.80 0 4000.00 4000.00
01/06/2004 1.77 1.77 1.79 1.77 0 0.00 0.00
02/06/2004 1.76 1.76 1.78 1.76 0 0.00 0.00
03/06/2004 1.76 1.76 1.76 1.76 0 0.00 0.00
04/06/2004 1.76 1.76 1.76 1.76 0 4000.00 4000.00
07/06/2004 1.78 1.78 1.78 1.78 0 4000.00 4000.00
08/06/2004 1.77 1.77 1.80 1.77 0 0.00 0.00
09/06/2004 1.78 1.78 1.80 1.78 0 0.00 0.00
10/06/2004 1.78 1.78 1.78 1.78 0 0.00 0.00
11/06/2004 1.78 1.78 1.78 1.78 0 0.00 0.00
14/06/2004 1.80 1.80 1.80 1.80 0 2000.00 2000.00
15/06/2004 1.82 1.82 1.82 1.82 0 2000.00 2000.00
16/06/2004 1.80 1.80 1.83 1.80 0 0.00 0.00
17/06/2004 1.82 1.82 1.83 1.82 0 0.00 0.00
18/06/2004 1.80 1.80 1.80 1.80 0 8000.00 8000.00
21/06/2004 1.80 1.80 1.80 1.80 0 0.00 0.00
22/06/2004 1.79 1.79 1.82 1.79 0 0.00 0.00
23/06/2004 1.79 1.79 1.82 1.79 0 0.00 0.00
24/06/2004 1.79 1.79 1.79 1.79 0 0.00 0.00
25/06/2004 1.79 1.79 1.82 1.79 0 0.00 0.00
28/06/2004 1.79 1.79 1.79 1.79 0 0.00 0.00
29/06/2004 1.79 1.79 1.82 1.79 0 0.00 0.00
30/06/2004 1.79 1.79 1.79 1.79 0 10000.00 10000.00
01/07/2004 1.78 1.78 1.78 1.78 0 2000.00 2000.00
02/07/2004 1.77 1.77 1.80 1.77 0 0.00 0.00
05/07/2004 1.77 1.77 1.80 1.77 0 0.00 0.00
06/07/2004 1.77 1.77 1.80 1.77 0 0.00 0.00
07/07/2004 1.77 1.77 1.80 1.77 0 0.00 0.00
08/07/2004 1.77 1.77 1.80 1.77 0 0.00 0.00
09/07/2004 1.77 1.77 1.77 1.77 0 0.00 0.00
12/07/2004 1.77 1.77 1.77 1.77 0 0.00 0.00
13/07/2004 1.77 1.77 1.77 1.77 0 0.00 0.00
14/07/2004 1.77 1.77 1.77 1.77 0 0.00 0.00
15/07/2004 1.77 1.77 1.77 1.77 0 0.00 0.00
16/07/2004 1.77 1.77 1.77 1.77 0 0.00 0.00
19/07/2004 1.77 1.77 1.80 1.77 0 0.00 0.00
20/07/2004 1.77 1.77 1.80 1.77 0 0.00 0.00
21/07/2004 1.77 1.77 1.80 1.77 0 0.00 0.00
22/07/2004 1.77 1.77 1.80 1.77 0 0.00 0.00
23/07/2004 1.77 1.77 1.77 1.77 0 0.00 0.00
26/07/2004 1.77 1.77 1.80 1.77 0 0.00 0.00
27/07/2004 1.77 1.77 1.80 1.77 0 0.00 0.00
28/07/2004 1.77 1.77 1.80 1.77 0 0.00 0.00
29/07/2004 1.80 1.80 1.80 1.80 0 4000.00 4000.00
30/07/2004 1.79 1.79 1.82 1.79 0 0.00 0.00
02/08/2004 1.79 1.79 1.82 1.79 0 0.00 0.00
03/08/2004 1.79 1.79 1.82 1.79 0 0.00 0.00
04/08/2004 1.79 1.79 1.82 1.79 0 0.00 0.00
05/08/2004 1.79 1.79 1.82 1.79 0 0.00 0.00
06/08/2004 1.79 1.79 1.82 1.79 0 0.00 0.00
09/08/2004 1.79 1.79 1.82 1.79 0 0.00 0.00
10/08/2004 1.79 1.79 1.82 1.79 0 0.00 0.00
11/08/2004 1.79 1.79 1.82 1.79 0 0.00 0.00
12/08/2004 1.79 1.79 1.82 1.79 0 0.00 0.00
13/08/2004 1.79 1.79 1.82 1.79 0 0.00 0.00
16/08/2004 1.79 1.79 1.82 1.79 0 0.00 0.00
17/08/2004 1.79 1.79 1.82 1.79 0 0.00 0.00
18/08/2004 1.79 1.79 1.82 1.79 0 0.00 0.00
19/08/2004 1.79 1.79 1.82 1.79 0 0.00 0.00
20/08/2004 1.79 1.79 1.82 1.79 0 0.00 0.00
23/08/2004 1.79 1.79 1.82 1.79 0 0.00 0.00
24/08/2004 1.79 1.79 1.79 1.79 0 0.00 0.00
25/08/2004 1.79 1.79 1.82 1.79 0 0.00 0.00
26/08/2004 1.79 1.79 1.82 1.79 0 0.00 0.00
27/08/2004 1.79 1.79 1.79 1.79 0 0.00 0.00
30/08/2004 1.79 1.79 1.82 1.79 0 0.00 0.00
31/08/2004 1.82 1.82 1.82 1.82 0 12000.00 12000.00
01/09/2004 1.83 1.83 1.83 1.83 0 4000.00 4000.00
02/09/2004 1.82 1.82 1.85 1.82 0 0.00 0.00
03/09/2004 1.83 1.83 1.85 1.83 0 0.00 0.00
06/09/2004 1.82 1.82 1.85 1.82 0 0.00 0.00
07/09/2004 1.82 1.82 1.82 1.82 0 0.00 0.00
08/09/2004 1.85 1.85 1.85 1.85 0 10000.00 10000.00
09/09/2004 1.84 1.84 1.84 1.84 0 10000.00 10000.00
10/09/2004 1.83 1.83 1.83 1.83 0 8000.00 8000.00
13/09/2004 1.83 1.83 1.83 1.83 0 0.00 0.00
14/09/2004 1.82 1.82 1.84 1.82 0 0.00 0.00
15/09/2004 1.82 1.82 1.84 1.82 0 0.00 0.00
16/09/2004 1.82 1.82 1.84 1.82 0 0.00 0.00
17/09/2004 1.82 1.82 1.84 1.82 0 0.00 0.00
20/09/2004 1.82 1.82 1.82 1.82 0 0.00 0.00
21/09/2004 1.82 1.82 1.84 1.82 0 0.00 0.00
22/09/2004 1.82 1.82 1.82 1.82 0 0.00 0.00
23/09/2004 1.82 1.82 1.84 1.82 0 0.00 0.00
24/09/2004 1.82 1.82 1.84 1.82 0 0.00 0.00
27/09/2004 1.82 1.82 1.84 1.82 0 0.00 0.00
28/09/2004 1.82 1.82 1.84 1.82 0 0.00 0.00
29/09/2004 1.82 1.82 1.84 1.82 0 0.00 0.00
30/09/2004 1.82 1.82 1.84 1.82 0 0.00 0.00
01/10/2004 1.82 1.82 1.82 1.82 0 600.00 600.00
04/10/2004 1.81 1.81 1.83 1.81 0 0.00 0.00
05/10/2004 1.80 1.80 1.83 1.80 0 0.00 0.00
06/10/2004 1.82 1.82 1.83 1.82 0 0.00 0.00
07/10/2004 1.83 1.83 1.83 1.83 0 2600.00 2600.00
08/10/2004 1.85 1.85 1.87 1.87 0 20000.00 20000.00
11/10/2004 1.87 1.87 1.87 1.87 0 0.00 0.00
12/10/2004 1.87 1.87 1.87 1.87 0 0.00 0.00
13/10/2004 1.86 1.86 1.88 1.86 0 0.00 0.00
14/10/2004 1.86 1.86 1.88 1.86 0 0.00 0.00
15/10/2004 1.88 1.88 1.88 1.88 0 0.00 0.00
18/10/2004 1.88 1.88 1.88 1.88 0 0.00 0.00
19/10/2004 1.88 1.88 1.88 1.88 0 0.00 0.00
20/10/2004 1.88 1.88 1.88 1.88 0 400.00 400.00
21/10/2004 1.90 1.90 1.90 1.90 0 2400.00 2400.00
22/10/2004 1.91 1.91 1.91 1.91 0 2000.00 2000.00
25/10/2004 1.90 1.90 1.93 1.93 0 400.00 400.00
26/10/2004 1.93 1.93 1.93 1.93 0 0.00 0.00
27/10/2004 1.93 1.93 1.93 1.93 0 4000.00 4000.00
28/10/2004 1.95 1.95 1.95 1.95 0 200.00 200.00
29/10/2004 1.96 1.95 1.96 1.95 0 16000.00 16000.00
01/11/2004 1.94 1.94 1.97 1.94 0 0.00 0.00
02/11/2004 1.94 1.94 1.94 1.94 0 0.00 0.00
03/11/2004 1.97 1.97 1.97 1.97 0 4000.00 4000.00
04/11/2004 1.98 1.96 1.98 1.96 0 11400.00 11400.00
05/11/2004 1.95 1.95 1.97 1.95 0 0.00 0.00
08/11/2004 1.95 1.95 1.97 1.95 0 0.00 0.00
09/11/2004 1.97 1.97 1.97 1.97 0 2000.00 2000.00
10/11/2004 1.97 1.97 1.97 1.97 0 0.00 0.00
11/11/2004 1.99 1.99 1.99 1.99 0 4000.00 4000.00
12/11/2004 2.00 2.00 2.00 2.00 0 6000.00 6000.00
15/11/2004 2.00 2.00 2.00 2.00 0 0.00 0.00
16/11/2004 2.02 2.02 2.02 2.02 0 4000.00 4000.00
17/11/2004 2.03 2.01 2.04 2.04 0 52000.00 52000.00
18/11/2004 2.06 2.06 2.06 2.06 0 30000.00 30000.00
19/11/2004 2.05 2.05 2.08 2.05 0 0.00 0.00
22/11/2004 2.07 2.07 2.07 2.07 0 2000.00 2000.00
23/11/2004 2.08 2.08 2.09 2.09 0 40200.00 40200.00
24/11/2004 2.10 2.10 2.10 2.10 0 2000.00 2000.00
25/11/2004 2.10 2.10 2.10 2.10 0 28000.00 28000.00
26/11/2004 2.10 2.10 2.10 2.10 0 10000.00 10000.00
29/11/2004 2.10 2.10 2.12 2.12 0 16200.00 16200.00
30/11/2004 2.13 2.13 2.15 2.15 0 30000.00 30000.00
01/12/2004 2.17 2.17 2.22 2.22 0 40000.00 40000.00
02/12/2004 2.21 2.21 2.30 2.26 0 86000.00 86000.00
03/12/2004 2.33 2.33 2.33 2.33 0 400.00 400.00
06/12/2004 2.33 2.33 2.33 2.33 0 0.00 0.00
07/12/2004 2.33 2.33 2.33 2.33 0 10000.00 10000.00
08/12/2004 2.34 2.33 2.34 2.33 0 8200.00 8200.00
09/12/2004 2.33 2.33 2.33 2.33 0 32000.00 32000.00
10/12/2004 2.32 2.32 2.34 2.32 0 0.00 0.00
13/12/2004 2.32 2.32 2.34 2.32 0 0.00 0.00
14/12/2004 2.32 2.32 2.34 2.32 0 0.00 0.00
15/12/2004 2.19 2.19 2.19 2.19 0 200.00 200.00
16/12/2004 2.18 2.18 2.18 2.18 0 6000.00 6000.00
17/12/2004 2.20 2.20 2.20 2.20 0 2000.00 2000.00
20/12/2004 2.21 2.21 2.21 2.21 0 10000.00 10000.00
21/12/2004 2.23 2.23 2.23 2.23 0 10000.00 10000.00
22/12/2004 2.22 2.22 2.24 2.22 0 0.00 0.00
23/12/2004 2.23 2.23 2.24 2.23 0 0.00 0.00
24/12/2004 2.23 2.23 2.23 2.23 0 0.00 0.00
27/12/2004 2.23 2.23 2.23 2.23 0 10000.00 10000.00
28/12/2004 2.23 2.23 2.25 2.23 0 0.00 0.00
29/12/2004 2.23 2.23 2.25 2.23 0 0.00 0.00
30/12/2004 2.23 2.23 2.25 2.23 0 0.00 0.00
31/12/2004 2.23 2.23 2.23 2.23 0 0.00 0.00
03/01/2005 2.22 2.22 2.22 2.22 0 200.00 200.00
04/01/2005 2.21 2.21 2.24 2.21 0 0.00 0.00
05/01/2005 2.21 2.21 2.24 2.21 0 0.00 0.00
06/01/2005 2.21 2.21 2.24 2.21 0 0.00 0.00
07/01/2005 2.24 2.24 2.24 2.24 0 7000.00 7000.00
10/01/2005 2.23 2.23 2.23 2.23 0 10000.00 10000.00
11/01/2005 2.22 2.22 2.24 2.22 0 0.00 0.00
12/01/2005 2.22 2.22 2.24 2.22 0 0.00 0.00
13/01/2005 2.24 2.24 2.24 2.24 0 400.00 400.00
14/01/2005 2.23 2.23 2.24 2.23 0 0.00 0.00
17/01/2005 2.23 2.23 2.24 2.23 0 0.00 0.00
18/01/2005 2.23 2.23 2.26 2.23 0 0.00 0.00
19/01/2005 2.23 2.23 2.23 2.23 0 10000.00 10000.00
20/01/2005 2.22 2.19 2.22 2.19 0 14200.00 14200.00
21/01/2005 2.18 2.18 2.21 2.18 0 0.00 0.00
24/01/2005 2.18 2.18 2.21 2.18 0 0.00 0.00
25/01/2005 2.18 2.18 2.18 2.18 0 0.00 0.00
26/01/2005 2.18 2.18 2.18 2.18 0 0.00 0.00
27/01/2005 2.18 2.18 2.18 2.18 0 0.00 0.00
28/01/2005 2.18 2.18 2.18 2.18 0 0.00 0.00
31/01/2005 2.18 2.18 2.18 2.18 0 0.00 0.00
01/02/2005 2.17 2.17 2.20 2.17 0 0.00 0.00
02/02/2005 2.17 2.17 2.20 2.17 0 0.00 0.00
03/02/2005 2.17 2.17 2.20 2.17 0 0.00 0.00
04/02/2005 2.17 2.17 2.20 2.17 0 0.00 0.00
07/02/2005 2.17 2.17 2.17 2.17 0 0.00 0.00
08/02/2005 2.17 2.17 2.17 2.17 0 0.00 0.00
09/02/2005 2.20 2.20 2.20 2.20 0 10000.00 10000.00
10/02/2005 2.19 2.19 2.21 2.19 0 0.00 0.00
11/02/2005 2.21 2.21 2.21 2.21 0 10000.00 10000.00
14/02/2005 2.23 2.23 2.23 2.23 0 10000.00 10000.00
15/02/2005 2.24 2.24 2.24 2.24 0 10000.00 10000.00
16/02/2005 2.26 2.23 2.29 2.23 0 50000.00 50000.00
17/02/2005 2.25 2.25 2.28 2.28 0 30000.00 30000.00
18/02/2005 2.29 2.29 2.29 2.29 0 10000.00 10000.00
21/02/2005 2.31 2.31 2.31 2.31 0 10000.00 10000.00
22/02/2005 2.32 2.32 2.32 2.32 0 10000.00 10000.00
23/02/2005 2.34 2.34 2.36 2.36 0 30000.00 30000.00
24/02/2005 2.38 2.38 2.40 2.40 0 30000.00 30000.00
25/02/2005 2.41 2.40 2.44 2.40 0 31200.00 31200.00
28/02/2005 2.41 2.41 2.44 2.44 0 29800.00 29800.00
01/03/2005 2.45 2.45 2.48 2.48 0 19000.00 19000.00
02/03/2005 2.49 2.49 2.49 2.49 0 5400.00 5400.00
03/03/2005 2.50 2.50 2.50 2.50 0 6000.00 6000.00
04/03/2005 2.51 2.51 2.51 2.51 0 0.00 0.00
07/03/2005 2.53 2.53 3.00 2.53 0 0.00 0.00
08/03/2005 2.70 2.70 4.00 2.70 0 0.00 0.00
09/03/2005 3.00 3.00 3.00 3.00 0 2000.00 2000.00
10/03/2005 3.00 3.00 3.50 3.40 0 28600.00 28600.00
11/03/2005 3.25 3.25 3.45 3.45 0 4200.00 4200.00
14/03/2005 3.45 3.45 3.45 3.45 0 9600.00 9600.00
15/03/2005 3.25 3.25 3.49 3.25 0 0.00 0.00
16/03/2005 3.45 3.45 3.45 3.45 0 2000.00 2000.00
17/03/2005 3.44 3.44 3.44 3.44 0 200.00 200.00
18/03/2005 3.25 3.25 3.25 3.25 0 2000.00 2000.00
21/03/2005 3.50 3.50 3.50 3.50 0 86200.00 86200.00
22/03/2005 3.50 3.40 3.50 3.47 0 18200.00 18200.00
23/03/2005 3.40 3.40 4.00 3.40 0 0.00 0.00
24/03/2005 3.45 3.45 4.00 3.45 0 0.00 0.00
25/03/2005 3.45 3.45 3.45 3.45 0 0.00 0.00
28/03/2005 3.60 3.60 3.60 3.60 0 2000.00 2000.00
29/03/2005 3.70 3.67 3.70 3.70 0 7200.00 7200.00
30/03/2005 3.60 3.60 3.60 3.60 0 3800.00 3800.00
31/03/2005 3.60 3.60 3.60 3.60 0 200.00 200.00
01/04/2005 3.55 3.55 3.60 3.55 0 0.00 0.00
04/04/2005 3.50 3.50 3.50 3.50 0 3000.00 3000.00
05/04/2005 3.40 3.40 3.50 3.40 0 0.00 0.00
06/04/2005 3.25 3.25 3.50 3.25 0 0.00 0.00
07/04/2005 3.25 3.25 3.25 3.25 0 0.00 0.00
08/04/2005 2.25 2.25 3.50 2.25 0 0.00 0.00
11/04/2005 3.00 3.00 3.47 3.00 0 0.00 0.00
12/04/2005 3.15 3.15 3.47 3.15 0 0.00 0.00
13/04/2005 3.10 3.10 3.47 3.10 0 0.00 0.00
14/04/2005 3.05 3.00 3.05 3.00 0 1600.00 1600.00
15/04/2005 3.00 2.75 3.05 2.95 0 6600.00 6600.00
18/04/2005 2.85 2.85 3.08 2.85 0 0.00 0.00
19/04/2005 3.08 3.08 3.08 3.08 0 200.00 200.00
20/04/2005 2.90 2.90 3.05 2.90 0 0.00 0.00
21/04/2005 2.90 2.90 2.90 2.90 0 0.00 0.00
22/04/2005 2.90 2.90 2.90 2.90 0 0.00 0.00
25/04/2005 2.92 2.92 2.92 2.92 0 600.00 600.00
26/04/2005 2.65 2.65 2.92 2.65 0 0.00 0.00
27/04/2005 2.75 2.75 2.92 2.75 0 0.00 0.00
28/04/2005 2.65 2.65 2.70 2.65 0 17800.00 17800.00
29/04/2005 2.55 2.55 2.88 2.55 0 0.00 0.00
02/05/2005 2.65 2.65 2.80 2.80 0 9400.00 9400.00
03/05/2005 2.80 2.80 2.80 2.80 0 1400.00 1400.00
04/05/2005 2.92 2.92 3.05 3.05 0 14200.00 14200.00
05/05/2005 3.10 3.10 3.15 3.15 0 400.00 400.00
06/05/2005 3.05 3.00 3.05 3.00 0 78400.00 78400.00
09/05/2005 3.15 3.10 3.15 3.10 0 400.00 400.00
10/05/2005 3.03 3.03 3.10 3.03 0 0.00 0.00
11/05/2005 3.00 3.00 3.00 3.00 0 2000.00 2000.00
12/05/2005 2.85 2.85 3.05 2.85 0 0.00 0.00
13/05/2005 2.90 2.90 3.10 2.90 0 0.00 0.00
16/05/2005 3.00 2.85 3.00 2.85 0 1000.00 1000.00
17/05/2005 2.85 2.85 2.85 2.85 0 2000.00 2000.00
18/05/2005 2.85 2.85 2.85 2.85 0 0.00 0.00
19/05/2005 2.95 2.95 3.00 2.95 0 0.00 0.00
20/05/2005 3.00 3.00 3.00 3.00 0 600.00 600.00
23/05/2005 2.90 2.85 2.90 2.85 0 2800.00 2800.00
24/05/2005 2.90 2.90 2.95 2.90 0 0.00 0.00
25/05/2005 2.50 2.50 2.95 2.50 0 0.00 0.00
26/05/2005 2.50 2.50 2.50 2.50 0 0.00 0.00
27/05/2005 2.75 2.75 2.75 2.75 0 200.00 200.00
30/05/2005 3.00 2.90 3.00 2.90 0 600.00 600.00
31/05/2005 2.55 2.55 3.00 2.55 0 0.00 0.00
01/06/2005 2.60 2.60 2.95 2.60 0 0.00 0.00
02/06/2005 2.90 2.90 3.10 2.95 0 20400.00 20400.00
03/06/2005 3.00 3.00 3.00 3.00 0 10000.00 10000.00
06/06/2005 2.75 2.75 3.24 2.75 0 0.00 0.00
07/06/2005 3.00 3.00 3.00 3.00 0 2000.00 2000.00
08/06/2005 3.00 3.00 3.24 3.24 0 10000.00 10000.00
09/06/2005 3.05 3.00 3.05 3.00 0 9000.00 9000.00
10/06/2005 3.00 3.00 3.00 3.00 0 10200.00 10200.00
13/06/2005 2.55 2.55 3.24 2.55 0 0.00 0.00
14/06/2005 3.00 3.00 3.00 3.00 0 6000.00 6000.00
15/06/2005 3.00 3.00 3.00 3.00 0 200.00 200.00
16/06/2005 2.60 2.60 3.50 2.60 0 0.00 0.00
17/06/2005 3.60 3.50 3.60 3.50 0 23800.00 23800.00
20/06/2005 3.50 3.50 3.50 3.50 0 8200.00 8200.00
21/06/2005 3.56 3.56 4.50 3.56 0 0.00 0.00
22/06/2005 3.60 3.60 3.60 3.60 0 10000.00 10000.00
23/06/2005 3.95 3.95 4.00 4.00 0 24800.00 24800.00
24/06/2005 4.00 4.00 4.25 4.25 0 20600.00 20600.00
27/06/2005 4.01 4.01 4.49 4.01 0 0.00 0.00
28/06/2005 4.00 4.00 4.25 4.00 0 0.00 0.00
29/06/2005 3.75 3.75 4.50 3.75 0 0.00 0.00
30/06/2005 3.75 3.75 4.50 3.75 0 0.00 0.00
01/07/2005 4.25 4.25 4.25 4.25 0 20000.00 20000.00
04/07/2005 4.00 4.00 4.00 4.00 0 1000.00 1000.00
05/07/2005 4.00 4.00 4.00 4.00 0 1000.00 1000.00
06/07/2005 4.00 4.00 4.00 4.00 0 3000.00 3000.00
07/07/2005 4.00 4.00 4.20 4.20 0 6000.00 6000.00
08/07/2005 4.00 4.00 4.20 4.00 0 0.00 0.00
11/07/2005 4.00 4.00 4.00 4.00 0 4000.00 4000.00
12/07/2005 4.00 4.00 4.00 4.00 0 2200.00 2200.00
13/07/2005 4.20 4.20 4.25 4.20 0 21200.00 21200.00
14/07/2005 4.40 4.40 4.40 4.40 0 200.00 200.00
15/07/2005 4.16 4.16 4.44 4.16 0 0.00 0.00
18/07/2005 4.15 4.15 4.44 4.15 0 0.00 0.00
19/07/2005 4.15 4.15 4.35 4.15 0 0.00 0.00
20/07/2005 4.15 4.15 4.15 4.15 0 0.00 0.00
21/07/2005 4.15 4.15 4.15 4.15 0 0.00 0.00
22/07/2005 4.15 4.15 4.15 4.15 0 0.00 0.00
25/07/2005 4.15 4.15 4.15 4.15 0 800.00 800.00
26/07/2005 4.00 4.00 4.00 4.00 0 1000.00 1000.00
27/07/2005 3.90 3.90 4.44 3.90 0 0.00 0.00
28/07/2005 4.44 4.44 4.44 4.44 0 400.00 400.00
29/07/2005 4.25 4.25 4.50 4.40 0 4400.00 4400.00
01/08/2005 4.25 4.25 4.50 4.50 0 4200.00 4200.00
02/08/2005 4.50 4.50 4.99 4.50 0 0.00 0.00
03/08/2005 4.75 4.63 4.75 4.63 0 1600.00 1600.00
04/08/2005 4.45 4.45 4.45 4.45 0 2000.00 2000.00
05/08/2005 4.35 4.35 4.60 4.35 0 0.00 0.00
08/08/2005 4.35 4.35 4.75 4.35 0 0.00 0.00
09/08/2005 4.50 4.50 4.50 4.50 0 6400.00 6400.00
10/08/2005 4.50 4.50 5.50 5.50 0 152400.00 152400.00
11/08/2005 5.25 5.25 5.65 5.65 0 26000.00 26000.00
12/08/2005 5.60 5.60 5.95 5.95 0 3800.00 3800.00
15/08/2005 5.70 5.70 5.95 5.70 0 0.00 0.00
16/08/2005 5.95 5.95 6.05 6.00 0 54000.00 54000.00
17/08/2005 6.18 6.00 6.25 6.22 0 16600.00 16600.00
18/08/2005 6.05 6.00 6.06 6.03 0 4600.00 4600.00
19/08/2005 6.00 6.00 6.22 6.22 0 13400.00 13400.00
22/08/2005 6.20 6.20 6.20 6.20 0 1000.00 1000.00
23/08/2005 6.20 6.18 6.22 6.20 0 34000.00 34000.00
24/08/2005 6.20 6.20 6.20 6.20 0 38800.00 38800.00
25/08/2005 6.20 6.20 6.25 6.25 0 6000.00 6000.00
26/08/2005 6.10 6.10 6.40 6.10 0 0.00 0.00
29/08/2005 6.00 6.00 6.25 6.00 0 0.00 0.00
30/08/2005 6.25 6.25 6.25 6.25 0 200.00 200.00
31/08/2005 6.25 6.25 6.25 6.25 0 16000.00 16000.00
01/09/2005 6.18 6.18 6.50 6.50 0 50000.00 50000.00
02/09/2005 6.55 6.50 7.00 7.00 0 43400.00 43400.00
05/09/2005 7.00 7.00 7.00 7.00 0 2000.00 2000.00
06/09/2005 7.05 7.00 7.10 7.10 0 12400.00 12400.00
07/09/2005 7.10 7.10 7.10 7.10 0 0.00 0.00
08/09/2005 7.15 7.10 7.15 7.15 0 10000.00 10000.00
09/09/2005 7.15 7.00 7.15 7.03 0 155600.00 155600.00
12/09/2005 7.10 7.00 7.10 7.00 0 52000.00 52000.00
13/09/2005 7.15 7.15 7.25 7.25 0 59800.00 59800.00
14/09/2005 7.30 7.25 7.50 7.50 0 21800.00 21800.00
15/09/2005 7.50 7.30 7.50 7.50 0 26600.00 26600.00
16/09/2005 7.40 7.40 7.80 7.75 0 165800.00 165800.00
19/09/2005 7.85 7.85 8.50 8.45 0 96000.00 96000.00
20/09/2005 8.60 8.40 8.60 8.50 0 120600.00 120600.00
21/09/2005 8.55 8.55 9.48 9.27 0 14025400.00 14025400.00
22/09/2005 9.00 8.69 9.15 8.85 0 8534800.00 8534800.00
23/09/2005 8.86 8.81 9.20 9.00 0 5605000.00 5605000.00
26/09/2005 9.25 9.00 9.25 9.05 0 1925800.00 1925800.00
27/09/2005 9.05 8.93 9.10 9.05 0 1897400.00 1897400.00
28/09/2005 9.05 9.05 9.40 9.35 0 2338200.00 2338200.00
29/09/2005 9.50 9.23 9.72 9.45 0 3960400.00 3960400.00
30/09/2005 9.44 9.10 9.50 9.20 0 2241000.00 2241000.00
03/10/2005 9.00 9.00 9.40 9.26 0 1530400.00 1530400.00
04/10/2005 9.25 9.15 9.65 9.45 0 2474400.00 2474400.00
05/10/2005 9.49 9.15 9.49 9.38 0 1544800.00 1544800.00
06/10/2005 9.10 9.00 9.35 9.05 0 1818400.00 1818400.00
07/10/2005 9.36 9.15 9.36 9.25 0 740200.00 740200.00
10/10/2005 9.25 9.25 9.30 9.30 0 657000.00 657000.00
11/10/2005 9.30 9.25 9.34 9.27 0 1768000.00 1768000.00
12/10/2005 9.27 9.27 9.27 9.27 0 0.00 0.00
13/10/2005 9.15 8.90 9.15 9.00 0 1701000.00 1701000.00
14/10/2005 9.00 8.71 9.10 9.00 0 2793600.00 2793600.00
17/10/2005 9.05 8.70 9.05 8.75 0 1491400.00 1491400.00
18/10/2005 8.60 8.37 8.80 8.37 0 1161800.00 1161800.00
19/10/2005 7.95 7.95 8.30 8.25 0 1013800.00 1013800.00
20/10/2005 8.50 8.25 8.75 8.40 0 3082600.00 3082600.00
21/10/2005 8.30 8.25 8.50 8.26 0 1938600.00 1938600.00
24/10/2005 8.35 8.35 8.60 8.60 0 1143400.00 1143400.00
25/10/2005 8.52 8.49 8.61 8.60 0 1776800.00 1776800.00
26/10/2005 8.61 8.50 8.61 8.60 0 121400.00 121400.00
27/10/2005 8.60 8.40 8.60 8.57 0 465800.00 465800.00
28/10/2005 8.60 8.45 8.60 8.60 0 330400.00 330400.00
31/10/2005 8.60 8.40 8.95 8.85 0 532600.00 532600.00
01/11/2005 8.85 8.85 9.14 9.02 0 1090800.00 1090800.00
02/11/2005 9.02 9.02 9.02 9.02 0 0.00 0.00
03/11/2005 9.10 9.05 9.70 9.60 0 1210400.00 1210400.00
04/11/2005 9.74 9.27 9.74 9.30 0 1128400.00 1128400.00
07/11/2005 9.49 9.20 9.50 9.40 0 2139800.00 2139800.00
08/11/2005 9.48 9.35 9.70 9.70 0 2408400.00 2408400.00
09/11/2005 9.70 9.69 9.86 9.80 0 896000.00 896000.00
10/11/2005 9.88 9.88 10.75 10.75 0 1565000.00 1565000.00
11/11/2005 10.80 10.40 10.80 10.50 0 2381800.00 2381800.00
14/11/2005 10.95 10.26 10.95 10.50 0 3482600.00 3482600.00
15/11/2005 10.50 10.50 10.50 10.50 0 0.00 0.00
16/11/2005 10.87 10.60 11.20 10.95 0 3045200.00 3045200.00
17/11/2005 11.00 11.00 11.85 11.74 0 2226000.00 2226000.00
18/11/2005 11.50 11.50 12.73 12.02 0 2189400.00 2189400.00
21/11/2005 12.75 12.00 12.75 12.40 0 2134400.00 2134400.00
22/11/2005 12.25 12.20 12.35 12.25 0 2786200.00 2786200.00
23/11/2005 12.30 11.86 12.44 12.00 0 1639600.00 1639600.00
24/11/2005 11.80 11.80 11.98 11.93 0 112600.00 112600.00
25/11/2005 11.93 11.68 12.25 11.99 0 3214400.00 3214400.00
28/11/2005 12.25 11.50 12.38 11.88 0 1713800.00 1713800.00
29/11/2005 11.74 11.57 11.95 11.74 0 1476400.00 1476400.00
30/11/2005 12.00 11.55 12.44 12.25 0 5643200.00 5643200.00
01/12/2005 12.49 12.15 12.90 12.75 0 1336600.00 1336600.00
02/12/2005 12.85 12.74 13.75 13.25 0 1065800.00 1065800.00
05/12/2005 13.50 12.99 13.50 13.50 0 868800.00 868800.00
06/12/2005 15.01 13.50 15.01 15.01 0 1845000.00 1845000.00
07/12/2005 14.50 14.26 15.01 14.50 0 1310000.00 1310000.00
08/12/2005 13.50 13.50 14.88 13.50 0 1142600.00 1142600.00
09/12/2005 13.50 13.05 14.00 13.50 0 643800.00 643800.00
12/12/2005 13.15 13.15 13.99 13.15 0 830400.00 830400.00
13/12/2005 13.75 13.00 13.75 13.75 0 585400.00 585400.00
14/12/2005 13.45 13.45 14.00 13.45 0 1430200.00 1430200.00
15/12/2005 13.30 13.00 13.69 13.30 0 1340200.00 1340200.00
16/12/2005 13.50 13.15 13.55 13.50 0 1617600.00 1617600.00
19/12/2005 14.00 13.49 14.25 14.00 0 1005000.00 1005000.00
20/12/2005 13.75 13.68 14.70 13.75 0 452400.00 452400.00
21/12/2005 14.45 13.75 14.99 14.45 0 943400.00 943400.00
22/12/2005 14.75 14.25 15.01 14.75 0 1077000.00 1077000.00
23/12/2005 15.25 15.00 15.74 15.74 0 580600.00 580600.00
26/12/2005 16.32 15.52 16.32 16.32 0 59400.00 59400.00
27/12/2005 16.25 15.90 17.25 16.25 0 409000.00 409000.00
28/12/2005 16.00 15.44 16.24 16.00 0 816800.00 816800.00
29/12/2005 16.00 15.85 16.15 16.00 0 199800.00 199800.00
30/12/2005 16.00 16.00 16.00 16.00 0 0.00 0.00
02/01/2006 15.70 15.40 16.00 15.70 0 85800.00 85800.00
03/01/2006 15.94 15.35 16.15 15.94 0 1015600.00 1015600.00
04/01/2006 16.00 15.82 16.01 16.00 0 259400.00 259400.00
05/01/2006 15.90 15.60 15.90 15.90 0 724200.00 724200.00
06/01/2006 16.00 15.76 16.15 16.00 0 1570600.00 1570600.00
09/01/2006 16.55 16.00 17.00 17.00 0 737200.00 737200.00
10/01/2006 16.88 16.58 17.25 16.88 0 1453800.00 1453800.00
11/01/2006 17.69 17.00 17.69 17.50 0 1123000.00 1123000.00
12/01/2006 17.60 17.00 17.60 17.00 0 544000.00 544000.00
13/01/2006 17.50 17.25 17.99 17.99 0 598400.00 598400.00
16/01/2006 18.12 17.64 18.40 18.25 0 198000.00 198000.00
17/01/2006 18.25 17.27 18.35 17.30 0 381600.00 381600.00
18/01/2006 17.15 16.35 17.15 16.42 0 261200.00 261200.00
19/01/2006 16.88 16.62 17.00 16.85 0 1124200.00 1124200.00
20/01/2006 17.30 16.75 17.30 16.88 0 690000.00 690000.00
23/01/2006 16.88 15.90 17.19 16.85 0 834200.00 834200.00
24/01/2006 17.00 16.90 17.41 17.23 0 582400.00 582400.00
25/01/2006 17.23 17.23 17.23 17.23 0 0.00 0.00
26/01/2006 17.25 17.03 17.75 17.48 0 2952400.00 2952400.00
27/01/2006 17.65 17.10 17.95 17.50 0 1642800.00 1642800.00
30/01/2006 17.45 16.66 17.50 17.40 0 1150000.00 1150000.00
31/01/2006 17.33 16.50 17.33 16.50 0 1241800.00 1241800.00
01/02/2006 16.90 16.50 17.00 16.50 0 648800.00 648800.00
02/02/2006 16.50 16.10 16.60 16.40 0 182200.00 182200.00
03/02/2006 16.50 16.25 16.60 16.42 0 2802600.00 2802600.00
06/02/2006 16.50 16.05 16.80 16.05 0 1383200.00 1383200.00
07/02/2006 16.00 15.90 16.40 16.00 0 178600.00 178600.00
08/02/2006 16.12 15.60 16.35 15.75 0 237200.00 237200.00
09/02/2006 15.75 15.75 16.48 16.35 0 377000.00 377000.00
10/02/2006 16.50 16.50 17.10 16.73 0 616600.00 616600.00
13/02/2006 16.75 15.83 16.75 16.25 0 129600.00 129600.00
14/02/2006 16.40 16.00 16.40 16.10 0 670200.00 670200.00
15/02/2006 16.25 15.76 16.25 15.99 0 1460800.00 1460800.00
16/02/2006 15.80 15.80 17.25 17.25 0 4200000.00 4200000.00
17/02/2006 17.50 17.50 18.40 18.00 0 479000.00 479000.00
20/02/2006 17.95 17.85 18.35 18.25 0 350400.00 350400.00
21/02/2006 18.23 18.20 20.02 19.25 0 1506800.00 1506800.00
22/02/2006 19.70 19.35 21.00 20.00 0 1096400.00 1096400.00
23/02/2006 20.25 19.75 20.90 20.90 0 616800.00 616800.00
24/02/2006 20.75 19.75 20.75 19.89 0 868000.00 868000.00
27/02/2006 19.89 19.89 19.89 19.89 0 0.00 0.00
28/02/2006 19.50 19.50 19.50 19.50 0 0.00 0.00
01/03/2006 19.60 19.40 20.50 19.69 0 106000.00 106000.00
02/03/2006 20.10 19.10 20.10 19.74 0 438000.00 438000.00
03/03/2006 19.74 19.25 20.00 20.00 0 1843600.00 1843600.00
06/03/2006 20.01 19.60 20.01 20.00 0 584200.00 584200.00
07/03/2006 19.95 19.01 20.00 19.27 0 321600.00 321600.00
08/03/2006 19.01 18.25 19.75 19.55 0 347400.00 347400.00
09/03/2006 19.56 18.83 20.00 20.00 0 618600.00 618600.00
10/03/2006 19.50 19.50 20.69 20.50 0 1634600.00 1634600.00
13/03/2006 20.65 19.85 20.95 20.45 0 850000.00 850000.00
14/03/2006 20.45 19.76 20.45 19.95 0 587600.00 587600.00
15/03/2006 20.40 19.60 20.40 19.75 0 312600.00 312600.00
16/03/2006 19.75 19.65 19.95 19.70 0 291400.00 291400.00
17/03/2006 19.53 19.35 19.73 19.50 0 120200.00 120200.00
20/03/2006 20.00 20.00 20.38 20.10 0 419000.00 419000.00
21/03/2006 20.13 20.00 20.60 20.50 0 515400.00 515400.00
22/03/2006 20.25 20.25 20.87 20.70 0 169400.00 169400.00
23/03/2006 20.70 20.01 20.80 20.50 0 617800.00 617800.00
24/03/2006 20.50 19.75 20.55 20.00 0 191400.00 191400.00
27/03/2006 20.00 20.00 20.75 20.46 0 277600.00 277600.00
28/03/2006 19.55 19.00 20.02 19.27 0 498800.00 498800.00
29/03/2006 19.50 19.40 19.97 19.50 0 818600.00 818600.00
30/03/2006 19.75 18.50 19.75 19.00 0 773000.00 773000.00
31/03/2006 19.00 19.00 19.48 19.28 0 284200.00 284200.00
03/04/2006 19.50 19.50 20.00 19.70 0 1140200.00 1140200.00
04/04/2006 19.94 19.50 20.00 19.67 0 332800.00 332800.00
05/04/2006 19.99 19.00 19.99 19.13 0 277000.00 277000.00
06/04/2006 19.14 18.70 19.27 18.70 0 705600.00 705600.00
07/04/2006 18.75 18.67 19.45 19.45 0 231400.00 231400.00
10/04/2006 19.45 18.51 19.45 18.98 0 318200.00 318200.00
11/04/2006 19.45 18.35 19.50 18.35 0 483400.00 483400.00
12/04/2006 17.75 17.35 18.84 18.09 0 385800.00 385800.00
13/04/2006 17.85 17.56 17.85 17.75 0 321200.00 321200.00
14/04/2006 17.75 17.75 17.75 17.75 0 0.00 0.00
17/04/2006 17.94 17.00 18.02 17.00 0 421800.00 421800.00
18/04/2006 17.50 16.80 17.50 17.50 0 1831400.00 1831400.00
19/04/2006 17.50 17.50 18.78 18.50 0 470200.00 470200.00
20/04/2006 18.62 18.48 18.80 18.60 0 667200.00 667200.00
21/04/2006 18.60 18.60 18.60 18.60 0 0.00 0.00
24/04/2006 18.60 17.38 18.75 17.60 0 702600.00 702600.00
25/04/2006 18.00 16.95 18.00 17.15 0 1301400.00 1301400.00
26/04/2006 17.20 17.11 17.86 17.70 0 679000.00 679000.00
27/04/2006 17.20 17.20 17.88 17.77 0 597400.00 597400.00
28/04/2006 17.94 17.50 17.94 17.75 0 82600.00 82600.00
01/05/2006 17.75 17.75 17.75 17.75 0 0.00 0.00
02/05/2006 17.75 17.05 17.75 17.45 0 618400.00 618400.00
03/05/2006 17.45 17.02 17.75 17.75 0 851600.00 851600.00
04/05/2006 17.75 17.73 18.71 18.17 0 888400.00 888400.00
05/05/2006 18.49 18.25 19.30 19.30 0 831400.00 831400.00
08/05/2006 19.15 19.15 19.73 19.73 0 595000.00 595000.00
09/05/2006 19.73 19.50 19.94 19.90 0 595200.00 595200.00
10/05/2006 19.58 19.58 20.00 19.90 0 1407800.00 1407800.00
11/05/2006 19.91 19.25 20.00 19.50 0 570200.00 570200.00
12/05/2006 19.99 19.00 19.99 19.50 0 298400.00 298400.00
15/05/2006 19.46 17.81 19.46 17.81 0 316600.00 316600.00
16/05/2006 18.25 17.55 18.50 17.64 0 94600.00 94600.00
17/05/2006 17.60 16.56 17.60 16.56 0 379800.00 379800.00
18/05/2006 16.75 15.81 17.00 16.12 0 750400.00 750400.00
19/05/2006 16.70 15.45 16.70 16.00 0 1090800.00 1090800.00
22/05/2006 15.98 13.85 15.98 14.57 0 1274000.00 1274000.00
23/05/2006 15.00 14.50 15.00 14.65 0 1026600.00 1026600.00
24/05/2006 14.65 13.18 14.65 13.38 0 1938600.00 1938600.00
25/05/2006 13.81 13.48 14.25 14.12 0 1211200.00 1211200.00
26/05/2006 14.49 14.49 15.99 15.00 0 550000.00 550000.00
29/05/2006 15.23 14.82 15.85 14.82 0 83600.00 83600.00
30/05/2006 14.73 13.30 14.75 14.25 0 1232800.00 1232800.00
31/05/2006 14.20 14.20 15.73 15.50 0 965600.00 965600.00
01/06/2006 15.25 15.25 17.31 16.50 0 1708600.00 1708600.00
02/06/2006 16.75 16.23 17.75 16.75 0 573800.00 573800.00
05/06/2006 17.00 15.25 17.00 15.75 0 114400.00 114400.00
06/06/2006 15.75 14.84 16.70 16.70 0 162000.00 162000.00
07/06/2006 16.40 14.97 16.40 15.00 0 293600.00 293600.00
08/06/2006 15.00 13.76 15.65 15.65 0 936600.00 936600.00
09/06/2006 15.75 14.70 16.38 15.25 0 211000.00 211000.00
12/06/2006 15.01 14.13 15.45 14.16 0 264200.00 264200.00
13/06/2006 14.34 13.50 14.43 13.50 0 496000.00 496000.00
14/06/2006 13.82 12.40 13.90 12.40 0 847000.00 847000.00
15/06/2006 12.40 12.40 12.40 12.40 0 0.00 0.00
16/06/2006 13.15 13.15 14.38 13.40 0 1748000.00 1748000.00
19/06/2006 13.80 13.50 14.00 13.62 0 2104000.00 2104000.00
20/06/2006 13.60 13.50 14.15 14.05 0 789800.00 789800.00
21/06/2006 14.15 13.88 15.49 15.19 0 282800.00 282800.00
22/06/2006 15.07 14.81 15.45 15.12 0 186200.00 186200.00
23/06/2006 14.85 14.76 15.27 15.06 0 387600.00 387600.00
26/06/2006 15.19 15.00 15.50 15.50 0 112400.00 112400.00
27/06/2006 15.50 15.00 15.68 15.57 0 270200.00 270200.00
28/06/2006 15.25 15.15 15.95 15.70 0 601400.00 601400.00
29/06/2006 15.68 15.68 17.00 17.00 0 700200.00 700200.00
30/06/2006 16.80 16.80 18.25 17.92 0 938200.00 938200.00
03/07/2006 18.00 18.00 18.98 18.70 0 560600.00 560600.00
04/07/2006 18.75 17.99 18.75 17.99 0 1154800.00 1154800.00
05/07/2006 16.50 16.25 17.65 16.40 0 645800.00 645800.00
06/07/2006 16.90 16.88 17.45 17.10 0 1134800.00 1134800.00
07/07/2006 17.25 16.95 17.45 17.05 0 534600.00 534600.00
10/07/2006 18.50 17.25 18.44 18.40 0 289800.00 289800.00
11/07/2006 18.25 17.60 18.25 17.67 0 92200.00 92200.00
12/07/2006 17.58 17.25 18.00 17.45 0 471600.00 471600.00
13/07/2006 16.81 16.75 17.33 16.99 0 163000.00 163000.00
14/07/2006 17.00 16.30 17.00 16.30 0 466400.00 466400.00
17/07/2006 16.49 15.49 16.50 15.50 0 257000.00 257000.00
18/07/2006 15.75 14.56 16.00 15.35 0 620200.00 620200.00
19/07/2006 15.50 14.52 16.50 15.10 0 2847200.00 2847200.00
20/07/2006 15.25 14.57 15.50 14.75 0 5381600.00 5381600.00
21/07/2006 14.53 14.50 14.95 14.50 0 1980600.00 1980600.00
24/07/2006 14.55 14.00 14.85 14.74 0 916800.00 916800.00
25/07/2006 14.65 14.65 15.00 14.77 0 543400.00 543400.00
26/07/2006 14.85 14.65 14.85 14.74 0 800600.00 800600.00
27/07/2006 14.83 14.68 14.90 14.75 0 2070400.00 2070400.00
28/07/2006 14.76 14.68 14.90 14.75 0 1748000.00 1748000.00
31/07/2006 14.83 14.75 14.90 14.75 0 738200.00 738200.00
01/08/2006 14.75 14.58 14.75 14.65 0 1183800.00 1183800.00
02/08/2006 14.69 14.62 14.83 14.75 0 828000.00 828000.00
03/08/2006 14.70 14.65 14.83 14.74 0 723200.00 723200.00
04/08/2006 14.82 14.70 15.35 14.95 0 2170600.00 2170600.00
07/08/2006 14.95 14.75 15.00 14.76 0 730800.00 730800.00
08/08/2006 14.99 14.90 15.45 15.02 0 1444200.00 1444200.00
09/08/2006 15.75 15.30 15.95 15.65 0 5436600.00 5436600.00
10/08/2006 15.51 15.35 16.25 16.20 0 2812600.00 2812600.00
11/08/2006 16.25 15.90 16.45 16.00 0 1601800.00 1601800.00
14/08/2006 16.12 16.06 16.40 16.08 0 774000.00 774000.00
15/08/2006 16.43 16.35 17.50 17.00 0 2959800.00 2959800.00
16/08/2006 17.23 17.14 17.50 17.33 0 1253200.00 1253200.00
17/08/2006 17.40 17.00 17.60 17.15 0 1266400.00 1266400.00
18/08/2006 17.10 16.41 17.12 17.12 0 657400.00 657400.00
21/08/2006 17.00 16.51 17.00 16.83 0 429600.00 429600.00
22/08/2006 16.80 16.70 17.10 16.75 0 920800.00 920800.00
23/08/2006 16.84 16.25 16.97 16.65 0 1666000.00 1666000.00
24/08/2006 16.65 16.56 17.20 17.20 0 1479000.00 1479000.00
25/08/2006 17.35 17.10 17.75 17.10 0 556400.00 556400.00
28/08/2006 17.10 17.10 17.60 17.48 0 531200.00 531200.00
29/08/2006 17.45 17.12 17.95 17.90 0 724000.00 724000.00
30/08/2006 17.75 17.57 18.25 17.92 0 832400.00 832400.00
31/08/2006 18.15 18.15 18.90 18.90 0 3509200.00 3509200.00
01/09/2006 18.80 18.53 19.00 18.75 0 988200.00 988200.00
04/09/2006 18.80 18.75 19.12 19.05 0 294400.00 294400.00
05/09/2006 19.00 18.50 19.50 19.20 0 245400.00 245400.00
06/09/2006 19.00 18.50 19.22 18.50 0 481200.00 481200.00
07/09/2006 18.50 18.50 18.50 18.50 0 0.00 0.00
08/09/2006 18.50 18.00 18.75 18.60 0 546400.00 546400.00
11/09/2006 18.45 17.50 18.45 17.65 0 728800.00 728800.00
12/09/2006 17.70 17.65 18.34 17.75 0 1622000.00 1622000.00
13/09/2006 18.25 17.93 18.95 18.40 0 2305200.00 2305200.00
14/09/2006 18.40 18.40 18.74 18.60 0 846600.00 846600.00
15/09/2006 19.00 18.65 19.50 19.50 0 2006400.00 2006400.00
18/09/2006 19.25 19.25 20.08 19.25 0 850200.00 850200.00
19/09/2006 19.00 18.50 19.25 18.95 0 615000.00 615000.00
20/09/2006 18.85 17.95 19.17 17.95 0 649600.00 649600.00
21/09/2006 18.15 16.75 18.15 17.05 0 1196800.00 1196800.00
22/09/2006 17.13 16.56 17.45 17.00 0 828000.00 828000.00
25/09/2006 17.00 16.68 17.09 16.90 0 726000.00 726000.00
26/09/2006 17.00 17.00 18.45 18.25 0 1210600.00 1210600.00
27/09/2006 18.25 17.85 18.94 18.35 0 815200.00 815200.00
28/09/2006 18.44 17.85 18.55 18.11 0 715200.00 715200.00
29/09/2006 17.60 17.60 18.50 18.50 0 777800.00 777800.00
02/10/2006 18.65 18.03 19.40 19.38 0 1170200.00 1170200.00
03/10/2006 19.00 18.95 19.82 19.25 0 1189600.00 1189600.00
04/10/2006 19.44 18.70 19.44 18.77 0 1373000.00 1373000.00
05/10/2006 19.00 17.89 19.00 18.00 0 3167000.00 3167000.00
06/10/2006 17.85 17.25 18.00 17.70 0 899200.00 899200.00
09/10/2006 17.75 17.75 17.75 17.75 0 1600.00 1600.00
10/10/2006 18.48 18.45 19.25 18.85 0 694400.00 694400.00
11/10/2006 18.70 18.30 18.94 18.50 0 604400.00 604400.00
12/10/2006 18.50 18.50 18.50 18.50 0 0.00 0.00
13/10/2006 19.00 18.31 19.00 18.48 0 672000.00 672000.00
16/10/2006 18.55 18.30 18.69 18.45 0 1015400.00 1015400.00
17/10/2006 18.44 18.00 18.50 18.45 0 1053600.00 1053600.00
18/10/2006 18.61 18.55 19.00 18.75 0 2227200.00 2227200.00
19/10/2006 19.02 18.50 19.30 19.00 0 403600.00 403600.00
20/10/2006 19.00 18.75 19.25 19.15 0 391000.00 391000.00
23/10/2006 19.06 19.05 19.90 19.80 0 1260400.00 1260400.00
24/10/2006 19.63 19.55 20.20 19.95 0 1874400.00 1874400.00
25/10/2006 19.56 19.40 19.90 19.75 0 840200.00 840200.00
26/10/2006 19.75 19.40 19.90 19.75 0 592600.00 592600.00
27/10/2006 19.73 19.73 20.50 20.25 0 1409600.00 1409600.00
30/10/2006 20.10 20.05 20.60 20.50 0 451000.00 451000.00
31/10/2006 20.59 20.50 22.00 21.80 0 1256800.00 1256800.00
01/11/2006 21.60 21.33 22.22 21.42 0 1134400.00 1134400.00
02/11/2006 21.42 21.42 21.42 21.42 0 0.00 0.00
03/11/2006 21.50 21.48 21.90 21.50 0 310400.00 310400.00
06/11/2006 21.50 21.50 22.48 22.20 0 535800.00 535800.00
07/11/2006 21.78 21.45 22.34 21.60 0 442200.00 442200.00
08/11/2006 21.60 20.56 21.60 21.10 0 1025800.00 1025800.00
09/11/2006 21.50 20.35 21.58 21.00 0 1328600.00 1328600.00
10/11/2006 20.90 20.27 20.90 20.50 0 769600.00 769600.00
13/11/2006 20.42 20.31 20.94 20.60 0 1177200.00 1177200.00
14/11/2006 20.60 19.44 20.60 19.80 0 2710400.00 2710400.00
15/11/2006 19.80 19.80 19.80 19.80 0 0.00 0.00
16/11/2006 20.33 19.05 20.33 19.10 0 1042800.00 1042800.00
17/11/2006 19.34 18.90 19.65 19.65 0 641200.00 641200.00
20/11/2006 19.65 19.65 19.65 19.65 0 0.00 0.00
21/11/2006 19.95 19.75 20.70 20.70 0 1469400.00 1469400.00
22/11/2006 20.88 20.80 21.28 21.23 0 952200.00 952200.00
23/11/2006 21.28 20.25 21.37 21.15 0 588000.00 588000.00
24/11/2006 20.90 20.45 21.09 20.75 0 760800.00 760800.00
27/11/2006 20.69 19.65 20.70 19.86 0 408800.00 408800.00
28/11/2006 20.00 19.25 20.43 20.43 0 810200.00 810200.00
29/11/2006 20.60 20.31 21.09 20.75 0 523000.00 523000.00
30/11/2006 20.95 20.18 20.95 20.85 0 542400.00 542400.00
01/12/2006 20.70 20.30 20.98 20.90 0 542200.00 542200.00
04/12/2006 20.85 20.58 21.08 21.00 0 459000.00 459000.00
05/12/2006 21.09 21.00 21.55 21.23 0 855400.00 855400.00
06/12/2006 21.25 20.50 21.25 20.73 0 272600.00 272600.00
07/12/2006 21.00 19.91 21.00 20.20 0 1780800.00 1780800.00
08/12/2006 20.39 19.95 20.89 20.38 0 653900.00 653900.00
11/12/2006 20.77 20.19 20.77 20.30 0 262500.00 262500.00
12/12/2006 20.35 19.85 20.58 19.95 0 822700.00 822700.00
13/12/2006 20.01 19.08 20.25 19.50 0 2810100.00 2810100.00
14/12/2006 19.56 19.29 19.85 19.45 0 785400.00 785400.00
15/12/2006 20.00 19.40 20.21 19.56 0 1519700.00 1519700.00
18/12/2006 19.92 19.30 20.24 19.58 0 988100.00 988100.00
19/12/2006 19.55 18.67 19.55 19.20 0 3458900.00 3458900.00
20/12/2006 19.56 19.56 20.06 19.82 0 2850400.00 2850400.00
21/12/2006 19.90 19.32 20.09 20.04 0 1043300.00 1043300.00
22/12/2006 20.00 19.70 20.04 20.00 0 280100.00 280100.00
25/12/2006 20.00 20.00 20.00 20.00 0 0.00 0.00
26/12/2006 20.00 19.75 20.06 20.00 0 583500.00 583500.00
27/12/2006 19.90 19.90 20.39 20.30 0 803900.00 803900.00
28/12/2006 20.30 20.15 20.55 20.39 0 1496900.00 1496900.00
29/12/2006 20.39 20.39 20.39 20.39 0 0.00 0.00
01/01/2007 20.39 20.39 20.39 20.39 0 0.00 0.00
02/01/2007 20.40 20.40 20.61 20.50 0 864900.00 864900.00
03/01/2007 20.49 20.41 21.20 21.10 0 2606400.00 2606400.00
04/01/2007 21.20 20.86 21.56 21.56 0 2005400.00 2005400.00
05/01/2007 21.53 20.40 22.08 21.50 0 2565900.00 2565900.00
08/01/2007 21.51 21.22 22.53 22.53 0 1628500.00 1628500.00
09/01/2007 22.43 21.25 22.50 21.80 0 1240600.00 1240600.00
10/01/2007 21.36 20.82 21.69 21.00 0 1170800.00 1170800.00
11/01/2007 20.80 20.30 21.19 20.80 0 993200.00 993200.00
12/01/2007 20.52 20.06 21.09 20.55 0 1711100.00 1711100.00
15/01/2007 20.85 19.91 20.87 20.30 0 716600.00 716600.00
16/01/2007 20.10 19.33 20.10 19.75 0 1966400.00 1966400.00
17/01/2007 19.65 19.41 19.99 19.59 0 1919600.00 1919600.00
18/01/2007 19.71 18.82 19.90 18.82 0 2132000.00 2132000.00
19/01/2007 18.99 18.99 20.30 20.30 0 2654100.00 2654100.00
22/01/2007 20.50 19.72 20.86 20.18 0 999400.00 999400.00
23/01/2007 20.15 19.40 20.15 19.50 0 2376200.00 2376200.00
24/01/2007 19.70 19.50 20.16 20.15 0 2490900.00 2490900.00
25/01/2007 20.15 20.15 20.15 20.15 0 0.00 0.00
26/01/2007 19.91 19.45 20.70 20.66 0 1728800.00 1728800.00
29/01/2007 20.63 19.99 20.63 20.06 0 1767600.00 1767600.00
30/01/2007 20.20 19.61 20.21 19.91 0 1059300.00 1059300.00
31/01/2007 19.90 19.33 20.00 19.65 0 2080300.00 2080300.00
01/02/2007 19.83 19.83 21.06 20.50 0 3051800.00 3051800.00
02/02/2007 20.50 20.26 20.81 20.71 0 1141300.00 1141300.00
05/02/2007 20.15 20.10 21.29 21.29 0 1061100.00 1061100.00
06/02/2007 21.14 20.69 21.39 20.81 0 6853900.00 6853900.00
07/02/2007 20.82 19.80 21.00 20.00 0 989600.00 989600.00
08/02/2007 20.01 19.85 20.41 20.30 0 884000.00 884000.00
09/02/2007 20.26 20.00 20.58 20.15 0 920300.00 920300.00
12/02/2007 20.20 19.65 20.50 19.80 0 1171300.00 1171300.00
13/02/2007 20.06 19.82 20.25 20.00 0 1049900.00 1049900.00
14/02/2007 20.15 20.00 20.85 20.60 0 1559800.00 1559800.00
15/02/2007 20.40 20.25 20.91 20.87 0 1330700.00 1330700.00
16/02/2007 20.52 20.52 20.94 20.88 0 952800.00 952800.00
19/02/2007 20.88 20.88 20.88 20.88 0 0.00 0.00
20/02/2007 20.88 20.88 20.88 20.88 0 0.00 0.00
21/02/2007 20.85 20.50 21.15 20.80 0 809700.00 809700.00
22/02/2007 20.74 20.74 22.11 21.65 0 1727400.00 1727400.00
23/02/2007 21.60 20.95 21.79 20.95 0 1260100.00 1260100.00
26/02/2007 21.14 20.49 21.31 20.50 0 1263500.00 1263500.00
27/02/2007 20.00 19.20 20.30 19.50 0 2712500.00 2712500.00
28/02/2007 19.71 18.95 19.80 19.70 0 3168400.00 3168400.00
01/03/2007 19.00 18.40 20.21 19.60 0 2453300.00 2453300.00
02/03/2007 19.49 18.72 19.51 18.81 0 1110600.00 1110600.00
05/03/2007 18.55 18.10 18.80 18.50 0 1180200.00 1180200.00
06/03/2007 19.10 18.75 19.90 19.80 0 1084100.00 1084100.00
07/03/2007 19.80 18.90 19.80 18.90 0 1057000.00 1057000.00
08/03/2007 19.50 18.80 19.52 18.80 0 1887500.00 1887500.00
09/03/2007 19.10 18.55 19.14 18.85 0 1804600.00 1804600.00
12/03/2007 18.80 18.60 19.08 18.61 0 1380600.00 1380600.00
13/03/2007 18.20 17.60 18.60 17.60 0 1595600.00 1595600.00
14/03/2007 17.45 17.05 17.70 17.40 0 2731500.00 2731500.00
15/03/2007 17.80 17.20 17.87 17.87 0 2290700.00 2290700.00
16/03/2007 17.80 17.70 18.20 18.00 0 1108600.00 1108600.00
19/03/2007 18.20 18.00 18.50 18.50 0 2097900.00 2097900.00
20/03/2007 18.62 18.20 19.40 18.84 0 1375500.00 1375500.00
21/03/2007 18.90 18.64 19.40 19.40 0 1520700.00 1520700.00
22/03/2007 19.30 19.04 19.65 19.04 0 810800.00 810800.00
23/03/2007 19.01 18.55 19.27 19.05 0 772600.00 772600.00
26/03/2007 19.00 18.49 19.00 18.75 0 552700.00 552700.00
27/03/2007 18.60 18.35 18.99 18.99 0 611600.00 611600.00
28/03/2007 18.50 18.50 18.92 18.61 0 595500.00 595500.00
29/03/2007 18.89 18.34 19.09 18.60 0 1950200.00 1950200.00
30/03/2007 18.70 18.51 19.12 19.12 0 1891400.00 1891400.00
02/04/2007 19.12 18.80 19.12 19.00 0 672000.00 672000.00
03/04/2007 19.14 19.03 20.20 20.10 0 1775200.00 1775200.00
04/04/2007 19.95 19.85 20.94 20.90 0 1496000.00 1496000.00
05/04/2007 20.69 20.36 20.80 20.50 0 1192200.00 1192200.00
06/04/2007 20.50 20.50 20.50 20.50 0 0.00 0.00
09/04/2007 20.80 20.10 20.95 20.25 0 542400.00 542400.00
10/04/2007 20.38 20.30 20.72 20.72 0 1002300.00 1002300.00
11/04/2007 20.60 20.36 20.87 20.70 0 718800.00 718800.00
12/04/2007 20.26 20.26 20.90 20.40 0 1449100.00 1449100.00
13/04/2007 20.75 20.50 21.25 20.90 0 1169600.00 1169600.00
16/04/2007 20.90 20.80 22.09 21.73 0 2220700.00 2220700.00
17/04/2007 21.61 21.44 22.11 21.70 0 1038300.00 1038300.00
18/04/2007 21.70 21.30 21.70 21.30 0 819200.00 819200.00
19/04/2007 21.15 20.50 21.73 21.29 0 924300.00 924300.00
20/04/2007 21.31 21.31 22.20 22.17 0 930800.00 930800.00
23/04/2007 22.00 21.61 22.14 21.61 0 722900.00 722900.00
24/04/2007 21.60 21.31 22.79 22.49 0 864600.00 864600.00
25/04/2007 22.52 22.15 23.45 23.39 0 1113900.00 1113900.00
26/04/2007 23.29 23.29 24.24 24.00 0 1054500.00 1054500.00
27/04/2007 23.75 22.80 23.75 22.85 0 1626900.00 1626900.00
30/04/2007 23.10 21.30 23.13 21.30 0 1221400.00 1221400.00
01/05/2007 21.30 21.30 21.30 21.30 0 0.00 0.00
02/05/2007 21.71 21.49 22.75 22.23 0 1484100.00 1484100.00
03/05/2007 22.49 22.49 23.28 23.20 0 1271100.00 1271100.00
04/05/2007 23.22 23.22 24.10 23.31 0 808100.00 808100.00
07/05/2007 23.25 22.81 23.35 23.10 0 656000.00 656000.00
08/05/2007 22.88 22.75 23.50 22.90 0 1247900.00 1247900.00
09/05/2007 23.00 22.71 24.00 23.99 0 1965200.00 1965200.00
10/05/2007 24.01 22.78 24.01 22.78 0 1453900.00 1453900.00
11/05/2007 23.25 23.10 23.92 23.65 0 528200.00 528200.00
14/05/2007 23.61 23.61 24.20 24.20 0 774700.00 774700.00
15/05/2007 24.00 23.97 25.47 24.80 0 1146200.00 1146200.00
16/05/2007 24.86 24.50 25.30 25.09 0 1093300.00 1093300.00
17/05/2007 25.07 24.50 25.38 24.60 0 1046000.00 1046000.00
18/05/2007 24.71 23.84 24.83 24.50 0 1588000.00 1588000.00
21/05/2007 24.50 24.28 25.00 24.30 0 770700.00 770700.00
22/05/2007 24.61 23.55 24.96 23.55 0 1145100.00 1145100.00
23/05/2007 23.86 23.10 24.05 23.50 0 2147400.00 2147400.00
24/05/2007 23.77 22.82 23.79 22.82 0 718100.00 718100.00
25/05/2007 23.20 22.24 23.44 23.25 0 630200.00 630200.00
28/05/2007 23.49 23.15 23.75 23.25 0 259000.00 259000.00
29/05/2007 23.33 23.25 24.48 23.86 0 1278600.00 1278600.00
30/05/2007 23.50 23.10 24.74 24.73 0 1267300.00 1267300.00
31/05/2007 24.68 24.30 25.10 25.00 0 1390200.00 1390200.00
01/06/2007 25.00 24.75 25.79 25.70 0 923500.00 923500.00
04/06/2007 25.12 24.81 25.60 24.83 0 747900.00 747900.00
05/06/2007 25.05 23.95 25.05 24.40 0 1385800.00 1385800.00
06/06/2007 24.30 23.18 24.30 23.60 0 1510500.00 1510500.00
07/06/2007 23.60 23.60 23.60 23.60 0 0.00 0.00
08/06/2007 23.10 22.50 23.70 23.06 0 1655300.00 1655300.00
11/06/2007 23.41 23.20 23.65 23.22 0 898500.00 898500.00
12/06/2007 23.10 22.31 23.50 22.50 0 1163100.00 1163100.00
13/06/2007 23.00 22.90 23.50 23.23 0 1969900.00 1969900.00
14/06/2007 23.47 23.47 24.53 24.18 0 1504100.00 1504100.00
15/06/2007 24.46 24.46 25.50 25.01 0 1922900.00 1922900.00
18/06/2007 25.20 24.85 25.73 25.45 0 1136000.00 1136000.00
19/06/2007 25.29 25.02 26.20 25.05 0 2197900.00 2197900.00
20/06/2007 25.51 24.10 25.90 24.25 0 1693800.00 1693800.00
21/06/2007 24.51 23.80 25.19 24.60 0 2361300.00 2361300.00
22/06/2007 24.70 23.80 24.70 24.03 0 1194400.00 1194400.00
25/06/2007 23.77 23.72 24.40 24.20 0 980300.00 980300.00
26/06/2007 24.20 23.50 24.44 23.80 0 896900.00 896900.00
27/06/2007 23.44 23.02 23.61 23.20 0 1551600.00 1551600.00
28/06/2007 23.50 23.50 24.50 24.13 0 1345400.00 1345400.00
29/06/2007 24.53 23.83 25.12 23.90 0 2253500.00 2253500.00
02/07/2007 24.26 24.24 24.64 24.52 0 1153600.00 1153600.00
03/07/2007 24.80 24.56 25.00 24.61 0 1003100.00 1003100.00
04/07/2007 24.79 24.51 25.28 24.78 0 894500.00 894500.00
05/07/2007 24.90 24.30 25.00 25.00 0 646600.00 646600.00
06/07/2007 25.75 25.75 25.75 25.75 0 2124900.00 2124900.00
09/07/2007 25.75 25.75 25.75 25.75 0 0.00 0.00
10/07/2007 25.75 24.72 25.95 25.43 0 1176200.00 1176200.00
11/07/2007 25.30 25.02 25.80 25.10 0 1300300.00 1300300.00
12/07/2007 25.35 24.83 25.86 24.83 0 1875400.00 1875400.00
13/07/2007 25.20 24.81 25.46 25.20 0 991300.00 991300.00
16/07/2007 25.17 24.53 25.17 25.00 0 1201900.00 1201900.00
17/07/2007 25.10 24.65 25.26 25.25 0 1403900.00 1403900.00
18/07/2007 25.09 24.62 25.45 25.39 0 1024600.00 1024600.00
19/07/2007 25.11 25.11 26.50 26.30 0 1845800.00 1845800.00
20/07/2007 26.50 25.12 26.70 25.51 0 1484400.00 1484400.00
23/07/2007 25.77 25.10 25.90 25.10 0 1026600.00 1026600.00
24/07/2007 25.00 23.68 25.00 24.30 0 1724500.00 1724500.00
25/07/2007 24.51 23.00 24.78 24.49 0 1390800.00 1390800.00
26/07/2007 23.50 22.25 23.81 23.30 0 1393500.00 1393500.00
27/07/2007 23.08 22.36 23.64 22.65 0 1532900.00 1532900.00
30/07/2007 23.00 22.60 23.80 22.80 0 1078500.00 1078500.00
31/07/2007 23.78 22.05 23.78 22.05 0 2180900.00 2180900.00
01/08/2007 22.25 20.79 22.25 21.40 0 2408700.00 2408700.00
02/08/2007 21.98 21.60 22.18 22.00 0 1392100.00 1392100.00
03/08/2007 22.16 20.65 22.20 21.10 0 1128000.00 1128000.00
06/08/2007 21.45 20.11 21.45 20.70 0 2633200.00 2633200.00
07/08/2007 20.98 20.75 23.45 23.00 0 3032300.00 3032300.00
08/08/2007 23.50 22.53 24.15 23.00 0 2111100.00 2111100.00
09/08/2007 19.50 19.01 20.49 19.90 0 1937500.00 1937500.00
10/08/2007 19.20 18.95 19.90 19.90 0 1082800.00 1082800.00
13/08/2007 20.25 19.95 20.40 20.00 0 1006900.00 1006900.00
14/08/2007 20.19 19.08 20.25 19.51 0 967500.00 967500.00
15/08/2007 19.00 18.30 19.80 18.75 0 2518000.00 2518000.00
16/08/2007 17.70 15.75 18.25 17.90 0 3496100.00 3496100.00
17/08/2007 19.00 17.91 19.45 19.20 0 2888500.00 2888500.00
20/08/2007 19.50 18.90 19.78 19.00 0 1378100.00 1378100.00
21/08/2007 19.14 18.80 19.50 19.30 0 963400.00 963400.00
22/08/2007 19.50 19.17 19.73 19.19 0 1376500.00 1376500.00
23/08/2007 19.34 18.20 19.35 18.40 0 1986100.00 1986100.00
24/08/2007 18.36 17.95 18.57 18.10 0 2551200.00 2551200.00
27/08/2007 18.15 17.95 19.14 19.03 0 1973000.00 1973000.00
28/08/2007 18.84 17.80 18.84 18.25 0 1556400.00 1556400.00
29/08/2007 18.34 18.05 18.90 18.62 0 1235800.00 1235800.00
30/08/2007 18.45 17.85 19.00 17.85 0 1553900.00 1553900.00
31/08/2007 18.35 18.05 19.10 18.55 0 3880000.00 3880000.00
03/09/2007 18.64 18.60 19.22 19.16 0 976000.00 976000.00
04/09/2007 19.29 18.99 19.56 19.05 0 1594700.00 1594700.00
05/09/2007 18.85 18.33 18.85 18.65 0 1629100.00 1629100.00
06/09/2007 18.70 17.96 18.92 18.40 0 1325200.00 1325200.00
07/09/2007 18.40 18.40 18.40 18.40 0 0.00 0.00
10/09/2007 17.99 17.30 18.00 17.40 0 1878400.00 1878400.00
11/09/2007 17.89 17.72 18.59 18.50 0 2095000.00 2095000.00
12/09/2007 18.50 18.40 19.50 19.25 0 2006700.00 2006700.00
13/09/2007 19.19 19.19 20.40 20.25 0 1369000.00 1369000.00
14/09/2007 19.89 19.65 21.00 20.70 0 2020700.00 2020700.00
17/09/2007 20.55 19.90 20.69 20.65 0 884600.00 884600.00
18/09/2007 20.69 20.61 21.68 21.49 0 2523800.00 2523800.00
19/09/2007 21.80 21.50 22.00 21.72 0 3302800.00 3302800.00
20/09/2007 21.65 21.10 22.14 21.81 0 2313900.00 2313900.00
21/09/2007 21.90 21.60 22.10 22.00 0 1225500.00 1225500.00
24/09/2007 21.87 21.35 22.15 21.60 0 1022900.00 1022900.00
25/09/2007 21.58 21.10 22.30 22.30 0 1951900.00 1951900.00
26/09/2007 22.23 22.23 23.35 23.02 0 2908400.00 2908400.00
27/09/2007 23.00 23.00 25.10 25.10 0 3741800.00 3741800.00
28/09/2007 24.94 24.35 25.65 24.99 0 2410000.00 2410000.00
01/10/2007 25.15 24.80 25.54 24.80 0 1855100.00 1855100.00
02/10/2007 24.60 23.34 24.60 23.50 0 1859200.00 1859200.00
03/10/2007 23.30 23.25 24.30 23.50 0 2717100.00 2717100.00
04/10/2007 23.41 23.41 24.60 24.10 0 2532500.00 2532500.00
05/10/2007 24.59 24.18 24.99 24.80 0 2037700.00 2037700.00
08/10/2007 24.75 24.16 24.75 24.39 0 577300.00 577300.00
09/10/2007 24.65 24.15 24.65 24.25 0 2576900.00 2576900.00
10/10/2007 24.30 23.80 24.65 23.80 0 1612400.00 1612400.00
11/10/2007 24.10 22.47 24.50 23.80 0 1496300.00 1496300.00
12/10/2007 23.80 23.80 23.80 23.80 0 0.00 0.00
15/10/2007 23.86 22.70 24.39 23.00 0 1208200.00 1208200.00
16/10/2007 22.50 21.87 23.20 22.95 0 2662600.00 2662600.00
17/10/2007 23.78 22.90 24.30 24.00 0 1653000.00 1653000.00
18/10/2007 23.50 23.17 24.19 24.19 0 632000.00 632000.00
19/10/2007 24.30 23.10 24.30 24.00 0 997600.00 997600.00
22/10/2007 23.80 23.70 25.60 25.60 0 2117300.00 2117300.00
23/10/2007 25.79 25.74 26.69 26.15 0 1484800.00 1484800.00
24/10/2007 26.40 25.51 26.98 25.89 0 1231300.00 1231300.00
25/10/2007 26.10 25.50 26.61 25.70 0 1584500.00 1584500.00
26/10/2007 25.88 25.60 26.58 26.19 0 744400.00 744400.00
29/10/2007 26.03 26.03 27.69 26.70 0 1066700.00 1066700.00
30/10/2007 26.70 26.23 29.40 28.50 0 1536000.00 1536000.00
31/10/2007 29.00 28.75 30.50 30.10 0 2008300.00 2008300.00
01/11/2007 29.10 28.04 29.80 28.39 0 1420400.00 1420400.00
02/11/2007 28.39 28.39 28.39 28.39 0 0.00 0.00
05/11/2007 28.00 27.40 29.00 29.00 0 1778500.00 1778500.00
06/11/2007 29.42 29.42 30.93 30.50 0 1652700.00 1652700.00
07/11/2007 30.20 29.30 30.20 30.00 0 1404500.00 1404500.00
08/11/2007 30.15 27.55 30.51 28.30 0 2083700.00 2083700.00
09/11/2007 28.29 26.61 28.99 28.94 0 1996000.00 1996000.00
12/11/2007 28.48 27.11 28.80 27.30 0 1018900.00 1018900.00
13/11/2007 27.53 27.45 28.79 28.70 0 771000.00 771000.00
14/11/2007 29.33 28.85 30.46 29.90 0 1400100.00 1400100.00
15/11/2007 29.90 29.90 29.90 29.90 0 0.00 0.00
16/11/2007 30.00 28.91 30.15 29.50 0 1913300.00 1913300.00
19/11/2007 28.63 27.69 29.20 28.00 0 911700.00 911700.00
20/11/2007 28.00 28.00 28.00 28.00 0 0.00 0.00
21/11/2007 27.10 26.62 27.99 27.30 0 1978100.00 1978100.00
22/11/2007 27.60 26.86 27.73 26.95 0 366200.00 366200.00
23/11/2007 27.10 26.48 27.60 26.95 0 877600.00 877600.00
26/11/2007 26.49 25.82 27.35 26.50 0 1392600.00 1392600.00
27/11/2007 26.00 25.30 27.96 27.10 0 878800.00 878800.00
28/11/2007 27.61 27.50 28.50 27.85 0 1875000.00 1875000.00
29/11/2007 28.09 26.71 28.60 26.92 0 1075700.00 1075700.00
30/11/2007 27.51 27.15 28.32 27.72 0 1223100.00 1223100.00
03/12/2007 27.96 27.56 28.89 28.20 0 1988000.00 1988000.00
04/12/2007 28.05 27.24 28.62 28.00 0 2081400.00 2081400.00
05/12/2007 28.50 28.30 29.25 28.30 0 2604600.00 2604600.00
06/12/2007 28.85 28.26 29.00 28.90 0 1942600.00 1942600.00
07/12/2007 29.02 28.31 29.22 28.60 0 1688300.00 1688300.00
10/12/2007 28.65 27.30 28.65 27.45 0 1498700.00 1498700.00
11/12/2007 27.80 25.60 28.09 26.50 0 1450300.00 1450300.00
12/12/2007 27.01 26.80 28.05 27.28 0 2432900.00 2432900.00
13/12/2007 26.99 26.02 27.55 26.50 0 1338200.00 1338200.00
14/12/2007 26.91 26.01 27.81 27.00 0 819000.00 819000.00
17/12/2007 26.38 24.96 26.50 25.25 0 1390700.00 1390700.00
18/12/2007 26.09 24.27 26.09 25.95 0 1547200.00 1547200.00
19/12/2007 25.30 23.55 25.30 24.34 0 3151700.00 3151700.00
20/12/2007 24.65 23.57 24.92 23.95 0 1205800.00 1205800.00
21/12/2007 24.35 23.57 24.40 23.92 0 754600.00 754600.00
24/12/2007 23.92 23.92 23.92 23.92 0 0.00 0.00
25/12/2007 23.92 23.92 23.92 23.92 0 0.00 0.00
26/12/2007 24.30 24.15 25.39 25.28 0 607100.00 607100.00
27/12/2007 25.15 24.20 25.25 24.40 0 1290900.00 1290900.00
28/12/2007 24.50 23.63 24.75 24.20 0 1392400.00 1392400.00
31/12/2007 24.20 24.20 24.20 24.20 0 0.00 0.00
01/01/2008 24.20 24.20 24.20 24.20 0 0.00 0.00
02/01/2008 24.20 23.20 24.20 23.71 0 812500.00 812500.00
03/01/2008 23.61 23.32 23.95 23.49 0 509900.00 509900.00
04/01/2008 23.89 21.80 23.89 23.00 0 1324600.00 1324600.00
07/01/2008 23.10 22.32 23.43 23.00 0 739200.00 739200.00
08/01/2008 23.41 23.06 24.35 24.35 0 1397400.00 1397400.00
09/01/2008 23.60 23.21 25.20 24.20 0 1251100.00 1251100.00
10/01/2008 24.60 24.07 25.17 24.30 0 1073700.00 1073700.00
11/01/2008 24.20 23.45 24.28 23.93 0 1046500.00 1046500.00
14/01/2008 24.20 23.09 24.47 23.23 0 1124800.00 1124800.00
15/01/2008 22.88 21.51 22.90 21.80 0 1805600.00 1805600.00
16/01/2008 21.15 20.90 22.65 22.40 0 1681800.00 1681800.00
17/01/2008 22.00 21.81 23.89 22.34 0 1672400.00 1672400.00
18/01/2008 23.00 21.00 23.19 21.40 0 1787700.00 1787700.00
21/01/2008 19.99 19.27 20.80 20.00 0 1103400.00 1103400.00
22/01/2008 19.81 19.37 21.63 21.15 0 2162800.00 2162800.00
23/01/2008 20.88 19.80 21.69 20.20 0 1570700.00 1570700.00
24/01/2008 21.15 21.12 22.02 21.75 0 1719400.00 1719400.00
25/01/2008 21.75 21.75 21.75 21.75 0 0.00 0.00
28/01/2008 21.50 21.32 22.28 21.70 0 1881300.00 1881300.00
29/01/2008 21.85 21.78 23.28 23.28 0 1047900.00 1047900.00
30/01/2008 22.70 22.20 23.99 23.60 0 1021800.00 1021800.00
31/01/2008 22.66 22.04 23.80 22.90 0 1702800.00 1702800.00
01/02/2008 24.01 23.61 24.50 24.19 0 1389400.00 1389400.00
04/02/2008 24.19 24.19 24.19 24.19 0 0.00 0.00
05/02/2008 24.19 24.19 24.19 24.19 0 0.00 0.00
06/02/2008 23.00 22.70 24.00 22.90 0 3077000.00 3077000.00
07/02/2008 22.50 21.50 22.50 21.50 0 2053000.00 2053000.00
08/02/2008 21.64 21.02 21.84 21.10 0 2147200.00 2147200.00
11/02/2008 21.36 21.36 22.00 21.85 0 1423500.00 1423500.00
12/02/2008 22.36 22.23 23.08 22.50 0 2796400.00 2796400.00
13/02/2008 24.42 24.00 25.30 24.00 0 6216300.00 6216300.00
14/02/2008 24.41 24.01 25.68 25.00 0 2171200.00 2171200.00
15/02/2008 24.98 23.80 25.10 25.10 0 2531300.00 2531300.00
18/02/2008 25.70 25.38 26.00 25.80 0 601700.00 601700.00
19/02/2008 26.21 26.10 27.14 26.21 0 2159200.00 2159200.00
20/02/2008 25.88 25.20 26.69 26.11 0 2800900.00 2800900.00
21/02/2008 26.51 25.00 26.80 25.35 0 1496800.00 1496800.00
22/02/2008 26.00 25.60 26.70 26.50 0 2033000.00 2033000.00
25/02/2008 26.59 26.10 26.75 26.40 0 1268500.00 1268500.00
26/02/2008 26.15 25.70 26.79 26.75 0 1856800.00 1856800.00
27/02/2008 26.40 26.23 27.98 27.34 0 2494700.00 2494700.00
28/02/2008 27.35 26.75 27.99 26.75 0 1619600.00 1619600.00
29/02/2008 26.16 25.80 27.49 27.00 0 1611700.00 1611700.00
03/03/2008 26.80 26.80 28.29 28.25 0 2338600.00 2338600.00
04/03/2008 27.89 26.90 28.24 27.67 0 1548600.00 1548600.00
05/03/2008 27.78 27.36 28.44 27.70 0 2763600.00 2763600.00
06/03/2008 27.48 26.10 27.85 26.24 0 899200.00 899200.00
07/03/2008 25.95 25.16 26.10 25.76 0 1170600.00 1170600.00
10/03/2008 25.50 24.10 26.80 24.20 0 1743700.00 1743700.00
11/03/2008 24.45 23.86 26.20 26.00 0 1724300.00 1724300.00
12/03/2008 26.12 25.15 26.50 25.70 0 1193400.00 1193400.00
13/03/2008 25.00 24.11 26.16 25.89 0 2502800.00 2502800.00
14/03/2008 24.90 24.65 26.50 25.00 0 3098600.00 3098600.00
17/03/2008 25.00 25.00 25.00 25.00 0 0.00 0.00
18/03/2008 24.80 24.60 26.00 25.50 0 1498200.00 1498200.00
19/03/2008 25.80 24.30 25.98 24.90 0 1483400.00 1483400.00
20/03/2008 24.50 23.90 25.27 24.50 0 829200.00 829200.00
21/03/2008 24.50 24.50 24.50 24.50 0 0.00 0.00
24/03/2008 24.80 24.25 25.50 24.35 0 921600.00 921600.00
25/03/2008 25.00 23.98 25.02 24.15 0 1266200.00 1266200.00
26/03/2008 24.49 24.20 24.60 24.20 0 664900.00 664900.00
27/03/2008 24.70 24.25 24.77 24.30 0 1711500.00 1711500.00
28/03/2008 24.50 22.90 24.50 23.00 0 1872500.00 1872500.00
31/03/2008 23.11 22.35 23.20 23.00 0 1986800.00 1986800.00
01/04/2008 23.21 23.21 24.12 24.12 0 1182200.00 1182200.00
02/04/2008 24.06 24.06 25.11 24.60 0 1073400.00 1073400.00
03/04/2008 24.50 24.28 26.30 25.66 0 1572900.00 1572900.00
04/04/2008 25.90 25.00 26.20 25.35 0 1354900.00 1354900.00
07/04/2008 25.50 25.24 25.92 25.76 0 1233800.00 1233800.00
08/04/2008 25.60 25.10 26.05 25.70 0 1045800.00 1045800.00
09/04/2008 25.56 24.81 25.89 25.25 0 1441200.00 1441200.00
10/04/2008 25.50 24.86 25.95 24.86 0 2041500.00 2041500.00
11/04/2008 24.95 24.30 25.10 25.10 0 664600.00 664600.00
14/04/2008 24.60 23.73 24.98 23.94 0 1157300.00 1157300.00
15/04/2008 23.86 23.84 24.40 24.13 0 419200.00 419200.00
16/04/2008 24.37 23.83 24.70 24.50 0 1299600.00 1299600.00
17/04/2008 24.10 23.74 25.00 24.10 0 928900.00 928900.00
18/04/2008 24.17 23.50 24.50 23.50 0 1061000.00 1061000.00
22/04/2008 23.66 23.53 23.90 23.74 0 838700.00 838700.00
23/04/2008 23.67 23.00 23.79 23.49 0 1294300.00 1294300.00
24/04/2008 23.32 23.00 23.59 23.00 0 618400.00 618400.00
25/04/2008 23.01 22.90 23.56 23.44 0 769300.00 769300.00
28/04/2008 23.50 23.50 24.89 24.89 0 1361800.00 1361800.00
29/04/2008 24.73 24.00 24.94 24.01 0 2165700.00 2165700.00
30/04/2008 24.20 24.16 28.01 27.73 0 2383900.00 2383900.00
02/05/2008 29.11 28.40 32.00 29.01 0 4975600.00 4975600.00
05/05/2008 29.35 28.36 29.72 29.00 0 1417300.00 1417300.00
06/05/2008 29.18 27.00 29.18 27.95 0 1858700.00 1858700.00
07/05/2008 28.11 26.55 28.49 26.90 0 1393100.00 1393100.00
08/05/2008 27.21 26.29 27.40 26.73 0 1967300.00 1967300.00
09/05/2008 26.50 25.80 26.50 26.00 0 2189500.00 2189500.00
12/05/2008 26.32 25.91 26.59 26.53 0 2285000.00 2285000.00
13/05/2008 26.92 26.40 27.25 26.99 0 2964300.00 2964300.00
14/05/2008 27.28 26.07 27.40 26.33 0 4038200.00 4038200.00
15/05/2008 26.55 25.81 26.90 26.90 0 1889300.00 1889300.00
16/05/2008 27.19 26.70 27.40 27.30 0 2864300.00 2864300.00
19/05/2008 27.45 26.95 28.03 27.60 0 3747900.00 3747900.00
20/05/2008 27.29 26.54 27.29 26.95 0 1091500.00 1091500.00
21/05/2008 26.90 25.75 26.98 26.30 0 2634100.00 2634100.00
23/05/2008 26.00 25.07 26.13 25.75 0 1609900.00 1609900.00
26/05/2008 25.66 25.06 25.84 25.28 0 766200.00 766200.00
27/05/2008 25.07 24.84 25.34 25.06 0 1942000.00 1942000.00
28/05/2008 25.31 25.21 26.59 26.59 0 2516400.00 2516400.00
29/05/2008 26.20 26.05 26.80 26.49 0 2606500.00 2606500.00
30/05/2008 26.92 26.65 27.30 27.28 0 3690100.00 3690100.00
02/06/2008 26.95 25.70 26.95 25.80 0 2565100.00 2565100.00
03/06/2008 26.00 24.33 26.09 24.50 0 3621100.00 3621100.00
04/06/2008 24.45 23.16 24.45 23.87 0 3328000.00 3328000.00
05/06/2008 24.30 24.11 25.70 25.70 0 2886000.00 2886000.00
06/06/2008 25.46 24.48 25.46 24.50 0 1899500.00 1899500.00
10/06/2008 23.64 23.35 24.10 24.10 0 1546100.00 1546100.00
11/06/2008 24.15 22.66 24.15 22.77 0 2059200.00 2059200.00
12/06/2008 23.21 23.00 23.48 23.13 0 1577300.00 1577300.00
13/06/2008 23.80 22.95 23.80 23.34 0 773700.00 773700.00
16/06/2008 23.20 22.96 23.74 23.44 0 1428400.00 1428400.00
17/06/2008 23.68 23.45 24.20 24.20 0 2318300.00 2318300.00
18/06/2008 23.75 23.03 23.94 23.09 0 1887300.00 1887300.00
19/06/2008 23.30 21.83 23.35 22.11 0 2468300.00 2468300.00
20/06/2008 22.15 21.17 22.57 22.45 0 2843900.00 2843900.00
23/06/2008 23.00 21.36 23.00 21.89 0 4996800.00 4996800.00
24/06/2008 21.50 21.45 21.95 21.85 0 4354500.00 4354500.00
25/06/2008 21.85 21.65 22.60 22.58 0 2719900.00 2719900.00
26/06/2008 21.75 21.50 22.25 21.80 0 1918900.00 1918900.00
27/06/2008 21.76 21.63 22.05 21.95 0 2184400.00 2184400.00
30/06/2008 22.03 21.82 22.37 22.14 0 1781300.00 1781300.00
01/07/2008 21.56 20.73 21.80 21.80 0 3492200.00 3492200.00
02/07/2008 21.91 20.08 21.93 20.49 0 2231400.00 2231400.00
03/07/2008 20.00 19.49 20.22 19.80 0 4392000.00 4392000.00
04/07/2008 19.50 19.28 20.07 19.90 0 1526200.00 1526200.00
07/07/2008 20.05 19.00 20.20 19.65 0 2318700.00 2318700.00
08/07/2008 19.20 18.76 19.78 19.59 0 4177500.00 4177500.00
10/07/2008 19.30 18.87 19.57 19.46 0 4113600.00 4113600.00
11/07/2008 19.15 18.86 19.47 18.93 0 1921800.00 1921800.00
14/07/2008 19.44 18.82 19.44 18.86 0 1050400.00 1050400.00
15/07/2008 19.00 18.52 20.78 20.50 0 3579500.00 3579500.00
16/07/2008 20.41 20.40 22.48 22.48 0 2951400.00 2951400.00
17/07/2008 22.37 20.88 22.69 21.38 0 2390900.00 2390900.00
18/07/2008 21.41 20.49 22.03 20.50 0 1897100.00 1897100.00
21/07/2008 20.91 20.84 21.71 21.17 0 1460400.00 1460400.00
22/07/2008 20.89 20.70 21.60 21.60 0 1187200.00 1187200.00
23/07/2008 21.61 21.02 22.80 22.80 0 3191000.00 3191000.00
24/07/2008 22.47 22.22 23.32 22.55 0 2693600.00 2693600.00
25/07/2008 23.00 22.25 23.14 22.35 0 1902000.00 1902000.00
28/07/2008 22.40 21.40 22.70 21.50 0 1006600.00 1006600.00
29/07/2008 21.55 21.55 22.78 22.40 0 1793000.00 1793000.00
30/07/2008 22.66 22.66 23.69 23.20 0 2662600.00 2662600.00
31/07/2008 23.30 22.21 23.30 22.80 0 2932900.00 2932900.00
01/08/2008 22.80 21.18 23.10 21.59 0 2390200.00 2390200.00
04/08/2008 21.40 20.52 21.44 20.65 0 2743600.00 2743600.00
05/08/2008 20.85 20.65 21.91 21.80 0 1997900.00 1997900.00
06/08/2008 22.10 21.61 22.96 22.30 0 2131400.00 2131400.00
07/08/2008 22.40 22.00 22.78 22.00 0 1585600.00 1585600.00
08/08/2008 21.51 21.51 23.08 22.50 0 1328700.00 1328700.00
11/08/2008 22.54 22.35 23.38 22.35 0 2529000.00 2529000.00
12/08/2008 22.31 22.00 23.09 22.05 0 1696400.00 1696400.00
13/08/2008 22.00 21.10 22.00 21.20 0 2586000.00 2586000.00
14/08/2008 21.34 21.20 21.95 21.40 0 1448300.00 1448300.00
15/08/2008 21.99 20.01 21.99 20.78 0 2386400.00 2386400.00
18/08/2008 21.05 20.28 21.50 20.70 0 1048200.00 1048200.00
19/08/2008 20.68 19.66 20.68 20.10 0 1758600.00 1758600.00
20/08/2008 20.32 20.24 21.26 21.26 0 1637800.00 1637800.00
21/08/2008 21.45 20.69 21.74 21.74 0 1326600.00 1326600.00
22/08/2008 21.74 20.80 21.77 20.99 0 1443500.00 1443500.00
25/08/2008 20.98 20.53 21.10 20.60 0 1028800.00 1028800.00
26/08/2008 20.53 19.83 20.90 20.00 0 1741500.00 1741500.00
27/08/2008 20.25 19.75 20.36 20.25 0 1915200.00 1915200.00
28/08/2008 20.40 20.06 20.73 20.20 0 2178300.00 2178300.00
29/08/2008 20.20 19.85 20.65 20.49 0 1571700.00 1571700.00
01/09/2008 20.30 20.05 21.74 20.45 0 1457200.00 1457200.00
02/09/2008 20.46 20.36 21.45 20.44 0 1999000.00 1999000.00
03/09/2008 20.72 19.86 20.93 19.90 0 2100700.00 2100700.00
