01/01/2003 10400.00 10400.00 10400.00 10400.00 0 0.00 0.00
02/01/2003 10398.00 10398.00 10400.00 10400.00 0 26000.00 26000.00
03/01/2003 10300.00 10202.00 10580.00 10580.00 0 145500.00 145500.00
06/01/2003 10600.00 10598.00 10800.00 10600.00 0 173000.00 173000.00
07/01/2003 10600.00 10580.00 10700.00 10700.00 0 24000.00 24000.00
08/01/2003 10560.00 10560.00 10700.00 10700.00 0 6500.00 6500.00
09/01/2003 10700.00 10600.00 10710.00 10700.00 0 43000.00 43000.00
10/01/2003 10700.00 10700.00 10898.00 10898.00 0 16000.00 16000.00
13/01/2003 11100.00 11000.00 11200.00 11000.00 0 50500.00 50500.00
14/01/2003 11060.00 11000.00 11060.00 11000.00 0 78500.00 78500.00
15/01/2003 11000.00 10760.00 11000.00 11000.00 0 13000.00 13000.00
16/01/2003 11000.00 10700.00 11000.00 10800.00 0 86500.00 86500.00
17/01/2003 10700.00 10560.00 10700.00 10698.00 0 61000.00 61000.00
20/01/2003 10700.00 10500.00 10700.00 10500.00 0 38000.00 38000.00
21/01/2003 10400.00 10300.00 10400.00 10400.00 0 15000.00 15000.00
22/01/2003 10400.00 10200.00 10400.00 10400.00 0 40000.00 40000.00
23/01/2003 10400.00 10300.00 10500.00 10300.00 0 43000.00 43000.00
24/01/2003 10300.00 9904.00 10300.00 10000.00 0 39500.00 39500.00
27/01/2003 10000.00 9900.00 10000.00 9900.00 0 43000.00 43000.00
28/01/2003 10000.00 9800.00 10098.00 10000.00 0 105000.00 105000.00
29/01/2003 10000.00 9740.00 10000.00 9800.00 0 19500.00 19500.00
30/01/2003 9802.00 9700.00 9802.00 9700.00 0 8500.00 8500.00
31/01/2003 9800.00 9750.00 9800.00 9800.00 0 26500.00 26500.00
03/02/2003 9800.00 9800.00 9800.00 9800.00 0 32000.00 32000.00
04/02/2003 9800.00 9500.00 9800.00 9500.00 0 31500.00 31500.00
05/02/2003 9600.00 9600.00 10000.00 10000.00 0 62000.00 62000.00
06/02/2003 9800.00 9800.00 9800.00 9800.00 0 33500.00 33500.00
07/02/2003 9000.00 9000.00 9680.00 9000.00 0 18500.00 18500.00
10/02/2003 9600.00 9600.00 9800.00 9800.00 0 151000.00 151000.00
11/02/2003 9800.00 9800.00 9800.00 9800.00 0 39000.00 39000.00
12/02/2003 9800.00 9640.00 9800.00 9780.00 0 58500.00 58500.00
13/02/2003 9600.00 9540.00 9620.00 9540.00 0 37500.00 37500.00
14/02/2003 9400.00 9400.00 9410.00 9400.00 0 13000.00 13000.00
17/02/2003 9300.00 9300.00 9498.00 9460.00 0 12000.00 12000.00
18/02/2003 9700.00 9620.00 9740.00 9622.00 0 6000.00 6000.00
19/02/2003 9620.00 9620.00 9620.00 9620.00 0 8000.00 8000.00
20/02/2003 9700.00 9700.00 9720.00 9720.00 0 3000.00 3000.00
21/02/2003 9900.00 9900.00 10002.00 10000.00 0 24000.00 24000.00
24/02/2003 10000.00 10000.00 10200.00 10080.00 0 51500.00 51500.00
25/02/2003 10020.00 10000.00 10200.00 10100.00 0 48500.00 48500.00
26/02/2003 10102.00 10102.00 10300.00 10200.00 0 17500.00 17500.00
27/02/2003 10300.00 10280.00 10998.00 10520.00 0 175000.00 175000.00
28/02/2003 10520.00 10460.00 10898.00 10898.00 0 16500.00 16500.00
03/03/2003 10898.00 10898.00 10898.00 10898.00 0 0.00 0.00
04/03/2003 10898.00 10898.00 10898.00 10898.00 0 0.00 0.00
05/03/2003 10898.00 10602.00 10898.00 10602.00 0 57000.00 57000.00
06/03/2003 10700.00 10700.00 11000.00 10800.00 0 88000.00 88000.00
07/03/2003 10778.00 10600.00 10780.00 10600.00 0 16000.00 16000.00
10/03/2003 10400.00 10200.00 10400.00 10200.00 0 12000.00 12000.00
11/03/2003 10100.00 10100.00 10100.00 10100.00 0 3000.00 3000.00
12/03/2003 10200.00 10200.00 10200.00 10200.00 0 1500.00 1500.00
13/03/2003 10500.00 10400.00 10650.00 10650.00 0 90000.00 90000.00
14/03/2003 10600.00 10400.00 10600.00 10400.00 0 7000.00 7000.00
17/03/2003 10400.00 10400.00 10460.00 10460.00 0 15500.00 15500.00
18/03/2003 10460.00 10460.00 10520.00 10500.00 0 61500.00 61500.00
19/03/2003 10500.00 10500.00 10520.00 10520.00 0 80000.00 80000.00
20/03/2003 10520.00 10480.00 10600.00 10600.00 0 59500.00 59500.00
21/03/2003 10598.00 10598.00 11060.00 10900.00 0 518500.00 518500.00
24/03/2003 10600.00 10600.00 10600.00 10600.00 0 25000.00 25000.00
25/03/2003 10600.00 10600.00 10798.00 10798.00 0 6000.00 6000.00
26/03/2003 10700.00 10700.00 10800.00 10800.00 0 38500.00 38500.00
27/03/2003 10600.00 10600.00 10600.00 10600.00 0 21000.00 21000.00
28/03/2003 10600.00 10600.00 10600.00 10600.00 0 7000.00 7000.00
31/03/2003 10600.00 10600.00 10800.00 10800.00 0 21500.00 21500.00
01/04/2003 10700.00 10700.00 10798.00 10798.00 0 3000.00 3000.00
02/04/2003 10800.00 10700.00 11000.00 10700.00 0 75500.00 75500.00
03/04/2003 10700.00 10640.00 10720.00 10640.00 0 65500.00 65500.00
04/04/2003 10640.00 10600.00 11400.00 10800.00 0 26000.00 26000.00
07/04/2003 11000.00 10940.00 11000.00 10940.00 0 23000.00 23000.00
08/04/2003 10900.00 10800.00 10900.00 10900.00 0 117000.00 117000.00
09/04/2003 10900.00 10900.00 10940.00 10900.00 0 199500.00 199500.00
10/04/2003 10900.00 10800.00 10900.00 10840.00 0 15000.00 15000.00
11/04/2003 10800.00 10800.00 11000.00 11000.00 0 54000.00 54000.00
14/04/2003 11000.00 11000.00 11500.00 11302.00 0 37500.00 37500.00
15/04/2003 11400.00 11300.00 11400.00 11400.00 0 183500.00 183500.00
16/04/2003 11400.00 11200.00 11400.00 11200.00 0 26500.00 26500.00
17/04/2003 11200.00 11200.00 11600.00 11480.00 0 10000.00 10000.00
18/04/2003 11480.00 11480.00 11480.00 11480.00 0 0.00 0.00
21/04/2003 11480.00 11480.00 11480.00 11480.00 0 0.00 0.00
22/04/2003 11520.00 11510.00 11700.00 11700.00 0 16000.00 16000.00
23/04/2003 11600.00 11598.00 11700.00 11600.00 0 81000.00 81000.00
24/04/2003 11400.00 11400.00 11800.00 11600.00 0 22000.00 22000.00
25/04/2003 11540.00 11540.00 11560.00 11550.00 0 25500.00 25500.00
28/04/2003 11600.00 11600.00 11600.00 11600.00 0 43500.00 43500.00
29/04/2003 11700.00 11500.00 11700.00 11500.00 0 6500.00 6500.00
30/04/2003 11400.00 11400.00 11600.00 11400.00 0 35000.00 35000.00
01/05/2003 11400.00 11400.00 11400.00 11400.00 0 0.00 0.00
02/05/2003 11400.00 11380.00 11400.00 11380.00 0 21000.00 21000.00
05/05/2003 11400.00 11300.00 11400.00 11398.00 0 94000.00 94000.00
06/05/2003 11380.00 11378.00 11380.00 11378.00 0 8500.00 8500.00
07/05/2003 11300.00 11260.00 11300.00 11260.00 0 42500.00 42500.00
08/05/2003 11400.00 11160.00 11400.00 11160.00 0 39500.00 39500.00
09/05/2003 11200.00 11198.00 11200.00 11200.00 0 53000.00 53000.00
12/05/2003 11400.00 11100.00 11400.00 11202.00 0 101500.00 101500.00
13/05/2003 11200.00 11200.00 11598.00 11400.00 0 22000.00 22000.00
14/05/2003 11500.00 11500.00 11680.00 11680.00 0 37500.00 37500.00
15/05/2003 11680.00 11540.00 11700.00 11600.00 0 169500.00 169500.00
16/05/2003 11500.00 11402.00 11600.00 11600.00 0 26500.00 26500.00
19/05/2003 11600.00 11600.00 11960.00 11700.00 0 116500.00 116500.00
20/05/2003 11800.00 11704.00 11960.00 11960.00 0 196000.00 196000.00
21/05/2003 11980.00 11860.00 11980.00 11860.00 0 133000.00 133000.00
22/05/2003 11980.00 11900.00 11980.00 11940.00 0 179500.00 179500.00
23/05/2003 11900.00 11900.00 11900.00 11900.00 0 8000.00 8000.00
26/05/2003 11800.00 11700.00 11800.00 11700.00 0 9500.00 9500.00
27/05/2003 11780.00 11780.00 11998.00 11998.00 0 87500.00 87500.00
28/05/2003 12000.00 11800.00 12280.00 11940.00 0 11500.00 11500.00
29/05/2003 11800.00 11800.00 11940.00 11880.00 0 57000.00 57000.00
30/05/2003 11802.00 11800.00 12200.00 12200.00 0 46000.00 46000.00
02/06/2003 12200.00 12100.00 12300.00 12300.00 0 53500.00 53500.00
03/06/2003 12200.00 12100.00 12200.00 12200.00 0 106500.00 106500.00
04/06/2003 11802.00 11802.00 12438.00 12438.00 0 131000.00 131000.00
05/06/2003 12400.00 12400.00 13000.00 12720.00 0 21000.00 21000.00
06/06/2003 13000.00 12990.00 13000.00 13000.00 0 14000.00 14000.00
09/06/2003 13000.00 12750.00 13000.00 12800.00 0 48000.00 48000.00
10/06/2003 12800.00 12400.00 12980.00 12980.00 0 109500.00 109500.00
11/06/2003 13000.00 12800.00 13180.00 13180.00 0 10500.00 10500.00
12/06/2003 13380.00 12900.00 13380.00 13380.00 0 27000.00 27000.00
13/06/2003 13200.00 13198.00 13300.00 13198.00 0 16500.00 16500.00
16/06/2003 13100.00 13000.00 13178.00 13100.00 0 18000.00 18000.00
17/06/2003 12942.00 12942.00 13198.00 13080.00 0 8500.00 8500.00
18/06/2003 13098.00 12800.00 13100.00 13000.00 0 62500.00 62500.00
19/06/2003 13000.00 13000.00 13000.00 13000.00 0 0.00 0.00
20/06/2003 13000.00 12960.00 13000.00 12960.00 0 11500.00 11500.00
23/06/2003 12800.00 12792.00 12900.00 12840.00 0 61500.00 61500.00
24/06/2003 12900.00 12900.00 12998.00 12998.00 0 30500.00 30500.00
25/06/2003 12900.00 12800.00 12900.00 12898.00 0 1500.00 1500.00
26/06/2003 12760.00 12760.00 12760.00 12760.00 0 31000.00 31000.00
27/06/2003 12760.00 12680.00 12780.00 12680.00 0 115500.00 115500.00
30/06/2003 12760.00 12700.00 12760.00 12700.00 0 47500.00 47500.00
01/07/2003 12750.00 12700.00 12750.00 12700.00 0 560500.00 560500.00
02/07/2003 12800.00 12800.00 12800.00 12800.00 0 2500.00 2500.00
03/07/2003 12740.00 12740.00 12746.00 12740.00 0 17000.00 17000.00
04/07/2003 12700.00 12700.00 12800.00 12800.00 0 14000.00 14000.00
07/07/2003 12760.00 12600.00 12760.00 12600.00 0 11000.00 11000.00
08/07/2003 12800.00 12560.00 12800.00 12600.00 0 74000.00 74000.00
09/07/2003 12600.00 12600.00 12600.00 12600.00 0 0.00 0.00
10/07/2003 12600.00 12600.00 12600.00 12600.00 0 228500.00 228500.00
11/07/2003 12600.00 12600.00 12800.00 12680.00 0 33500.00 33500.00
14/07/2003 12680.00 12660.00 12700.00 12700.00 0 42000.00 42000.00
15/07/2003 12400.00 12400.00 12700.00 12700.00 0 16000.00 16000.00
16/07/2003 12680.00 12600.00 12700.00 12600.00 0 2500.00 2500.00
17/07/2003 12400.00 12380.00 12538.00 12500.00 0 285500.00 285500.00
18/07/2003 12600.00 12400.00 12600.00 12560.00 0 17000.00 17000.00
21/07/2003 12400.00 12400.00 12600.00 12600.00 0 22000.00 22000.00
22/07/2003 12600.00 12578.00 12600.00 12578.00 0 85000.00 85000.00
23/07/2003 12600.00 12500.00 12600.00 12500.00 0 6500.00 6500.00
24/07/2003 12380.00 12200.00 12380.00 12300.00 0 81000.00 81000.00
25/07/2003 12200.00 12200.00 12400.00 12400.00 0 8500.00 8500.00
28/07/2003 12400.00 12200.00 12400.00 12300.00 0 60000.00 60000.00
29/07/2003 12298.00 12200.00 12298.00 12298.00 0 9500.00 9500.00
30/07/2003 12400.00 12000.00 12400.00 12000.00 0 10000.00 10000.00
31/07/2003 12000.00 11960.00 12000.00 12000.00 0 148000.00 148000.00
01/08/2003 12000.00 11800.00 12100.00 12100.00 0 56500.00 56500.00
04/08/2003 12450.00 116000.00 12450.00 11842.00 0 210000.00 210000.00
05/08/2003 11842.00 118000.00 11980.00 11980.00 0 75000.00 75000.00
06/08/2003 12000.00 11640.00 12000.00 11740.00 0 58500.00 58500.00
07/08/2003 11600.00 11400.00 11600.00 11600.00 0 31000.00 31000.00
08/08/2003 11800.00 11596.00 11800.00 11600.00 0 14000.00 14000.00
11/08/2003 11500.00 11500.00 11600.00 11500.00 0 112500.00 112500.00
12/08/2003 11680.00 11600.00 11680.00 11600.00 0 3000.00 3000.00
13/08/2003 11600.00 11600.00 11600.00 11600.00 0 110000.00 110000.00
14/08/2003 11800.00 11600.00 11800.00 11600.00 0 12000.00 12000.00
15/08/2003 11640.00 11500.00 11640.00 11500.00 0 7000.00 7000.00
18/08/2003 11700.00 11520.00 11700.00 11560.00 0 23500.00 23500.00
19/08/2003 11598.00 11598.00 12000.00 12000.00 0 461500.00 461500.00
20/08/2003 12000.00 11850.00 12600.00 12590.00 0 332500.00 332500.00
21/08/2003 12600.00 12500.00 12800.00 12796.00 0 406000.00 406000.00
22/08/2003 13178.00 12800.00 13180.00 13000.00 0 11500.00 11500.00
25/08/2003 13398.00 12998.00 13400.00 13000.00 0 60500.00 60500.00
26/08/2003 13000.00 12800.00 13000.00 12998.00 0 37000.00 37000.00
27/08/2003 13000.00 12800.00 13000.00 12986.00 0 244000.00 244000.00
28/08/2003 13002.00 12560.00 13002.00 12560.00 0 106500.00 106500.00
29/08/2003 12800.00 12500.00 12800.00 12600.00 0 29500.00 29500.00
01/09/2003 12720.00 12700.00 12800.00 12800.00 0 107500.00 107500.00
02/09/2003 13000.00 12700.00 13000.00 12798.00 0 163500.00 163500.00
03/09/2003 13000.00 12700.00 13000.00 12700.00 0 45000.00 45000.00
04/09/2003 12798.00 12720.00 12960.00 12760.00 0 200000.00 200000.00
05/09/2003 12880.00 12840.00 12900.00 12900.00 0 103500.00 103500.00
08/09/2003 13000.00 12900.00 13002.00 12900.00 0 236500.00 236500.00
09/09/2003 12900.00 12630.00 12900.00 12700.00 0 54000.00 54000.00
10/09/2003 12700.00 12696.00 12800.00 12700.00 0 34000.00 34000.00
11/09/2003 12700.00 12200.00 12700.00 12300.00 0 647000.00 647000.00
12/09/2003 12220.00 12160.00 12380.00 12300.00 0 207500.00 207500.00
15/09/2003 12300.00 12180.00 12300.00 12200.00 0 375000.00 375000.00
16/09/2003 12200.00 11922.00 12300.00 11922.00 0 41000.00 41000.00
17/09/2003 12000.00 12000.00 12100.00 12020.00 0 301500.00 301500.00
18/09/2003 12470.00 12000.00 12470.00 12000.00 0 104000.00 104000.00
19/09/2003 12400.00 11960.00 12400.00 11960.00 0 202000.00 202000.00
22/09/2003 12300.00 11920.00 12300.00 11998.00 0 321500.00 321500.00
23/09/2003 12100.00 11920.00 12100.00 11940.00 0 309000.00 309000.00
24/09/2003 12118.00 11960.00 12120.00 11960.00 0 283500.00 283500.00
25/09/2003 11960.00 11900.00 12000.00 11900.00 0 211500.00 211500.00
26/09/2003 12120.00 12060.00 12400.00 12400.00 0 11500.00 11500.00
29/09/2003 12358.00 12200.00 12358.00 12200.00 0 65000.00 65000.00
30/09/2003 12318.00 12316.00 12500.00 12400.00 0 62500.00 62500.00
01/10/2003 12400.00 12400.00 12900.00 12898.00 0 137000.00 137000.00
02/10/2003 12900.00 12900.00 14000.00 13400.00 0 253500.00 253500.00
03/10/2003 13780.00 13780.00 14200.00 14200.00 0 336000.00 336000.00
06/10/2003 14400.00 13800.00 14400.00 14000.00 0 253000.00 253000.00
07/10/2003 13800.00 13700.00 13800.00 13700.00 0 279500.00 279500.00
08/10/2003 13700.00 13600.00 13800.00 13698.00 0 641000.00 641000.00
09/10/2003 13698.00 13600.00 14000.00 13600.00 0 21500.00 21500.00
10/10/2003 13600.00 13400.00 13600.00 13400.00 0 7000.00 7000.00
13/10/2003 13540.00 12900.00 13540.00 12980.00 0 87500.00 87500.00
14/10/2003 13100.00 12400.00 13398.00 12400.00 0 146500.00 146500.00
15/10/2003 12800.00 12660.00 12996.00 12996.00 0 75500.00 75500.00
16/10/2003 13200.00 13138.00 13500.00 13500.00 0 327000.00 327000.00
17/10/2003 13400.00 13400.00 13480.00 13440.00 0 179000.00 179000.00
20/10/2003 13400.00 13400.00 14040.00 14000.00 0 270500.00 270500.00
21/10/2003 14000.00 13980.00 14040.00 14000.00 0 215500.00 215500.00
22/10/2003 13998.00 13700.00 14002.00 13702.00 0 115000.00 115000.00
23/10/2003 13678.00 13400.00 13680.00 13680.00 0 99000.00 99000.00
24/10/2003 13960.00 13400.00 14070.00 13680.00 0 33500.00 33500.00
27/10/2003 13700.00 13640.00 13734.00 13700.00 0 68000.00 68000.00
28/10/2003 13750.00 13750.00 14002.00 14000.00 0 64000.00 64000.00
29/10/2003 14196.00 14196.00 14200.00 14200.00 0 55500.00 55500.00
30/10/2003 14200.00 14200.00 14398.00 14398.00 0 27500.00 27500.00
31/10/2003 14400.00 14160.00 14600.00 14404.00 0 84500.00 84500.00
03/11/2003 14600.00 14400.00 14870.00 14600.00 0 68500.00 68500.00
04/11/2003 14600.00 14600.00 14998.00 14800.00 0 247000.00 247000.00
05/11/2003 14700.00 14600.00 14800.00 14600.00 0 71500.00 71500.00
06/11/2003 14680.00 14680.00 14900.00 14800.00 0 130000.00 130000.00
07/11/2003 14840.00 14800.00 14840.00 14840.00 0 71000.00 71000.00
10/11/2003 14800.00 14758.00 14800.00 14762.00 0 17000.00 17000.00
11/11/2003 14798.00 14762.00 14800.00 14798.00 0 46500.00 46500.00
12/11/2003 14800.00 14800.00 14840.00 14840.00 0 147500.00 147500.00
13/11/2003 14998.00 14900.00 15200.00 15160.00 0 21000.00 21000.00
14/11/2003 15200.00 15200.00 15700.00 15700.00 0 14000.00 14000.00
17/11/2003 15200.00 15200.00 15200.00 15200.00 0 62500.00 62500.00
18/11/2003 15600.00 15100.00 15600.00 15200.00 0 11500.00 11500.00
19/11/2003 14980.00 14980.00 15000.00 14998.00 0 33500.00 33500.00
20/11/2003 15000.00 14200.00 15000.00 14600.00 0 82000.00 82000.00
21/11/2003 14600.00 14600.00 14700.00 14700.00 0 31500.00 31500.00
24/11/2003 14998.00 14980.00 15200.00 15140.00 0 44000.00 44000.00
25/11/2003 15180.00 14700.00 15200.00 15000.00 0 194000.00 194000.00
26/11/2003 15000.00 15000.00 15100.00 15100.00 0 35500.00 35500.00
27/11/2003 15400.00 15200.00 16000.00 16000.00 0 69000.00 69000.00
28/11/2003 16500.00 16000.00 16500.00 16200.00 0 61000.00 61000.00
01/12/2003 16200.00 16200.00 16500.00 16500.00 0 62500.00 62500.00
02/12/2003 16402.00 16400.00 16700.00 16600.00 0 40000.00 40000.00
03/12/2003 16400.00 16400.00 16600.00 16400.00 0 50500.00 50500.00
04/12/2003 16402.00 16400.00 16600.00 16500.00 0 25500.00 25500.00
05/12/2003 16500.00 16500.00 16860.00 16840.00 0 107000.00 107000.00
08/12/2003 16840.00 16798.00 16996.00 16996.00 0 30000.00 30000.00
09/12/2003 17020.00 17000.00 17194.00 17000.00 0 82500.00 82500.00
10/12/2003 17000.00 17000.00 17002.00 17000.00 0 5500.00 5500.00
11/12/2003 16800.00 16800.00 16800.00 16800.00 0 41000.00 41000.00
12/12/2003 17022.00 16400.00 17022.00 16600.00 0 457500.00 457500.00
15/12/2003 16500.00 16000.00 16500.00 16000.00 0 17000.00 17000.00
16/12/2003 16300.00 15800.00 16300.00 15800.00 0 26000.00 26000.00
17/12/2003 16398.00 16000.00 16398.00 16000.00 0 243500.00 243500.00
18/12/2003 16500.00 16000.00 16500.00 16064.00 0 72000.00 72000.00
19/12/2003 16198.00 16000.00 16200.00 16200.00 0 49000.00 49000.00
22/12/2003 16798.00 16500.00 16798.00 16590.00 0 5500.00 5500.00
23/12/2003 16796.00 16588.00 16796.00 16598.00 0 160500.00 160500.00
24/12/2003 16598.00 16598.00 16598.00 16598.00 0 0.00 0.00
25/12/2003 16598.00 16598.00 16598.00 16598.00 0 0.00 0.00
26/12/2003 16500.00 15996.00 16500.00 16298.00 0 6000.00 6000.00
29/12/2003 16600.00 16150.00 16600.00 16400.00 0 69000.00 69000.00
30/12/2003 16600.00 16600.00 16798.00 16602.00 0 59500.00 59500.00
31/12/2003 16602.00 16602.00 16602.00 16602.00 0 0.00 0.00
01/01/2004 16602.00 16602.00 16602.00 16602.00 0 0.00 0.00
02/01/2004 16560.00 16560.00 16998.00 16998.00 0 41500.00 41500.00
05/01/2004 16802.00 16800.00 17000.00 17000.00 0 124500.00 124500.00
06/01/2004 17000.00 16800.00 17000.00 16800.00 0 110000.00 110000.00
07/01/2004 16800.00 16700.00 16802.00 16800.00 0 76000.00 76000.00
08/01/2004 17000.00 16700.00 17000.00 16700.00 0 113500.00 113500.00
09/01/2004 17000.00 16800.00 17000.00 17000.00 0 80000.00 80000.00
12/01/2004 16800.00 16640.00 17000.00 17000.00 0 54000.00 54000.00
13/01/2004 17000.00 16202.00 17000.00 16202.00 0 50000.00 50000.00
14/01/2004 16300.00 16300.00 16600.00 16498.00 0 88000.00 88000.00
15/01/2004 16200.00 15900.00 16200.00 16198.00 0 455500.00 455500.00
16/01/2004 16198.00 16198.00 16200.00 16198.00 0 14000.00 14000.00
19/01/2004 16200.00 15900.00 16200.00 15900.00 0 26500.00 26500.00
20/01/2004 16000.00 16000.00 16400.00 16400.00 0 122000.00 122000.00
21/01/2004 16400.00 16002.00 16998.00 16800.00 0 65500.00 65500.00
22/01/2004 16598.00 16200.00 16598.00 16200.00 0 17000.00 17000.00
23/01/2004 16200.00 16200.00 16560.00 16560.00 0 29500.00 29500.00
26/01/2004 16400.00 16400.00 16900.00 16900.00 0 16500.00 16500.00
27/01/2004 16800.00 16800.00 17600.00 17558.00 0 65000.00 65000.00
28/01/2004 17600.00 17400.00 17700.00 17700.00 0 48500.00 48500.00
29/01/2004 17700.00 16000.00 17700.00 16000.00 0 238500.00 238500.00
30/01/2004 16000.00 15804.00 16100.00 15840.00 0 106500.00 106500.00
02/02/2004 15800.00 15600.00 16200.00 16200.00 0 81500.00 81500.00
03/02/2004 16000.00 16000.00 16600.00 16600.00 0 6000.00 6000.00
04/02/2004 16600.00 16200.00 16600.00 16200.00 0 90000.00 90000.00
05/02/2004 16200.00 15996.00 16200.00 15996.00 0 61000.00 61000.00
06/02/2004 16000.00 15800.00 16002.00 15800.00 0 84500.00 84500.00
09/02/2004 16000.00 15700.00 16000.00 15800.00 0 103500.00 103500.00
10/02/2004 16100.00 15978.00 16100.00 15998.00 0 8500.00 8500.00
11/02/2004 15900.00 15900.00 16002.00 16000.00 0 62000.00 62000.00
12/02/2004 16100.00 16000.00 16100.00 16000.00 0 94000.00 94000.00
13/02/2004 16036.00 15700.00 16040.00 16040.00 0 217500.00 217500.00
16/02/2004 15800.00 15800.00 16400.00 15800.00 0 0.00 0.00
17/02/2004 16000.00 16000.00 16300.00 16122.00 0 137000.00 137000.00
18/02/2004 16122.00 16122.00 16400.00 16400.00 0 100000.00 100000.00
19/02/2004 16200.00 15800.00 16200.00 15800.00 0 55000.00 55000.00
20/02/2004 15800.00 15600.00 15800.00 15800.00 0 182000.00 182000.00
23/02/2004 15800.00 15800.00 15800.00 15800.00 0 0.00 0.00
24/02/2004 15800.00 15800.00 15800.00 15800.00 0 0.00 0.00
25/02/2004 16000.00 16000.00 16000.00 16000.00 0 61000.00 61000.00
26/02/2004 15800.00 15800.00 16400.00 16400.00 0 207500.00 207500.00
27/02/2004 16400.00 15800.00 16400.00 16000.00 0 81500.00 81500.00
01/03/2004 16000.00 15800.00 16002.00 16000.00 0 533000.00 533000.00
02/03/2004 16000.00 15800.00 16300.00 16300.00 0 68500.00 68500.00
03/03/2004 16720.00 16200.00 17000.00 16500.00 0 60500.00 60500.00
04/03/2004 16200.00 15800.00 16200.00 15800.00 0 57500.00 57500.00
05/03/2004 16260.00 15800.00 16260.00 16000.00 0 161500.00 161500.00
08/03/2004 16040.00 15920.00 16040.00 15920.00 0 174500.00 174500.00
09/03/2004 16598.00 16000.00 16598.00 16000.00 0 2500.00 2500.00
10/03/2004 15800.00 15700.00 15800.00 15700.00 0 38000.00 38000.00
11/03/2004 15600.00 15400.00 15600.00 15460.00 0 103000.00 103000.00
12/03/2004 15400.00 15400.00 15400.00 15400.00 0 157500.00 157500.00
15/03/2004 15200.00 15200.00 15600.00 15600.00 0 15000.00 15000.00
16/03/2004 15600.00 15500.00 16200.00 15520.00 0 135500.00 135500.00
17/03/2004 15600.00 15520.00 15600.00 15520.00 0 52000.00 52000.00
18/03/2004 15400.00 14900.00 15580.00 15102.00 0 170500.00 170500.00
19/03/2004 15300.00 15300.00 16000.00 15900.00 0 280000.00 280000.00
22/03/2004 15400.00 15200.00 15502.00 15200.00 0 143000.00 143000.00
23/03/2004 15300.00 15220.00 15302.00 15300.00 0 51000.00 51000.00
24/03/2004 15400.00 14500.00 15400.00 15200.00 0 79500.00 79500.00
25/03/2004 15200.00 15000.00 15200.00 15200.00 0 48000.00 48000.00
26/03/2004 15200.00 15000.00 15400.00 15400.00 0 319000.00 319000.00
29/03/2004 15400.00 15200.00 15400.00 15200.00 0 136500.00 136500.00
30/03/2004 15200.00 15200.00 15400.00 15210.00 0 19000.00 19000.00
31/03/2004 15212.00 15200.00 15400.00 15400.00 0 76500.00 76500.00
01/04/2004 15500.00 15500.00 15600.00 15600.00 0 66000.00 66000.00
02/04/2004 15800.00 15800.00 16200.00 16000.00 0 68000.00 68000.00
05/04/2004 16000.00 16000.00 16200.00 16100.00 0 25000.00 25000.00
06/04/2004 16300.00 16300.00 16540.00 16400.00 0 16000.00 16000.00
07/04/2004 16400.00 15940.00 16500.00 15940.00 0 95500.00 95500.00
08/04/2004 16500.00 16000.00 16500.00 16000.00 0 53500.00 53500.00
09/04/2004 16000.00 16000.00 16000.00 16000.00 0 0.00 0.00
12/04/2004 15800.00 15602.00 15800.00 15602.00 0 23500.00 23500.00
13/04/2004 15800.00 15400.00 15800.00 15400.00 0 42500.00 42500.00
14/04/2004 15400.00 15400.00 15800.00 15700.00 0 657500.00 657500.00
15/04/2004 15600.00 15100.00 15600.00 15400.00 0 2000.00 2000.00
16/04/2004 15600.00 15030.00 15600.00 15030.00 0 61500.00 61500.00
19/04/2004 15200.00 14700.00 15200.00 14800.00 0 34000.00 34000.00
20/04/2004 15198.00 14900.00 15198.00 15000.00 0 97500.00 97500.00
21/04/2004 15000.00 15000.00 15000.00 15000.00 0 0.00 0.00
22/04/2004 15000.00 14400.00 15000.00 14400.00 0 77000.00 77000.00
23/04/2004 14400.00 14400.00 14400.00 14400.00 0 0.00 0.00
26/04/2004 14400.00 14100.00 14420.00 14400.00 0 112000.00 112000.00
27/04/2004 14400.00 14120.00 14400.00 14120.00 0 149500.00 149500.00
28/04/2004 14300.00 14000.00 14400.00 14200.00 0 58000.00 58000.00
29/04/2004 13800.00 13720.00 14398.00 14198.00 0 11500.00 11500.00
30/04/2004 14400.00 13700.00 14400.00 14000.00 0 41500.00 41500.00
03/05/2004 13600.00 13600.00 13602.00 13600.00 0 5000.00 5000.00
04/05/2004 14000.00 14000.00 14000.00 14000.00 0 19500.00 19500.00
05/05/2004 13740.00 13400.00 13740.00 13400.00 0 4000.00 4000.00
06/05/2004 13002.00 12946.00 13798.00 13000.00 0 8000.00 8000.00
07/05/2004 12600.00 12598.00 12800.00 12700.00 0 15500.00 15500.00
10/05/2004 12700.00 12400.00 12700.00 12400.00 0 23500.00 23500.00
11/05/2004 12900.00 12700.00 12900.00 12800.00 0 17500.00 17500.00
12/05/2004 12800.00 11600.00 12800.00 12210.00 0 9500.00 9500.00
13/05/2004 11700.00 11700.00 12300.00 12002.00 0 19500.00 19500.00
14/05/2004 12500.00 11802.00 12500.00 11900.00 0 46000.00 46000.00
17/05/2004 11600.00 11302.00 11898.00 11898.00 0 41000.00 41000.00
18/05/2004 11400.00 11400.00 12198.00 11812.00 0 10000.00 10000.00
19/05/2004 12356.00 12000.00 12356.00 12000.00 0 25500.00 25500.00
20/05/2004 11996.00 11996.00 12158.00 12150.00 0 6000.00 6000.00
21/05/2004 12150.00 12000.00 12400.00 12000.00 0 262500.00 262500.00
24/05/2004 12400.00 12360.00 12400.00 12398.00 0 117000.00 117000.00
25/05/2004 12598.00 11822.00 12598.00 11998.00 0 6000.00 6000.00
26/05/2004 12358.00 12160.00 12358.00 12198.00 0 17000.00 17000.00
27/05/2004 12420.00 12000.00 12420.00 12100.00 0 29500.00 29500.00
28/05/2004 12320.00 12000.00 12320.00 12000.00 0 111000.00 111000.00
31/05/2004 12000.00 12000.00 12400.00 12400.00 0 5500.00 5500.00
01/06/2004 12580.00 12580.00 12600.00 12600.00 0 4000.00 4000.00
02/06/2004 12600.00 12200.00 12600.00 12500.00 0 4000.00 4000.00
03/06/2004 12300.00 12198.00 12300.00 12198.00 0 213500.00 213500.00
04/06/2004 12200.00 12200.00 12600.00 12600.00 0 5500.00 5500.00
07/06/2004 12400.00 12398.00 12400.00 12400.00 0 25500.00 25500.00
08/06/2004 12600.00 12600.00 12600.00 12600.00 0 500.00 500.00
09/06/2004 12200.00 12200.00 12400.00 12400.00 0 16000.00 16000.00
10/06/2004 12400.00 12400.00 12400.00 12400.00 0 0.00 0.00
11/06/2004 12600.00 12400.00 12600.00 12524.00 0 12500.00 12500.00
14/06/2004 12460.00 12240.00 12500.00 12480.00 0 4500.00 4500.00
15/06/2004 12600.00 12300.00 12600.00 12300.00 0 245000.00 245000.00
16/06/2004 12400.00 12300.00 12460.00 12460.00 0 118000.00 118000.00
17/06/2004 12500.00 12400.00 12620.00 12402.00 0 43000.00 43000.00
18/06/2004 12500.00 12500.00 12520.00 12520.00 0 388500.00 388500.00
21/06/2004 12600.00 12600.00 12800.00 12600.00 0 0.00 0.00
22/06/2004 12500.00 12500.00 12600.00 12600.00 0 53000.00 53000.00
23/06/2004 12600.00 12600.00 12802.00 12802.00 0 21000.00 21000.00
24/06/2004 13000.00 13000.00 13180.00 13180.00 0 75000.00 75000.00
25/06/2004 13100.00 13100.00 13300.00 13300.00 0 28000.00 28000.00
28/06/2004 13200.00 13200.00 13400.00 13400.00 0 19000.00 19000.00
29/06/2004 13400.00 13400.00 13800.00 13798.00 0 175500.00 175500.00
30/06/2004 13800.00 13740.00 13900.00 13880.00 0 154000.00 154000.00
01/07/2004 13880.00 13760.00 13940.00 13760.00 0 50500.00 50500.00
02/07/2004 13860.00 13780.00 13860.00 13800.00 0 43500.00 43500.00
05/07/2004 13800.00 13602.00 13800.00 13602.00 0 23500.00 23500.00
06/07/2004 13700.00 13502.00 13700.00 13502.00 0 408500.00 408500.00
07/07/2004 13620.00 13440.00 13620.00 13500.00 0 88500.00 88500.00
08/07/2004 13500.00 13400.00 13500.00 13460.00 0 52000.00 52000.00
09/07/2004 13460.00 13460.00 13460.00 13460.00 0 0.00 0.00
12/07/2004 13800.00 13800.00 13800.00 13800.00 0 500.00 500.00
13/07/2004 13700.00 13700.00 13902.00 13900.00 0 29500.00 29500.00
14/07/2004 14000.00 14000.00 14200.00 14000.00 0 107000.00 107000.00
15/07/2004 14400.00 14200.00 14500.00 14500.00 0 14000.00 14000.00
16/07/2004 14600.00 14600.00 15000.00 14800.00 0 249500.00 249500.00
19/07/2004 14800.00 14800.00 15000.00 15000.00 0 18000.00 18000.00
20/07/2004 15000.00 15000.00 15580.00 15304.00 0 155000.00 155000.00
21/07/2004 15400.00 15200.00 15400.00 15200.00 0 27000.00 27000.00
22/07/2004 14900.00 14900.00 15000.00 15000.00 0 2000.00 2000.00
23/07/2004 15020.00 15000.00 15020.00 15000.00 0 5000.00 5000.00
26/07/2004 15000.00 15000.00 15002.00 15000.00 0 36500.00 36500.00
27/07/2004 15200.00 15200.00 15400.00 15400.00 0 41500.00 41500.00
28/07/2004 15540.00 15500.00 15540.00 15500.00 0 12000.00 12000.00
29/07/2004 15480.00 15460.00 15600.00 15600.00 0 14000.00 14000.00
30/07/2004 15940.00 15940.00 16000.00 16000.00 0 55000.00 55000.00
02/08/2004 15800.00 15800.00 16300.00 16298.00 0 138500.00 138500.00
03/08/2004 16400.00 16396.00 17200.00 17000.00 0 415500.00 415500.00
04/08/2004 17000.00 17000.00 17400.00 17000.00 0 110000.00 110000.00
05/08/2004 17200.00 17000.00 17200.00 17000.00 0 89500.00 89500.00
06/08/2004 17000.00 17000.00 17300.00 17200.00 0 153500.00 153500.00
09/08/2004 16990.00 16990.00 17000.00 17000.00 0 19000.00 19000.00
10/08/2004 17000.00 16800.00 17200.00 17200.00 0 107500.00 107500.00
11/08/2004 16800.00 16800.00 17000.00 16900.00 0 7000.00 7000.00
12/08/2004 17000.00 16996.00 18000.00 17398.00 0 40000.00 40000.00
13/08/2004 18000.00 17900.00 18000.00 18000.00 0 130000.00 130000.00
16/08/2004 18400.00 18000.00 18400.00 18278.00 0 127000.00 127000.00
17/08/2004 19500.00 19200.00 19500.00 19200.00 0 712500.00 712500.00
18/08/2004 19578.00 19340.00 20180.00 20180.00 0 138000.00 138000.00
19/08/2004 20182.00 20182.00 21600.00 21000.00 0 108500.00 108500.00
20/08/2004 21800.00 20800.00 21800.00 20800.00 0 141500.00 141500.00
23/08/2004 21000.00 20600.00 21000.00 20800.00 0 260500.00 260500.00
24/08/2004 20798.00 20498.00 20800.00 20504.00 0 19000.00 19000.00
25/08/2004 20800.00 20000.00 20800.00 20578.00 0 96000.00 96000.00
26/08/2004 20600.00 20000.00 20600.00 20398.00 0 17500.00 17500.00
27/08/2004 20600.00 20500.00 20600.00 20600.00 0 251000.00 251000.00
30/08/2004 20200.00 20200.00 20600.00 20598.00 0 184500.00 184500.00
31/08/2004 20800.00 20600.00 21002.00 20800.00 0 322500.00 322500.00
01/09/2004 21000.00 20700.00 21000.00 20800.00 0 169000.00 169000.00
02/09/2004 21000.00 21000.00 21600.00 21520.00 0 74000.00 74000.00
03/09/2004 21600.00 21600.00 23800.00 22400.00 0 317500.00 317500.00
06/09/2004 22800.00 22800.00 23998.00 23998.00 0 2500.00 2500.00
07/09/2004 23998.00 23998.00 23998.00 23998.00 0 0.00 0.00
08/09/2004 24000.00 23800.00 24796.00 24500.00 0 218500.00 218500.00
09/09/2004 23800.00 23800.00 24240.00 24240.00 0 46500.00 46500.00
10/09/2004 24240.00 23800.00 24240.00 23800.00 0 117000.00 117000.00
13/09/2004 23800.00 23800.00 23800.00 23800.00 0 16000.00 16000.00
14/09/2004 23800.00 23800.00 23978.00 23802.00 0 90000.00 90000.00
15/09/2004 23800.00 23720.00 24198.00 23720.00 0 243000.00 243000.00
16/09/2004 23900.00 23800.00 24270.00 24270.00 0 23000.00 23000.00
17/09/2004 24988.00 24000.00 25972.00 25398.00 0 18000.00 18000.00
20/09/2004 25898.00 24400.00 25898.00 25298.00 0 4000.00 4000.00
21/09/2004 25400.00 25400.00 25400.00 25400.00 0 500.00 500.00
22/09/2004 25200.00 24400.00 25200.00 24700.00 0 332500.00 332500.00
23/09/2004 24800.00 24300.00 25100.00 25000.00 0 101000.00 101000.00
24/09/2004 25000.00 25000.00 25000.00 25000.00 0 12000.00 12000.00
27/09/2004 24600.00 24000.00 24798.00 24000.00 0 18500.00 18500.00
28/09/2004 24580.00 23900.00 24580.00 24400.00 0 211500.00 211500.00
29/09/2004 24880.00 24000.00 24880.00 24000.00 0 61000.00 61000.00
30/09/2004 24000.00 23800.00 24000.00 23980.00 0 29500.00 29500.00
01/10/2004 23980.00 23980.00 24778.00 24778.00 0 137000.00 137000.00
04/10/2004 24800.00 24000.00 24800.00 24000.00 0 63500.00 63500.00
05/10/2004 24000.00 23398.00 24000.00 24000.00 0 257500.00 257500.00
06/10/2004 23000.00 23000.00 23690.00 23000.00 0 39000.00 39000.00
07/10/2004 23000.00 22600.00 23000.00 22700.00 0 28000.00 28000.00
08/10/2004 23100.00 22802.00 23100.00 22900.00 0 5000.00 5000.00
11/10/2004 22900.00 22900.00 23000.00 23000.00 0 2500.00 2500.00
12/10/2004 23000.00 23000.00 23000.00 23000.00 0 0.00 0.00
13/10/2004 23000.00 23000.00 23002.00 23000.00 0 13500.00 13500.00
14/10/2004 23000.00 22800.00 23000.00 22800.00 0 20000.00 20000.00
15/10/2004 22998.00 22998.00 23000.00 22998.00 0 5500.00 5500.00
18/10/2004 22992.00 22992.00 22992.00 22992.00 0 1000.00 1000.00
19/10/2004 23000.00 23000.00 23100.00 23000.00 0 9500.00 9500.00
20/10/2004 22998.00 22896.00 23000.00 22998.00 0 14000.00 14000.00
21/10/2004 22978.00 22900.00 22980.00 22900.00 0 4000.00 4000.00
22/10/2004 22800.00 22800.00 22800.00 22800.00 0 13000.00 13000.00
25/10/2004 22600.00 22600.00 22600.00 22600.00 0 375000.00 375000.00
26/10/2004 22800.00 22800.00 23400.00 23400.00 0 15000.00 15000.00
27/10/2004 23398.00 23398.00 23992.00 23992.00 0 8500.00 8500.00
28/10/2004 24000.00 24000.00 24000.00 24000.00 0 500.00 500.00
29/10/2004 24000.00 23900.00 24000.00 23900.00 0 14500.00 14500.00
01/11/2004 23980.00 23200.00 23980.00 23200.00 0 1500.00 1500.00
02/11/2004 23200.00 23200.00 23200.00 23200.00 0 0.00 0.00
03/11/2004 23970.00 23800.00 24400.00 24378.00 0 22000.00 22000.00
04/11/2004 24800.00 24100.00 25400.00 25200.00 0 103000.00 103000.00
05/11/2004 25200.00 25000.00 25200.00 25000.00 0 29500.00 29500.00
08/11/2004 24600.00 24600.00 24600.00 24600.00 0 32000.00 32000.00
09/11/2004 24600.00 24600.00 25000.00 25000.00 0 1500.00 1500.00
10/11/2004 24998.00 24998.00 25000.00 25000.00 0 138500.00 138500.00
11/11/2004 25000.00 24998.00 25000.00 24998.00 0 2000.00 2000.00
12/11/2004 24800.00 24800.00 24994.00 24994.00 0 137000.00 137000.00
15/11/2004 24994.00 24994.00 24994.00 24994.00 0 0.00 0.00
16/11/2004 24000.00 24000.00 24000.00 24000.00 0 14000.00 14000.00
17/11/2004 24000.00 24000.00 24600.00 24600.00 0 65500.00 65500.00
18/11/2004 24000.00 23600.00 24582.00 24582.00 0 16000.00 16000.00
19/11/2004 24400.00 23632.00 24400.00 23680.00 0 7000.00 7000.00
22/11/2004 23800.00 23800.00 24600.00 24600.00 0 41500.00 41500.00
23/11/2004 24000.00 24000.00 24000.00 24000.00 0 1500.00 1500.00
24/11/2004 24000.00 23998.00 24000.00 24000.00 0 60000.00 60000.00
25/11/2004 23800.00 23800.00 24000.00 24000.00 0 50500.00 50500.00
26/11/2004 24000.00 23900.00 24378.00 24378.00 0 46500.00 46500.00
29/11/2004 23998.00 23998.00 23998.00 23998.00 0 150000.00 150000.00
30/11/2004 23998.00 23998.00 24180.00 24000.00 0 17500.00 17500.00
01/12/2004 24000.00 23700.00 24000.00 23700.00 0 8000.00 8000.00
02/12/2004 23700.00 23400.00 23700.00 23400.00 0 3000.00 3000.00
03/12/2004 23500.00 23298.00 23598.00 23400.00 0 20500.00 20500.00
06/12/2004 23500.00 23400.00 23798.00 23798.00 0 62500.00 62500.00
07/12/2004 23798.00 23500.00 23890.00 23890.00 0 16500.00 16500.00
08/12/2004 23600.00 23600.00 24000.00 24000.00 0 25500.00 25500.00
09/12/2004 24000.00 23600.00 24396.00 24396.00 0 33000.00 33000.00
10/12/2004 24200.00 23600.00 24200.00 23600.00 0 8000.00 8000.00
13/12/2004 23900.00 23900.00 24400.00 24400.00 0 5500.00 5500.00
14/12/2004 24000.00 24000.00 24002.00 24000.00 0 198000.00 198000.00
15/12/2004 23800.00 23800.00 24500.00 24500.00 0 501000.00 501000.00
16/12/2004 24400.00 24400.00 24500.00 24400.00 0 4000.00 4000.00
17/12/2004 24002.00 24000.00 24200.00 24000.00 0 10000.00 10000.00
20/12/2004 24000.00 24000.00 24000.00 24000.00 0 143000.00 143000.00
21/12/2004 24200.00 24000.00 24800.00 24800.00 0 12500.00 12500.00
22/12/2004 24000.00 24000.00 24200.00 24000.00 0 14000.00 14000.00
23/12/2004 24200.00 24200.00 24200.00 24200.00 0 4000.00 4000.00
24/12/2004 24200.00 24200.00 24200.00 24200.00 0 0.00 0.00
27/12/2004 24200.00 24200.00 24400.00 24200.00 0 142500.00 142500.00
28/12/2004 24400.00 24400.00 24800.00 24800.00 0 3000.00 3000.00
29/12/2004 24700.00 24700.00 25000.00 25000.00 0 178000.00 178000.00
30/12/2004 24800.00 24800.00 24800.00 24800.00 0 6000.00 6000.00
31/12/2004 24800.00 24800.00 24800.00 24800.00 0 0.00 0.00
03/01/2005 25000.00 24400.00 25000.00 24400.00 0 28000.00 28000.00
04/01/2005 24800.00 24800.00 25800.00 25200.00 0 19000.00 19000.00
05/01/2005 24600.00 24500.00 24600.00 24600.00 0 22500.00 22500.00
06/01/2005 24600.00 24200.00 24600.00 24200.00 0 5500.00 5500.00
07/01/2005 24400.00 24400.00 24600.00 24400.00 0 19500.00 19500.00
10/01/2005 24400.00 24400.00 24600.00 24600.00 0 62500.00 62500.00
11/01/2005 25000.00 24600.00 25000.00 24600.00 0 2000.00 2000.00
12/01/2005 24400.00 24000.00 24400.00 24200.00 0 47500.00 47500.00
13/01/2005 24200.00 24200.00 24500.00 24400.00 0 89000.00 89000.00
14/01/2005 24100.00 24100.00 24400.00 24100.00 0 5000.00 5000.00
17/01/2005 24102.00 24100.00 24102.00 24100.00 0 4000.00 4000.00
18/01/2005 24198.00 24000.00 24198.00 24000.00 0 14000.00 14000.00
19/01/2005 24000.00 24000.00 24200.00 24200.00 0 42000.00 42000.00
20/01/2005 24000.00 23700.00 24000.00 23700.00 0 18000.00 18000.00
21/01/2005 24100.00 23440.00 24200.00 23440.00 0 104500.00 104500.00
24/01/2005 23500.00 23000.00 23500.00 23000.00 0 19500.00 19500.00
25/01/2005 23000.00 23000.00 23000.00 23000.00 0 0.00 0.00
26/01/2005 23960.00 23600.00 23960.00 23600.00 0 23500.00 23500.00
27/01/2005 23400.00 23400.00 23400.00 23400.00 0 2500.00 2500.00
28/01/2005 23840.00 23840.00 23840.00 23840.00 0 22500.00 22500.00
31/01/2005 23800.00 23600.00 23800.00 23700.00 0 10500.00 10500.00
01/02/2005 23700.00 23700.00 23800.00 23800.00 0 4000.00 4000.00
02/02/2005 23800.00 23798.00 23800.00 23798.00 0 14500.00 14500.00
03/02/2005 23600.00 23600.00 23600.00 23600.00 0 1000.00 1000.00
04/02/2005 23800.00 23400.00 23800.00 23400.00 0 4500.00 4500.00
07/02/2005 23400.00 23400.00 23400.00 23400.00 0 0.00 0.00
08/02/2005 23400.00 23400.00 23400.00 23400.00 0 0.00 0.00
09/02/2005 23800.00 23600.00 23800.00 23600.00 0 52500.00 52500.00
10/02/2005 23600.00 23000.00 23600.00 23600.00 0 35500.00 35500.00
11/02/2005 23600.00 23200.00 23600.00 23204.00 0 43500.00 43500.00
14/02/2005 23600.00 23598.00 24200.00 24200.00 0 7500.00 7500.00
15/02/2005 24200.00 24200.00 24400.00 24400.00 0 4000.00 4000.00
16/02/2005 24400.00 24400.00 24400.00 24400.00 0 9000.00 9000.00
17/02/2005 24400.00 24400.00 24400.00 24400.00 0 29500.00 29500.00
18/02/2005 24400.00 24400.00 24800.00 24700.00 0 35000.00 35000.00
21/02/2005 24524.00 24524.00 24600.00 24600.00 0 13500.00 13500.00
22/02/2005 24600.00 24600.00 24602.00 24602.00 0 19500.00 19500.00
23/02/2005 24800.00 24798.00 24800.00 24800.00 0 41500.00 41500.00
24/02/2005 25200.00 25200.00 25400.00 25200.00 0 27000.00 27000.00
25/02/2005 25400.00 25400.00 25800.00 25800.00 0 4000.00 4000.00
28/02/2005 25200.00 24200.00 25200.00 24400.00 0 96500.00 96500.00
01/03/2005 24400.00 23400.00 24400.00 23400.00 0 75000.00 75000.00
02/03/2005 23400.00 23400.00 24000.00 24000.00 0 128000.00 128000.00
03/03/2005 24000.00 24000.00 24600.00 24600.00 0 121500.00 121500.00
04/03/2005 24800.00 24800.00 25980.00 25900.00 0 63500.00 63500.00
07/03/2005 26200.00 25600.00 26200.00 25600.00 0 122000.00 122000.00
08/03/2005 25600.00 24600.00 25600.00 24600.00 0 31000.00 31000.00
09/03/2005 25000.00 24800.00 25020.00 25000.00 0 118000.00 118000.00
10/03/2005 25000.00 25000.00 25000.00 25000.00 0 67500.00 67500.00
11/03/2005 25000.00 24400.00 25000.00 24400.00 0 101000.00 101000.00
14/03/2005 24404.00 24404.00 24800.00 24602.00 0 242500.00 242500.00
15/03/2005 24700.00 24600.00 24720.00 24700.00 0 59000.00 59000.00
16/03/2005 24600.00 24600.00 25100.00 25000.00 0 90000.00 90000.00
17/03/2005 25000.00 24800.00 25000.00 24800.00 0 86000.00 86000.00
18/03/2005 24800.00 24800.00 24820.00 24820.00 0 77500.00 77500.00
21/03/2005 24800.00 24600.00 24800.00 24600.00 0 55000.00 55000.00
22/03/2005 24602.00 24400.00 24602.00 24400.00 0 87500.00 87500.00
23/03/2005 24400.00 24400.00 24422.00 24420.00 0 162500.00 162500.00
24/03/2005 24800.00 23800.00 24968.00 24968.00 0 61500.00 61500.00
25/03/2005 24968.00 24968.00 24968.00 24968.00 0 0.00 0.00
28/03/2005 23902.00 23800.00 23902.00 23820.00 0 65000.00 65000.00
29/03/2005 23800.00 23800.00 24100.00 24020.00 0 115000.00 115000.00
30/03/2005 24000.00 23760.00 24580.00 24580.00 0 67000.00 67000.00
31/03/2005 24400.00 23600.00 24400.00 23600.00 0 30000.00 30000.00
01/04/2005 23700.00 23700.00 24400.00 24300.00 0 58500.00 58500.00
04/04/2005 23800.00 23800.00 23820.00 23820.00 0 50500.00 50500.00
05/04/2005 23800.00 23600.00 24000.00 24000.00 0 25500.00 25500.00
06/04/2005 24000.00 23600.00 24200.00 24200.00 0 72500.00 72500.00
07/04/2005 24200.00 24200.00 24230.00 24220.00 0 70000.00 70000.00
08/04/2005 24200.00 24200.00 24404.00 24300.00 0 58000.00 58000.00
11/04/2005 24400.00 24400.00 24400.00 24400.00 0 8500.00 8500.00
12/04/2005 24500.00 24500.00 24500.00 24500.00 0 5500.00 5500.00
13/04/2005 24002.00 24002.00 24480.00 24480.00 0 1500.00 1500.00
14/04/2005 24200.00 24000.00 24200.00 24000.00 0 32500.00 32500.00
15/04/2005 23998.00 23600.00 24000.00 23600.00 0 7000.00 7000.00
18/04/2005 23400.00 23400.00 24000.00 24000.00 0 10500.00 10500.00
19/04/2005 24000.00 23800.00 24000.00 23800.00 0 21000.00 21000.00
20/04/2005 23600.00 23000.00 23600.00 23000.00 0 11500.00 11500.00
21/04/2005 23000.00 23000.00 23000.00 23000.00 0 0.00 0.00
22/04/2005 23200.00 23000.00 23300.00 23000.00 0 16500.00 16500.00
25/04/2005 23600.00 23100.00 23800.00 23800.00 0 23000.00 23000.00
26/04/2005 23800.00 23800.00 23800.00 23800.00 0 55000.00 55000.00
27/04/2005 23798.00 23798.00 23800.00 23800.00 0 6000.00 6000.00
28/04/2005 23800.00 23600.00 23800.00 23600.00 0 78000.00 78000.00
29/04/2005 23600.00 23600.00 23600.00 23600.00 0 16000.00 16000.00
02/05/2005 23200.00 23200.00 23200.00 23200.00 0 500.00 500.00
03/05/2005 23198.00 23100.00 23800.00 23800.00 0 241000.00 241000.00
04/05/2005 23800.00 23800.00 24000.00 24000.00 0 82000.00 82000.00
05/05/2005 23800.00 23600.00 24100.00 23700.00 0 64500.00 64500.00
06/05/2005 24200.00 24084.00 24200.00 24092.00 0 69500.00 69500.00
09/05/2005 24000.00 23992.00 24000.00 24000.00 0 69500.00 69500.00
10/05/2005 23800.00 23200.00 23800.00 23200.00 0 115500.00 115500.00
11/05/2005 23600.00 23300.00 23600.00 23300.00 0 122500.00 122500.00
12/05/2005 23200.00 23200.00 23580.00 23200.00 0 81500.00 81500.00
13/05/2005 23200.00 22400.00 23600.00 23200.00 0 35000.00 35000.00
16/05/2005 23200.00 23200.00 23400.00 23200.00 0 67500.00 67500.00
17/05/2005 23000.00 23000.00 23400.00 23200.00 0 5000.00 5000.00
18/05/2005 23398.00 23398.00 23600.00 23600.00 0 18000.00 18000.00
19/05/2005 23400.00 23400.00 23400.00 23400.00 0 160000.00 160000.00
20/05/2005 23200.00 23200.00 23500.00 23400.00 0 5500.00 5500.00
23/05/2005 23200.00 23196.00 23200.00 23198.00 0 26500.00 26500.00
24/05/2005 23000.00 22900.00 23198.00 23198.00 0 146500.00 146500.00
25/05/2005 23100.00 22800.00 23100.00 22900.00 0 36500.00 36500.00
26/05/2005 22900.00 22900.00 22900.00 22900.00 0 0.00 0.00
27/05/2005 23200.00 23198.00 23200.00 23198.00 0 11500.00 11500.00
30/05/2005 22820.00 22800.00 22820.00 22800.00 0 5500.00 5500.00
31/05/2005 23200.00 22000.00 23200.00 22000.00 0 90500.00 90500.00
01/06/2005 23.00 22.00 23.00 22.35 0 33900.00 33900.00
02/06/2005 22.35 22.11 23.00 22.50 0 142900.00 142900.00
03/06/2005 22.50 22.00 22.50 22.00 0 21200.00 21200.00
06/06/2005 22.00 21.00 22.00 21.39 0 98000.00 98000.00
07/06/2005 21.00 20.30 21.00 20.30 0 124800.00 124800.00
08/06/2005 20.69 19.99 20.69 19.99 0 186200.00 186200.00
09/06/2005 20.00 19.43 20.00 19.43 0 101000.00 101000.00
10/06/2005 19.40 19.40 20.98 20.98 0 32800.00 32800.00
13/06/2005 21.00 21.00 21.80 21.80 0 63100.00 63100.00
14/06/2005 21.80 21.00 21.80 21.00 0 42800.00 42800.00
15/06/2005 21.00 20.80 22.48 22.48 0 92700.00 92700.00
16/06/2005 22.80 22.80 23.50 23.10 0 32300.00 32300.00
17/06/2005 23.20 23.20 23.49 23.30 0 55500.00 55500.00
20/06/2005 23.00 22.18 23.00 22.18 0 22600.00 22600.00
21/06/2005 21.50 20.52 22.30 21.50 0 22300.00 22300.00
22/06/2005 21.50 20.19 21.50 21.00 0 17200.00 17200.00
23/06/2005 21.00 20.12 21.00 20.12 0 10300.00 10300.00
24/06/2005 20.00 19.50 20.00 19.95 0 9900.00 9900.00
27/06/2005 19.80 19.80 19.80 19.80 0 3100.00 3100.00
28/06/2005 19.80 19.50 20.00 19.80 0 4600.00 4600.00
29/06/2005 19.80 19.50 20.00 19.50 0 19100.00 19100.00
30/06/2005 19.65 19.10 19.65 19.60 0 9900.00 9900.00
01/07/2005 19.60 19.60 19.70 19.60 0 29000.00 29000.00
04/07/2005 19.50 19.50 19.50 19.50 0 3200.00 3200.00
05/07/2005 19.50 18.85 19.50 19.50 0 3200.00 3200.00
06/07/2005 19.20 19.20 19.45 19.40 0 900.00 900.00
07/07/2005 19.40 19.00 19.40 19.00 0 13300.00 13300.00
08/07/2005 19.00 18.50 19.00 18.50 0 6100.00 6100.00
11/07/2005 18.50 18.00 18.50 18.25 0 134800.00 134800.00
12/07/2005 18.10 18.10 20.00 20.00 0 11700.00 11700.00
13/07/2005 20.50 19.95 20.95 20.00 0 30700.00 30700.00
14/07/2005 20.00 19.99 20.30 20.30 0 16100.00 16100.00
15/07/2005 20.00 18.51 20.00 19.99 0 23600.00 23600.00
18/07/2005 19.99 19.99 19.99 19.99 0 100.00 100.00
19/07/2005 19.33 19.33 19.33 19.33 0 9100.00 9100.00
20/07/2005 19.57 19.56 19.57 19.57 0 39100.00 39100.00
21/07/2005 20.00 20.00 20.89 20.89 0 4500.00 4500.00
22/07/2005 21.00 20.90 21.00 20.90 0 32600.00 32600.00
25/07/2005 19.50 19.50 19.60 19.55 0 9700.00 9700.00
26/07/2005 20.00 20.00 20.51 20.50 0 8400.00 8400.00
27/07/2005 19.75 19.75 22.00 21.30 0 87800.00 87800.00
28/07/2005 21.30 21.30 22.99 22.79 0 25500.00 25500.00
29/07/2005 22.95 21.10 22.95 22.85 0 12700.00 12700.00
01/08/2005 22.04 21.50 22.79 21.60 0 27100.00 27100.00
02/08/2005 22.50 21.05 22.50 21.75 0 18800.00 18800.00
03/08/2005 22.70 21.90 22.75 21.98 0 49900.00 49900.00
04/08/2005 22.40 21.50 22.75 21.50 0 15400.00 15400.00
05/08/2005 21.90 21.20 21.98 21.69 0 25600.00 25600.00
08/08/2005 22.50 22.50 22.50 22.50 0 100.00 100.00
09/08/2005 21.00 21.00 21.30 21.30 0 4000.00 4000.00
10/08/2005 21.30 21.00 21.40 21.20 0 22000.00 22000.00
11/08/2005 21.02 20.80 21.49 20.80 0 13400.00 13400.00
12/08/2005 20.80 20.30 21.00 20.50 0 56400.00 56400.00
15/08/2005 20.50 20.50 20.85 20.85 0 42000.00 42000.00
16/08/2005 20.50 20.50 20.50 20.50 0 28900.00 28900.00
17/08/2005 20.30 20.30 20.31 20.31 0 900.00 900.00
18/08/2005 20.00 19.85 20.00 19.85 0 6600.00 6600.00
19/08/2005 20.80 19.60 20.80 20.00 0 70700.00 70700.00
22/08/2005 20.15 20.00 20.20 20.02 0 24300.00 24300.00
23/08/2005 19.60 19.50 20.00 19.50 0 14000.00 14000.00
24/08/2005 19.70 19.31 19.70 19.63 0 3800.00 3800.00
25/08/2005 20.00 19.80 20.51 20.19 0 56300.00 56300.00
26/08/2005 20.10 19.80 20.40 20.40 0 91400.00 91400.00
29/08/2005 20.40 20.40 20.80 20.80 0 21400.00 21400.00
30/08/2005 20.80 20.50 21.50 21.50 0 61000.00 61000.00
31/08/2005 21.90 21.90 22.40 22.20 0 25700.00 25700.00
01/09/2005 22.00 21.00 22.88 22.30 0 72500.00 72500.00
02/09/2005 22.30 22.30 23.60 23.60 0 195800.00 195800.00
05/09/2005 23.67 23.20 24.00 23.20 0 18700.00 18700.00
06/09/2005 23.20 23.00 24.00 23.10 0 20000.00 20000.00
07/09/2005 23.10 23.10 23.10 23.10 0 0.00 0.00
08/09/2005 23.49 22.82 23.49 22.82 0 36000.00 36000.00
09/09/2005 22.85 22.60 23.88 23.88 0 52300.00 52300.00
12/09/2005 23.80 23.30 23.80 23.30 0 30600.00 30600.00
13/09/2005 23.00 22.70 23.00 22.85 0 31400.00 31400.00
14/09/2005 22.55 22.40 22.70 22.50 0 165300.00 165300.00
15/09/2005 23.00 22.61 23.10 22.61 0 12300.00 12300.00
16/09/2005 23.50 23.50 24.25 23.50 0 17300.00 17300.00
19/09/2005 23.50 23.10 23.50 23.50 0 35300.00 35300.00
20/09/2005 23.50 23.47 23.80 23.47 0 37500.00 37500.00
21/09/2005 24.30 24.00 24.30 24.30 0 85600.00 85600.00
22/09/2005 24.39 24.00 24.39 24.29 0 35800.00 35800.00
23/09/2005 24.29 23.53 24.40 24.30 0 32300.00 32300.00
26/09/2005 24.60 24.30 24.90 24.30 0 12600.00 12600.00
27/09/2005 24.40 23.45 24.40 23.71 0 61200.00 61200.00
28/09/2005 24.20 24.10 24.80 24.55 0 44400.00 44400.00
29/09/2005 24.00 24.00 25.40 25.40 0 45100.00 45100.00
30/09/2005 25.21 25.20 26.00 26.00 0 178600.00 178600.00
03/10/2005 26.60 25.99 26.60 26.25 0 112500.00 112500.00
04/10/2005 26.00 25.50 26.00 25.80 0 163500.00 163500.00
05/10/2005 25.03 24.50 25.20 25.00 0 34300.00 34300.00
06/10/2005 25.00 24.00 25.00 24.00 0 15400.00 15400.00
07/10/2005 24.50 24.10 25.39 24.52 0 44000.00 44000.00
10/10/2005 25.50 25.00 25.50 25.50 0 104000.00 104000.00
11/10/2005 26.00 25.60 26.00 25.91 0 38900.00 38900.00
12/10/2005 25.91 25.91 25.91 25.91 0 0.00 0.00
13/10/2005 25.50 24.00 25.50 24.40 0 51300.00 51300.00
14/10/2005 23.44 23.44 25.00 25.00 0 20900.00 20900.00
17/10/2005 24.99 24.99 25.48 25.19 0 147300.00 147300.00
18/10/2005 24.80 24.80 25.59 25.20 0 37100.00 37100.00
19/10/2005 24.80 24.00 25.90 25.90 0 17900.00 17900.00
20/10/2005 26.10 23.50 26.10 24.10 0 26000.00 26000.00
21/10/2005 24.99 24.70 25.01 24.81 0 27100.00 27100.00
24/10/2005 25.49 25.39 26.00 26.00 0 45200.00 45200.00
25/10/2005 25.89 25.70 25.99 25.89 0 12400.00 12400.00
26/10/2005 25.89 25.50 25.90 25.50 0 171100.00 171100.00
27/10/2005 24.75 24.75 25.13 24.80 0 44700.00 44700.00
28/10/2005 24.90 24.45 24.90 24.46 0 24000.00 24000.00
31/10/2005 25.49 24.80 25.49 25.00 0 38400.00 38400.00
01/11/2005 25.50 25.50 25.95 25.70 0 14400.00 14400.00
02/11/2005 25.70 25.70 25.70 25.70 0 0.00 0.00
03/11/2005 25.70 25.25 25.70 25.40 0 104600.00 104600.00
04/11/2005 24.55 24.50 24.99 24.99 0 11600.00 11600.00
07/11/2005 25.45 25.00 25.45 25.38 0 32000.00 32000.00
08/11/2005 25.38 24.50 25.38 25.00 0 34800.00 34800.00
09/11/2005 25.00 24.49 25.00 25.00 0 13700.00 13700.00
10/11/2005 24.70 24.40 24.70 24.40 0 17400.00 17400.00
11/11/2005 24.11 23.39 24.11 23.45 0 26600.00 26600.00
14/11/2005 23.00 21.99 23.00 22.75 0 49800.00 49800.00
15/11/2005 22.75 22.75 22.75 22.75 0 0.00 0.00
16/11/2005 23.00 22.85 23.50 22.98 0 17100.00 17100.00
17/11/2005 23.00 23.00 24.15 23.40 0 38400.00 38400.00
18/11/2005 23.31 22.65 23.40 23.30 0 26100.00 26100.00
21/11/2005 23.00 22.60 23.30 22.60 0 16200.00 16200.00
22/11/2005 22.55 22.29 22.55 22.50 0 141700.00 141700.00
23/11/2005 22.50 22.40 22.80 22.70 0 182700.00 182700.00
24/11/2005 22.95 22.95 24.00 23.60 0 135200.00 135200.00
25/11/2005 23.65 23.50 23.65 23.57 0 126200.00 126200.00
28/11/2005 24.00 24.00 24.50 24.00 0 70500.00 70500.00
29/11/2005 24.00 24.00 24.49 24.00 0 357700.00 357700.00
30/11/2005 23.70 23.20 23.70 23.30 0 364500.00 364500.00
01/12/2005 23.80 23.80 24.40 24.10 0 18900.00 18900.00
02/12/2005 24.40 24.40 24.68 24.68 0 159200.00 159200.00
05/12/2005 25.49 24.40 25.49 25.49 0 127300.00 127300.00
06/12/2005 26.43 25.50 26.50 26.43 0 153900.00 153900.00
07/12/2005 26.61 26.26 27.50 26.50 0 267500.00 267500.00
08/12/2005 25.80 25.50 26.96 25.80 0 116400.00 116400.00
09/12/2005 26.65 25.80 26.90 26.55 0 18100.00 18100.00
12/12/2005 26.35 25.90 26.60 26.35 0 89800.00 89800.00
13/12/2005 27.45 26.32 27.50 27.45 0 119700.00 119700.00
14/12/2005 28.50 27.40 28.96 28.50 0 133600.00 133600.00
15/12/2005 28.50 28.00 29.50 28.50 0 97800.00 97800.00
16/12/2005 29.00 28.01 29.10 29.00 0 92400.00 92400.00
19/12/2005 28.70 28.00 29.00 28.70 0 103400.00 103400.00
20/12/2005 29.98 28.99 29.98 29.98 0 109500.00 109500.00
21/12/2005 29.50 28.65 30.00 29.50 0 354100.00 354100.00
22/12/2005 29.50 29.40 29.70 29.70 0 31300.00 31300.00
23/12/2005 29.99 29.99 30.20 29.99 0 118800.00 118800.00
26/12/2005 29.99 29.20 29.99 29.99 0 3100.00 3100.00
27/12/2005 29.70 29.50 29.85 29.70 0 61300.00 61300.00
28/12/2005 29.00 28.01 29.02 29.00 0 113800.00 113800.00
29/12/2005 29.01 29.00 29.90 29.70 0 119100.00 119100.00
30/12/2005 29.70 29.70 29.70 29.70 0 0.00 0.00
02/01/2006 30.70 29.40 31.00 30.70 0 60500.00 60500.00
03/01/2006 32.00 30.35 32.50 32.00 0 362400.00 362400.00
04/01/2006 32.50 31.50 34.40 32.50 0 153800.00 153800.00
05/01/2006 32.50 32.00 32.80 32.50 0 163500.00 163500.00
06/01/2006 35.00 32.50 35.00 35.00 0 154900.00 154900.00
09/01/2006 35.49 34.98 36.50 35.00 0 133200.00 133200.00
10/01/2006 34.00 34.00 35.50 34.00 0 208300.00 208300.00
11/01/2006 34.15 33.99 35.97 35.97 0 191900.00 191900.00
12/01/2006 35.71 34.00 36.65 34.00 0 63800.00 63800.00
13/01/2006 33.99 32.05 34.90 34.90 0 100100.00 100100.00
16/01/2006 34.50 34.50 36.50 36.20 0 39100.00 39100.00
17/01/2006 36.00 33.50 36.00 35.20 0 80500.00 80500.00
18/01/2006 34.89 33.80 34.90 34.00 0 78700.00 78700.00
19/01/2006 35.25 34.90 36.50 36.25 0 84500.00 84500.00
20/01/2006 36.00 35.01 36.25 35.50 0 61100.00 61100.00
23/01/2006 35.45 34.80 35.50 35.39 0 18200.00 18200.00
24/01/2006 36.10 35.00 36.10 35.49 0 75000.00 75000.00
25/01/2006 35.49 35.49 35.49 35.49 0 0.00 0.00
26/01/2006 36.10 34.90 36.10 35.48 0 238500.00 238500.00
27/01/2006 35.00 35.00 36.01 35.85 0 191000.00 191000.00
30/01/2006 36.50 34.50 36.50 34.70 0 50700.00 50700.00
31/01/2006 35.00 33.51 35.00 35.00 0 97000.00 97000.00
01/02/2006 35.00 35.00 36.00 36.00 0 166100.00 166100.00
02/02/2006 36.00 35.00 36.00 35.50 0 71700.00 71700.00
03/02/2006 35.00 34.65 37.00 36.50 0 178200.00 178200.00
06/02/2006 36.50 35.56 36.50 36.45 0 27800.00 27800.00
07/02/2006 36.46 35.50 36.49 36.30 0 53800.00 53800.00
08/02/2006 36.30 36.00 37.50 37.00 0 63400.00 63400.00
09/02/2006 37.01 36.10 37.01 36.49 0 55500.00 55500.00
10/02/2006 36.70 35.50 36.70 36.30 0 25600.00 25600.00
13/02/2006 36.10 35.60 36.62 36.35 0 34300.00 34300.00
14/02/2006 37.00 36.00 39.70 37.97 0 106100.00 106100.00
15/02/2006 38.80 37.60 39.00 38.29 0 267700.00 267700.00
16/02/2006 38.34 37.00 39.60 38.00 0 241300.00 241300.00
17/02/2006 38.50 36.99 39.49 36.99 0 170300.00 170300.00
20/02/2006 37.00 36.50 37.00 36.50 0 13500.00 13500.00
21/02/2006 37.00 36.65 37.70 36.99 0 139700.00 139700.00
22/02/2006 37.70 37.49 38.30 38.29 0 108800.00 108800.00
23/02/2006 38.29 37.35 39.40 38.20 0 237500.00 237500.00
24/02/2006 38.20 38.20 39.50 38.50 0 213300.00 213300.00
27/02/2006 38.50 38.50 38.50 38.50 0 0.00 0.00
28/02/2006 38.50 38.50 38.50 38.50 0 0.00 0.00
01/03/2006 38.50 37.00 39.00 38.80 0 91900.00 91900.00
02/03/2006 39.00 38.00 39.50 38.90 0 188300.00 188300.00
03/03/2006 38.90 38.40 40.45 40.40 0 277700.00 277700.00
06/03/2006 40.50 39.01 40.70 40.70 0 80600.00 80600.00
07/03/2006 40.00 39.02 40.49 39.80 0 46600.00 46600.00
08/03/2006 40.49 38.01 40.49 38.90 0 88900.00 88900.00
09/03/2006 39.80 37.16 39.80 38.69 0 71300.00 71300.00
10/03/2006 39.00 38.20 39.25 38.86 0 58800.00 58800.00
13/03/2006 39.00 38.61 39.70 39.70 0 91000.00 91000.00
14/03/2006 39.60 39.11 41.00 40.97 0 265100.00 265100.00
15/03/2006 41.00 41.00 44.00 43.49 0 133600.00 133600.00
16/03/2006 44.50 42.51 44.50 44.00 0 205400.00 205400.00
17/03/2006 43.99 42.55 44.00 43.25 0 156100.00 156100.00
20/03/2006 43.90 42.61 43.99 43.65 0 12000.00 12000.00
21/03/2006 44.00 41.51 44.00 42.80 0 50600.00 50600.00
22/03/2006 42.79 42.00 43.10 43.00 0 116300.00 116300.00
23/03/2006 43.00 41.11 43.00 42.92 0 49700.00 49700.00
24/03/2006 43.00 42.07 43.00 43.00 0 43500.00 43500.00
27/03/2006 43.00 42.50 43.00 42.50 0 104600.00 104600.00
28/03/2006 41.50 40.00 41.99 40.00 0 233600.00 233600.00
29/03/2006 40.80 39.75 41.25 41.25 0 55700.00 55700.00
30/03/2006 41.23 40.50 42.00 41.99 0 80500.00 80500.00
31/03/2006 42.00 41.48 42.79 42.00 0 184900.00 184900.00
03/04/2006 42.80 42.00 43.99 42.25 0 73600.00 73600.00
04/04/2006 43.04 42.85 43.99 43.50 0 108800.00 108800.00
05/04/2006 43.35 43.00 45.89 45.51 0 230800.00 230800.00
06/04/2006 45.98 45.50 47.00 46.79 0 260500.00 260500.00
07/04/2006 47.00 45.10 47.20 45.10 0 205500.00 205500.00
10/04/2006 44.80 44.30 45.60 45.00 0 128400.00 128400.00
11/04/2006 45.00 43.50 45.50 43.50 0 149600.00 149600.00
12/04/2006 44.00 44.00 47.00 46.99 0 1696000.00 1696000.00
13/04/2006 45.51 44.55 46.40 45.80 0 920200.00 920200.00
14/04/2006 45.80 45.80 45.80 45.80 0 0.00 0.00
17/04/2006 45.80 45.50 46.71 46.15 0 863900.00 863900.00
18/04/2006 45.30 45.30 46.75 46.60 0 579300.00 579300.00
19/04/2006 46.00 46.00 47.50 47.50 0 452700.00 452700.00
20/04/2006 47.50 46.20 47.50 46.30 0 451500.00 451500.00
21/04/2006 46.30 46.30 46.30 46.30 0 0.00 0.00
24/04/2006 46.30 45.10 46.98 45.98 0 114300.00 114300.00
25/04/2006 45.60 44.60 46.00 45.00 0 285800.00 285800.00
26/04/2006 45.47 44.01 45.50 44.01 0 59500.00 59500.00
27/04/2006 44.00 42.80 44.01 43.50 0 111000.00 111000.00
28/04/2006 43.36 43.35 46.00 46.00 0 160500.00 160500.00
01/05/2006 46.00 46.00 46.00 46.00 0 0.00 0.00
02/05/2006 23.00 22.82 23.50 23.30 0 910600.00 910600.00
03/05/2006 23.20 23.10 23.80 23.80 0 360300.00 360300.00
04/05/2006 23.80 23.80 25.35 25.35 0 550600.00 550600.00
05/05/2006 25.50 25.00 26.30 25.50 0 958500.00 958500.00
08/05/2006 25.50 25.40 26.00 25.90 0 342900.00 342900.00
09/05/2006 25.70 24.12 25.71 25.35 0 479600.00 479600.00
10/05/2006 25.32 24.40 25.86 25.00 0 527000.00 527000.00
11/05/2006 25.30 23.49 25.43 23.49 0 723200.00 723200.00
12/05/2006 23.00 22.18 23.50 22.50 0 260500.00 260500.00
15/05/2006 22.50 21.90 23.00 21.99 0 323500.00 323500.00
16/05/2006 22.10 21.70 23.20 22.15 0 1290700.00 1290700.00
17/05/2006 22.41 20.57 22.41 21.90 0 410400.00 410400.00
18/05/2006 22.48 21.00 22.48 21.00 0 549000.00 549000.00
19/05/2006 21.90 21.00 22.00 21.20 0 481200.00 481200.00
22/05/2006 20.60 19.05 21.14 19.59 0 251300.00 251300.00
23/05/2006 20.00 18.30 20.00 18.50 0 499100.00 499100.00
24/05/2006 18.98 16.70 19.50 17.99 0 484300.00 484300.00
25/05/2006 18.49 17.90 20.00 19.50 0 568400.00 568400.00
26/05/2006 21.90 20.15 21.60 21.00 0 297900.00 297900.00
29/05/2006 21.40 20.35 21.40 20.70 0 143800.00 143800.00
30/05/2006 20.50 19.10 20.96 19.74 0 100200.00 100200.00
31/05/2006 20.00 19.00 20.10 19.30 0 356200.00 356200.00
01/06/2006 19.53 18.91 20.00 19.30 0 719200.00 719200.00
02/06/2006 19.50 19.40 20.00 20.00 0 1158200.00 1158200.00
05/06/2006 20.50 19.50 20.50 20.48 0 362000.00 362000.00
06/06/2006 20.49 19.10 20.49 20.25 0 135500.00 135500.00
07/06/2006 20.25 19.85 20.70 20.70 0 231100.00 231100.00
08/06/2006 20.49 19.12 20.49 19.99 0 567700.00 567700.00
09/06/2006 20.30 19.50 21.10 19.85 0 595800.00 595800.00
12/06/2006 19.75 17.50 20.30 18.48 0 412400.00 412400.00
13/06/2006 17.11 16.49 18.30 16.95 0 551200.00 551200.00
14/06/2006 17.39 15.12 18.00 16.00 0 927600.00 927600.00
15/06/2006 16.00 16.00 16.00 16.00 0 0.00 0.00
16/06/2006 17.00 15.48 17.00 16.21 0 1574000.00 1574000.00
19/06/2006 16.20 15.71 16.60 16.05 0 712300.00 712300.00
20/06/2006 17.00 15.85 16.97 16.45 0 744100.00 744100.00
21/06/2006 17.35 16.50 17.60 17.39 0 621700.00 621700.00
22/06/2006 18.00 17.01 17.99 17.76 0 212500.00 212500.00
23/06/2006 17.80 17.22 19.18 18.90 0 514600.00 514600.00
26/06/2006 19.00 18.05 19.00 18.09 0 138700.00 138700.00
27/06/2006 18.50 17.31 18.50 17.73 0 89100.00 89100.00
28/06/2006 17.80 17.40 18.10 18.10 0 162500.00 162500.00
29/06/2006 18.10 18.10 18.99 18.85 0 387400.00 387400.00
30/06/2006 19.00 18.71 19.65 19.49 0 633000.00 633000.00
03/07/2006 19.20 19.20 20.49 20.38 0 632400.00 632400.00
04/07/2006 20.50 20.02 21.20 21.20 0 219400.00 219400.00
05/07/2006 20.85 19.90 21.00 20.11 0 318000.00 318000.00
06/07/2006 20.22 20.05 20.90 20.29 0 282600.00 282600.00
07/07/2006 20.50 19.59 20.69 19.60 0 182100.00 182100.00
10/07/2006 20.02 19.20 20.28 19.60 0 129800.00 129800.00
11/07/2006 19.56 18.72 21.30 21.20 0 425500.00 425500.00
12/07/2006 21.00 19.99 21.00 19.99 0 224400.00 224400.00
13/07/2006 19.80 19.45 20.00 19.99 0 117400.00 117400.00
14/07/2006 20.00 19.30 20.15 19.92 0 174500.00 174500.00
17/07/2006 19.80 19.10 20.00 19.10 0 78500.00 78500.00
18/07/2006 19.49 19.10 19.95 19.39 0 73400.00 73400.00
19/07/2006 19.39 19.39 20.75 20.30 0 295200.00 295200.00
20/07/2006 20.51 19.70 21.00 20.82 0 283600.00 283600.00
21/07/2006 20.95 20.30 20.95 20.45 0 209200.00 209200.00
24/07/2006 20.46 20.46 20.99 20.85 0 148000.00 148000.00
25/07/2006 20.90 20.60 21.50 20.61 0 76000.00 76000.00
26/07/2006 20.97 20.52 21.15 20.85 0 83800.00 83800.00
27/07/2006 21.00 20.79 21.10 21.10 0 101500.00 101500.00
28/07/2006 21.00 21.00 21.79 21.75 0 116700.00 116700.00
31/07/2006 22.00 21.50 22.40 21.50 0 171900.00 171900.00
01/08/2006 21.41 20.71 21.41 20.99 0 127200.00 127200.00
02/08/2006 20.98 20.65 21.20 21.00 0 323800.00 323800.00
03/08/2006 20.99 20.70 21.15 21.15 0 585500.00 585500.00
04/08/2006 21.20 21.10 21.60 21.30 0 253700.00 253700.00
07/08/2006 21.20 20.90 21.56 20.90 0 131000.00 131000.00
08/08/2006 21.13 20.76 21.13 21.00 0 645600.00 645600.00
09/08/2006 21.39 20.90 21.40 21.10 0 626500.00 626500.00
10/08/2006 20.80 19.89 21.64 21.40 0 78000.00 78000.00
11/08/2006 21.80 21.12 22.29 21.70 0 121500.00 121500.00
14/08/2006 21.70 21.20 21.87 21.20 0 40200.00 40200.00
15/08/2006 21.63 21.19 21.73 21.73 0 520000.00 520000.00
16/08/2006 21.98 21.95 22.80 21.95 0 180600.00 180600.00
17/08/2006 22.30 21.50 22.35 21.61 0 89600.00 89600.00
18/08/2006 22.15 21.12 22.15 22.00 0 145000.00 145000.00
21/08/2006 21.32 21.30 21.80 21.60 0 42500.00 42500.00
22/08/2006 21.37 21.37 21.90 21.75 0 142800.00 142800.00
23/08/2006 21.75 21.30 21.75 21.36 0 331900.00 331900.00
24/08/2006 21.12 20.51 21.30 21.10 0 573100.00 573100.00
25/08/2006 21.10 21.10 21.90 21.50 0 124700.00 124700.00
28/08/2006 21.40 21.00 21.99 21.80 0 114300.00 114300.00
29/08/2006 21.80 21.30 22.00 21.99 0 76500.00 76500.00
30/08/2006 21.97 21.60 22.10 21.79 0 129000.00 129000.00
31/08/2006 21.85 21.35 22.15 21.50 0 308800.00 308800.00
01/09/2006 21.99 21.68 22.50 22.40 0 117800.00 117800.00
04/09/2006 22.50 22.50 23.09 22.88 0 80900.00 80900.00
05/09/2006 22.51 22.29 23.70 23.70 0 124900.00 124900.00
06/09/2006 23.50 23.00 23.59 23.00 0 142400.00 142400.00
07/09/2006 23.00 23.00 23.00 23.00 0 0.00 0.00
08/09/2006 23.00 22.39 23.19 22.90 0 146600.00 146600.00
11/09/2006 22.13 21.25 22.49 22.01 0 314900.00 314900.00
12/09/2006 22.21 22.05 22.50 22.35 0 183800.00 183800.00
13/09/2006 22.90 22.35 23.10 23.05 0 428900.00 428900.00
14/09/2006 22.90 22.90 23.20 22.97 0 116100.00 116100.00
15/09/2006 23.00 23.00 24.35 24.35 0 301400.00 301400.00
18/09/2006 24.00 23.99 25.00 25.00 0 162800.00 162800.00
19/09/2006 24.99 24.02 24.99 24.03 0 208200.00 208200.00
20/09/2006 24.49 22.99 24.50 23.11 0 533500.00 533500.00
21/09/2006 23.00 22.95 23.50 23.00 0 166600.00 166600.00
22/09/2006 23.00 22.85 23.15 23.00 0 327600.00 327600.00
25/09/2006 23.00 22.30 23.30 23.00 0 895200.00 895200.00
26/09/2006 23.60 23.00 24.75 24.75 0 257400.00 257400.00
27/09/2006 24.60 24.33 25.20 25.00 0 218900.00 218900.00
28/09/2006 24.84 24.40 24.99 24.98 0 124300.00 124300.00
29/09/2006 24.80 24.02 24.97 24.75 0 254400.00 254400.00
02/10/2006 24.75 24.40 25.29 24.75 0 426900.00 426900.00
03/10/2006 24.75 24.60 24.94 24.89 0 668700.00 668700.00
04/10/2006 24.89 24.70 25.55 25.50 0 530300.00 530300.00
05/10/2006 25.50 24.74 25.50 24.74 0 227600.00 227600.00
06/10/2006 24.70 23.80 24.70 24.39 0 395600.00 395600.00
09/10/2006 24.50 24.25 24.89 24.59 0 400.00 400.00
10/10/2006 24.74 24.56 24.89 24.85 0 91900.00 91900.00
11/10/2006 24.12 24.03 24.79 24.30 0 179500.00 179500.00
12/10/2006 24.30 24.30 24.30 24.30 0 0.00 0.00
13/10/2006 24.40 24.04 24.84 24.39 0 271800.00 271800.00
16/10/2006 24.10 23.41 24.33 24.33 0 583200.00 583200.00
17/10/2006 24.00 23.59 24.20 24.00 0 600000.00 600000.00
18/10/2006 24.01 23.80 24.60 24.11 0 1234300.00 1234300.00
19/10/2006 24.10 24.00 24.80 24.80 0 492300.00 492300.00
20/10/2006 24.70 24.70 26.00 25.90 0 786200.00 786200.00
23/10/2006 25.94 25.60 26.30 26.15 0 368900.00 368900.00
24/10/2006 25.99 25.80 26.29 25.99 0 281200.00 281200.00
25/10/2006 25.97 25.02 25.97 25.90 0 167600.00 167600.00
26/10/2006 25.91 25.50 25.97 25.50 0 134500.00 134500.00
27/10/2006 25.31 25.00 25.76 25.40 0 124700.00 124700.00
30/10/2006 25.20 25.00 25.50 25.50 0 150000.00 150000.00
31/10/2006 25.75 25.66 26.10 25.75 0 712300.00 712300.00
01/11/2006 26.25 25.60 26.25 25.90 0 230200.00 230200.00
02/11/2006 25.90 25.90 25.90 25.90 0 0.00 0.00
03/11/2006 26.05 25.70 26.55 26.01 0 284600.00 284600.00
06/11/2006 26.40 25.83 27.00 26.80 0 724000.00 724000.00
07/11/2006 26.60 26.20 27.10 26.79 0 595200.00 595200.00
08/11/2006 26.74 26.10 27.19 27.00 0 250700.00 250700.00
09/11/2006 27.11 26.30 27.29 27.09 0 683000.00 683000.00
10/11/2006 27.00 27.00 28.10 28.00 0 978400.00 978400.00
13/11/2006 27.80 27.41 27.99 27.75 0 635700.00 635700.00
14/11/2006 28.00 27.70 28.38 28.10 0 548300.00 548300.00
15/11/2006 28.10 28.10 28.10 28.10 0 0.00 0.00
16/11/2006 28.38 27.57 28.50 28.12 0 317800.00 317800.00
17/11/2006 28.20 27.90 29.01 28.00 0 388100.00 388100.00
20/11/2006 28.00 28.00 28.00 28.00 0 0.00 0.00
21/11/2006 27.95 27.95 29.51 29.00 0 390700.00 390700.00
22/11/2006 29.10 29.00 30.15 29.65 0 458100.00 458100.00
23/11/2006 29.99 29.30 31.00 29.70 0 249700.00 249700.00
24/11/2006 29.70 29.50 30.13 29.70 0 273100.00 273100.00
27/11/2006 29.70 29.10 29.89 29.68 0 107300.00 107300.00
28/11/2006 29.69 28.30 30.04 30.04 0 267300.00 267300.00
29/11/2006 29.90 29.20 30.09 29.63 0 241100.00 241100.00
30/11/2006 29.63 28.98 29.78 29.15 0 198200.00 198200.00
01/12/2006 29.16 28.31 29.50 28.70 0 319200.00 319200.00
04/12/2006 28.80 28.52 29.87 29.87 0 538500.00 538500.00
05/12/2006 29.79 29.71 30.14 29.95 0 353800.00 353800.00
06/12/2006 30.00 29.10 30.18 29.29 0 330300.00 330300.00
07/12/2006 30.00 29.05 30.20 30.20 0 613800.00 613800.00
08/12/2006 30.35 30.30 31.30 31.29 0 527500.00 527500.00
11/12/2006 31.40 31.05 32.19 31.60 0 584100.00 584100.00
12/12/2006 31.60 31.20 32.28 31.90 0 111600.00 111600.00
13/12/2006 32.00 31.01 32.45 31.95 0 221900.00 221900.00
14/12/2006 32.19 30.85 32.19 30.85 0 511300.00 511300.00
15/12/2006 31.49 31.00 31.90 31.84 0 184000.00 184000.00
18/12/2006 32.10 31.12 32.17 31.75 0 331900.00 331900.00
19/12/2006 31.75 30.65 31.94 31.94 0 297900.00 297900.00
20/12/2006 31.93 31.51 32.64 32.40 0 763000.00 763000.00
21/12/2006 32.40 32.15 32.90 32.90 0 351200.00 351200.00
22/12/2006 32.50 32.30 33.70 33.50 0 173600.00 173600.00
25/12/2006 33.50 33.50 33.50 33.50 0 0.00 0.00
26/12/2006 33.10 32.70 33.89 33.28 0 107100.00 107100.00
27/12/2006 33.50 32.99 33.50 33.15 0 189100.00 189100.00
28/12/2006 33.40 33.00 33.50 33.20 0 163600.00 163600.00
29/12/2006 33.20 33.20 33.20 33.20 0 0.00 0.00
01/01/2007 33.20 33.20 33.20 33.20 0 0.00 0.00
02/01/2007 33.30 32.90 34.00 34.00 0 209200.00 209200.00
03/01/2007 33.50 33.10 34.64 33.50 0 392900.00 392900.00
04/01/2007 33.50 32.53 34.00 34.00 0 433000.00 433000.00
05/01/2007 33.31 32.00 34.50 32.80 0 412600.00 412600.00
08/01/2007 32.81 32.80 34.30 34.19 0 403700.00 403700.00
09/01/2007 34.10 33.00 34.46 33.69 0 218100.00 218100.00
10/01/2007 33.00 32.00 34.20 34.20 0 365000.00 365000.00
11/01/2007 34.30 34.00 35.39 35.39 0 212000.00 212000.00
12/01/2007 35.00 34.50 35.70 35.20 0 672900.00 672900.00
15/01/2007 35.35 34.50 35.45 35.19 0 148800.00 148800.00
16/01/2007 35.00 34.65 36.80 36.00 0 474000.00 474000.00
17/01/2007 36.00 35.75 38.40 37.80 0 1524100.00 1524100.00
18/01/2007 37.81 36.12 38.89 37.00 0 479100.00 479100.00
19/01/2007 37.50 37.03 38.00 37.50 0 374700.00 374700.00
22/01/2007 37.55 37.15 38.29 37.75 0 271200.00 271200.00
23/01/2007 37.90 37.66 39.90 38.90 0 675700.00 675700.00
24/01/2007 39.01 38.71 39.61 39.50 0 1094900.00 1094900.00
25/01/2007 39.50 39.50 39.50 39.50 0 0.00 0.00
26/01/2007 40.30 39.31 40.45 40.30 0 593000.00 593000.00
29/01/2007 40.40 39.50 41.00 40.30 0 296100.00 296100.00
30/01/2007 40.50 39.91 40.99 40.00 0 524100.00 524100.00
31/01/2007 40.64 39.71 42.40 40.50 0 916300.00 916300.00
01/02/2007 41.21 40.52 42.88 41.98 0 1223600.00 1223600.00
02/02/2007 41.98 41.80 43.79 43.79 0 634000.00 634000.00
05/02/2007 43.22 43.22 46.50 45.00 0 637600.00 637600.00
06/02/2007 45.14 43.60 46.10 43.60 0 820500.00 820500.00
07/02/2007 43.80 41.63 44.25 42.65 0 511200.00 511200.00
08/02/2007 42.71 41.81 43.45 42.90 0 475500.00 475500.00
09/02/2007 43.50 42.80 44.75 43.75 0 942500.00 942500.00
12/02/2007 44.00 43.06 44.80 43.85 0 329800.00 329800.00
13/02/2007 43.85 43.22 44.54 43.90 0 481300.00 481300.00
14/02/2007 44.20 42.10 44.99 42.70 0 604600.00 604600.00
15/02/2007 42.69 40.70 42.69 41.80 0 1542200.00 1542200.00
16/02/2007 41.90 40.60 42.10 41.00 0 407100.00 407100.00
19/02/2007 41.00 41.00 41.00 41.00 0 0.00 0.00
20/02/2007 41.00 41.00 41.00 41.00 0 0.00 0.00
21/02/2007 40.85 39.30 40.85 39.55 0 538800.00 538800.00
22/02/2007 39.80 39.80 41.00 40.50 0 586200.00 586200.00
23/02/2007 40.90 40.01 41.00 40.40 0 235400.00 235400.00
26/02/2007 40.60 39.52 41.80 39.90 0 333100.00 333100.00
27/02/2007 38.50 38.02 39.00 39.00 0 1035600.00 1035600.00
28/02/2007 39.10 38.20 39.70 39.40 0 557800.00 557800.00
01/03/2007 38.61 38.00 39.99 39.99 0 1214000.00 1214000.00
02/03/2007 39.51 38.89 40.49 39.90 0 439400.00 439400.00
05/03/2007 38.30 37.40 38.90 37.88 0 886100.00 886100.00
06/03/2007 38.75 38.50 39.80 39.10 0 668200.00 668200.00
07/03/2007 39.52 38.02 39.75 38.50 0 482700.00 482700.00
08/03/2007 39.11 39.11 40.90 40.87 0 604400.00 604400.00
09/03/2007 41.50 41.00 42.85 42.50 0 442200.00 442200.00
12/03/2007 42.90 41.30 42.90 41.70 0 547400.00 547400.00
13/03/2007 41.50 40.07 41.94 40.90 0 605900.00 605900.00
14/03/2007 40.40 40.40 42.00 42.00 0 713400.00 713400.00
15/03/2007 42.00 41.30 42.50 42.18 0 205200.00 205200.00
16/03/2007 42.20 41.00 42.80 41.40 0 343100.00 343100.00
19/03/2007 41.90 41.02 42.27 41.62 0 353700.00 353700.00
20/03/2007 42.19 40.85 42.19 41.90 0 380700.00 380700.00
21/03/2007 42.22 41.55 43.67 42.60 0 472200.00 472200.00
22/03/2007 43.49 41.31 43.49 42.50 0 340900.00 340900.00
23/03/2007 42.89 41.50 42.89 42.45 0 210700.00 210700.00
26/03/2007 42.70 41.80 42.90 42.40 0 147300.00 147300.00
27/03/2007 42.35 38.96 42.35 41.20 0 319400.00 319400.00
28/03/2007 41.00 39.20 41.00 39.75 0 467600.00 467600.00
29/03/2007 40.21 40.10 40.90 40.90 0 422800.00 422800.00
30/03/2007 41.00 40.01 41.00 40.65 0 563500.00 563500.00
02/04/2007 40.68 40.67 41.99 41.99 0 624700.00 624700.00
03/04/2007 42.19 41.80 43.85 43.85 0 730500.00 730500.00
04/04/2007 43.20 42.80 44.98 44.98 0 667700.00 667700.00
05/04/2007 44.99 43.75 45.11 44.50 0 281600.00 281600.00
06/04/2007 44.50 44.50 44.50 44.50 0 0.00 0.00
09/04/2007 44.77 43.10 44.77 44.00 0 321600.00 321600.00
10/04/2007 44.00 43.01 44.10 44.00 0 404500.00 404500.00
11/04/2007 44.01 42.60 44.50 43.20 0 375200.00 375200.00
12/04/2007 43.99 42.00 43.99 42.55 0 327000.00 327000.00
13/04/2007 43.00 42.43 43.15 42.90 0 271200.00 271200.00
16/04/2007 43.05 43.05 44.30 44.30 0 249200.00 249200.00
17/04/2007 43.26 43.26 44.30 43.50 0 323400.00 323400.00
18/04/2007 43.00 42.51 43.36 42.75 0 335200.00 335200.00
19/04/2007 42.41 42.25 44.79 44.30 0 636900.00 636900.00
20/04/2007 44.66 44.61 45.50 45.00 0 1007900.00 1007900.00
23/04/2007 45.00 43.80 45.00 43.80 0 378900.00 378900.00
24/04/2007 43.50 43.00 44.00 43.80 0 652100.00 652100.00
25/04/2007 43.99 43.99 44.97 44.70 0 810700.00 810700.00
26/04/2007 44.80 44.10 45.00 44.40 0 1021500.00 1021500.00
27/04/2007 43.18 43.18 45.99 45.30 0 1493700.00 1493700.00
30/04/2007 46.00 45.01 46.50 45.01 0 188800.00 188800.00
01/05/2007 45.01 45.01 45.01 45.01 0 0.00 0.00
02/05/2007 45.20 45.00 45.70 45.50 0 910400.00 910400.00
03/05/2007 45.98 45.24 45.98 45.50 0 374400.00 374400.00
04/05/2007 45.98 45.50 46.19 45.85 0 898800.00 898800.00
07/05/2007 45.83 45.33 46.19 45.89 0 285600.00 285600.00
08/05/2007 45.80 44.51 45.98 45.98 0 277800.00 277800.00
09/05/2007 45.90 45.86 46.90 46.70 0 450300.00 450300.00
10/05/2007 46.90 45.01 47.40 45.50 0 591200.00 591200.00
11/05/2007 45.12 45.12 46.60 46.45 0 355500.00 355500.00
14/05/2007 46.30 45.60 46.48 46.48 0 184000.00 184000.00
15/05/2007 45.85 45.85 47.71 47.30 0 569100.00 569100.00
16/05/2007 47.70 47.50 48.48 48.00 0 636300.00 636300.00
17/05/2007 48.10 48.10 49.99 49.80 0 872500.00 872500.00
18/05/2007 49.99 49.50 51.00 50.00 0 982500.00 982500.00
21/05/2007 50.20 49.51 50.89 50.20 0 485400.00 485400.00
22/05/2007 50.20 49.17 50.20 49.40 0 413900.00 413900.00
23/05/2007 49.52 49.31 50.55 49.95 0 604100.00 604100.00
24/05/2007 49.90 48.30 49.90 49.00 0 383200.00 383200.00
25/05/2007 49.25 48.71 51.00 50.90 0 343700.00 343700.00
28/05/2007 51.19 50.15 51.20 50.50 0 209600.00 209600.00
29/05/2007 50.70 50.00 51.00 51.00 0 448300.00 448300.00
30/05/2007 49.73 49.73 53.79 53.79 0 257900.00 257900.00
31/05/2007 53.75 52.76 54.84 54.84 0 549700.00 549700.00
01/06/2007 54.40 54.29 56.49 54.50 0 445300.00 445300.00
04/06/2007 54.30 53.60 57.97 56.10 0 349200.00 349200.00
05/06/2007 56.10 55.50 57.00 56.00 0 689400.00 689400.00
06/06/2007 54.40 53.51 56.10 54.90 0 715400.00 715400.00
07/06/2007 54.90 54.90 54.90 54.90 0 0.00 0.00
08/06/2007 53.50 53.10 54.55 53.80 0 541200.00 541200.00
11/06/2007 54.00 53.50 54.80 54.25 0 434400.00 434400.00
12/06/2007 53.90 52.22 54.00 52.66 0 409700.00 409700.00
13/06/2007 52.75 51.71 56.02 54.50 0 594400.00 594400.00
14/06/2007 54.20 54.20 56.30 55.30 0 702000.00 702000.00
15/06/2007 55.51 55.51 56.80 56.20 0 400000.00 400000.00
18/06/2007 56.60 55.30 57.50 57.50 0 490100.00 490100.00
19/06/2007 56.90 56.14 57.30 56.66 0 503300.00 503300.00
20/06/2007 57.00 55.30 57.50 56.50 0 407900.00 407900.00
21/06/2007 56.50 55.50 57.20 57.20 0 415100.00 415100.00
22/06/2007 56.71 56.00 57.75 57.70 0 316200.00 316200.00
25/06/2007 57.70 56.21 57.75 57.39 0 409000.00 409000.00
26/06/2007 57.80 55.70 57.80 55.70 0 544700.00 544700.00
27/06/2007 55.70 53.91 56.30 55.95 0 644300.00 644300.00
28/06/2007 55.51 55.10 56.46 56.00 0 515800.00 515800.00
29/06/2007 56.00 54.85 56.14 55.50 0 452400.00 452400.00
02/07/2007 56.00 55.03 56.00 55.40 0 516300.00 516300.00
03/07/2007 56.00 54.29 56.98 55.10 0 391700.00 391700.00
04/07/2007 55.22 54.88 55.99 55.90 0 328500.00 328500.00
05/07/2007 55.61 55.40 57.70 57.39 0 444700.00 444700.00
06/07/2007 58.80 58.80 59.00 58.80 0 501100.00 501100.00
09/07/2007 58.80 58.80 58.80 58.80 0 0.00 0.00
10/07/2007 59.01 58.40 59.09 58.90 0 323600.00 323600.00
11/07/2007 59.09 58.30 59.90 58.90 0 373300.00 373300.00
12/07/2007 59.80 58.37 60.77 58.70 0 493900.00 493900.00
13/07/2007 58.60 57.30 58.85 57.30 0 355800.00 355800.00
16/07/2007 57.20 55.11 57.80 55.75 0 464300.00 464300.00
17/07/2007 55.95 55.70 56.94 55.90 0 400400.00 400400.00
18/07/2007 55.90 54.60 56.98 56.89 0 320100.00 320100.00
19/07/2007 57.01 57.01 59.49 59.49 0 303400.00 303400.00
20/07/2007 59.80 57.63 59.98 58.74 0 350400.00 350400.00
23/07/2007 57.60 57.60 59.50 59.00 0 659800.00 659800.00
24/07/2007 58.50 55.31 59.50 56.60 0 404700.00 404700.00
25/07/2007 57.64 54.80 57.64 57.05 0 493500.00 493500.00
26/07/2007 55.80 53.11 56.25 54.61 0 607400.00 607400.00
27/07/2007 53.50 52.80 55.79 53.79 0 273600.00 273600.00
30/07/2007 53.79 53.79 55.83 55.00 0 295000.00 295000.00
31/07/2007 55.51 55.12 57.79 55.30 0 702200.00 702200.00
01/08/2007 55.00 54.50 57.30 55.50 0 725000.00 725000.00
02/08/2007 56.70 53.62 56.90 54.85 0 653300.00 653300.00
03/08/2007 55.25 52.50 55.26 53.40 0 391100.00 391100.00
06/08/2007 52.60 51.01 53.99 53.00 0 496700.00 496700.00
07/08/2007 53.20 52.60 55.29 55.29 0 396300.00 396300.00
08/08/2007 55.55 55.06 57.00 55.80 0 468300.00 468300.00
09/08/2007 54.70 53.09 55.50 55.50 0 306700.00 306700.00
10/08/2007 53.00 52.57 54.20 53.30 0 515300.00 515300.00
13/08/2007 54.03 52.40 54.48 52.40 0 360100.00 360100.00
14/08/2007 52.50 49.50 53.00 51.00 0 779200.00 779200.00
15/08/2007 48.90 47.30 49.90 48.50 0 547000.00 547000.00
16/08/2007 46.17 42.31 48.00 48.00 0 676600.00 676600.00
17/08/2007 50.50 45.03 51.15 48.00 0 1067300.00 1067300.00
20/08/2007 48.90 47.40 49.00 47.75 0 505800.00 505800.00
21/08/2007 48.00 47.20 48.79 47.50 0 559200.00 559200.00
22/08/2007 48.70 47.60 49.79 47.99 0 808800.00 808800.00
23/08/2007 48.51 47.30 48.60 47.30 0 668400.00 668400.00
24/08/2007 47.10 46.03 48.99 48.90 0 669800.00 669800.00
27/08/2007 48.90 47.83 49.93 48.90 0 252000.00 252000.00
28/08/2007 47.84 46.90 48.50 47.90 0 460800.00 460800.00
29/08/2007 47.81 47.53 48.83 48.65 0 414300.00 414300.00
30/08/2007 48.59 47.00 48.80 47.29 0 806900.00 806900.00
31/08/2007 48.25 47.10 48.77 48.60 0 1565500.00 1565500.00
03/09/2007 48.96 48.30 50.85 50.30 0 376400.00 376400.00
04/09/2007 50.50 50.45 51.80 51.69 0 495000.00 495000.00
05/09/2007 51.10 49.91 51.50 50.50 0 384300.00 384300.00
06/09/2007 51.59 50.00 51.59 50.10 0 504100.00 504100.00
07/09/2007 50.10 50.10 50.10 50.10 0 0.00 0.00
10/09/2007 49.00 47.40 49.40 47.50 0 544500.00 544500.00
11/09/2007 48.21 47.80 50.87 50.87 0 797700.00 797700.00
12/09/2007 49.90 49.45 51.50 50.50 0 467700.00 467700.00
13/09/2007 50.50 49.52 51.04 50.00 0 389700.00 389700.00
14/09/2007 49.32 49.21 51.30 51.20 0 452700.00 452700.00
17/09/2007 51.19 49.41 51.40 50.26 0 371700.00 371700.00
18/09/2007 50.41 50.30 52.51 52.20 0 424700.00 424700.00
19/09/2007 52.51 52.30 54.10 52.95 0 495600.00 495600.00
20/09/2007 52.50 50.05 53.97 50.45 0 577200.00 577200.00
21/09/2007 51.20 50.74 52.00 52.00 0 452700.00 452700.00
24/09/2007 52.75 51.40 52.75 51.59 0 328600.00 328600.00
25/09/2007 51.49 51.00 51.79 51.50 0 306000.00 306000.00
26/09/2007 51.76 51.60 52.96 52.00 0 510200.00 510200.00
27/09/2007 52.49 52.20 53.40 53.20 0 669800.00 669800.00
28/09/2007 53.00 51.81 54.95 54.70 0 777500.00 777500.00
01/10/2007 54.85 54.77 57.50 56.64 0 690400.00 690400.00
02/10/2007 57.24 55.10 57.70 57.70 0 878200.00 878200.00
03/10/2007 57.00 55.90 57.85 57.80 0 485600.00 485600.00
04/10/2007 58.00 57.41 60.50 59.00 0 762000.00 762000.00
05/10/2007 59.90 58.52 60.00 59.79 0 582600.00 582600.00
08/10/2007 59.49 57.13 60.99 57.81 0 718500.00 718500.00
09/10/2007 58.49 54.02 58.50 54.99 0 1308900.00 1308900.00
10/10/2007 55.01 51.60 55.38 52.99 0 1472600.00 1472600.00
11/10/2007 53.77 50.50 53.90 51.10 0 575500.00 575500.00
12/10/2007 51.10 51.10 51.10 51.10 0 0.00 0.00
15/10/2007 52.35 51.11 52.77 52.48 0 646900.00 646900.00
16/10/2007 52.00 51.17 53.49 52.85 0 463200.00 463200.00
17/10/2007 53.10 52.21 53.75 53.75 0 479600.00 479600.00
18/10/2007 53.17 52.04 54.96 54.75 0 489500.00 489500.00
19/10/2007 55.01 52.50 55.22 52.50 0 414400.00 414400.00
22/10/2007 52.00 51.00 52.50 52.00 0 327000.00 327000.00
23/10/2007 52.70 52.30 53.50 52.95 0 845600.00 845600.00
24/10/2007 52.40 51.51 55.50 55.30 0 586000.00 586000.00
25/10/2007 54.83 54.00 55.50 55.00 0 501300.00 501300.00
26/10/2007 55.30 55.10 56.65 56.65 0 563400.00 563400.00
29/10/2007 56.75 55.31 57.50 56.50 0 353600.00 353600.00
30/10/2007 55.32 55.32 57.40 56.65 0 207900.00 207900.00
31/10/2007 57.00 56.50 58.50 58.50 0 539400.00 539400.00
01/11/2007 56.69 56.15 57.31 57.00 0 721200.00 721200.00
02/11/2007 57.00 57.00 57.00 57.00 0 0.00 0.00
05/11/2007 56.75 56.30 59.01 58.75 0 455500.00 455500.00
06/11/2007 58.49 54.31 58.49 55.00 0 1217200.00 1217200.00
07/11/2007 55.20 52.20 55.20 52.50 0 1074800.00 1074800.00
08/11/2007 53.00 50.00 53.79 50.40 0 862600.00 862600.00
09/11/2007 51.31 47.38 52.80 52.65 0 1025000.00 1025000.00
12/11/2007 51.49 49.00 52.10 49.00 0 481500.00 481500.00
13/11/2007 49.80 47.80 49.80 48.01 0 842000.00 842000.00
14/11/2007 49.00 48.00 49.40 48.62 0 707800.00 707800.00
15/11/2007 48.62 48.62 48.62 48.62 0 0.00 0.00
16/11/2007 49.19 48.09 50.20 48.09 0 663800.00 663800.00
19/11/2007 48.38 46.59 49.00 46.59 0 398800.00 398800.00
20/11/2007 46.59 46.59 46.59 46.59 0 0.00 0.00
21/11/2007 45.90 43.17 45.90 43.85 0 924000.00 924000.00
22/11/2007 44.50 43.62 44.98 44.40 0 815800.00 815800.00
23/11/2007 45.20 44.45 45.20 44.60 0 491500.00 491500.00
26/11/2007 45.01 42.04 45.01 42.50 0 1005800.00 1005800.00
27/11/2007 41.70 41.15 44.00 44.00 0 1056800.00 1056800.00
28/11/2007 44.00 43.10 46.20 45.70 0 616500.00 616500.00
29/11/2007 45.67 44.31 46.40 44.65 0 406900.00 406900.00
30/11/2007 45.98 44.70 46.90 44.70 0 730800.00 730800.00
03/12/2007 45.45 44.00 45.80 44.00 0 548900.00 548900.00
04/12/2007 43.99 42.70 44.90 44.30 0 387100.00 387100.00
05/12/2007 45.40 44.85 45.80 45.50 0 736400.00 736400.00
06/12/2007 45.84 45.70 46.51 46.29 0 775600.00 775600.00
07/12/2007 46.30 45.52 46.80 46.20 0 1421400.00 1421400.00
10/12/2007 46.60 46.60 47.99 47.48 0 669400.00 669400.00
11/12/2007 47.85 44.80 49.00 46.50 0 782800.00 782800.00
12/12/2007 47.10 46.00 48.10 46.00 0 567100.00 567100.00
13/12/2007 45.00 43.00 45.20 43.00 0 741800.00 741800.00
14/12/2007 43.64 43.00 44.55 44.13 0 685100.00 685100.00
17/12/2007 43.40 41.20 43.50 42.01 0 470700.00 470700.00
18/12/2007 42.71 40.30 43.30 41.21 0 667900.00 667900.00
19/12/2007 41.51 41.37 42.95 41.60 0 426700.00 426700.00
20/12/2007 42.00 40.59 42.59 42.50 0 440500.00 440500.00
21/12/2007 43.01 42.76 43.90 43.90 0 346400.00 346400.00
24/12/2007 43.90 43.90 43.90 43.90 0 0.00 0.00
25/12/2007 43.90 43.90 43.90 43.90 0 0.00 0.00
26/12/2007 44.00 43.16 44.99 44.35 0 416500.00 416500.00
27/12/2007 44.51 43.50 44.60 44.00 0 434200.00 434200.00
28/12/2007 43.89 43.10 44.39 43.50 0 731500.00 731500.00
31/12/2007 43.50 43.50 43.50 43.50 0 0.00 0.00
01/01/2008 43.50 43.50 43.50 43.50 0 0.00 0.00
02/01/2008 43.50 41.77 43.50 41.90 0 390100.00 390100.00
03/01/2008 41.91 40.70 42.63 41.05 0 512200.00 512200.00
04/01/2008 41.37 38.71 41.38 39.70 0 856700.00 856700.00
07/01/2008 40.01 39.02 41.00 40.30 0 425500.00 425500.00
08/01/2008 40.61 40.60 41.55 41.10 0 291500.00 291500.00
09/01/2008 40.30 39.10 40.60 39.60 0 888200.00 888200.00
10/01/2008 39.66 39.12 40.05 40.05 0 751600.00 751600.00
11/01/2008 39.49 38.39 39.69 38.39 0 477600.00 477600.00
14/01/2008 38.61 36.88 38.79 37.30 0 592500.00 592500.00
15/01/2008 37.00 35.66 37.00 35.66 0 738900.00 738900.00
16/01/2008 35.20 34.20 35.59 34.65 0 917600.00 917600.00
17/01/2008 34.71 33.00 35.99 33.15 0 939000.00 939000.00
18/01/2008 34.20 32.02 34.27 32.70 0 858000.00 858000.00
21/01/2008 30.50 30.00 31.80 31.40 0 1502300.00 1502300.00
22/01/2008 31.01 31.01 34.00 34.00 0 964300.00 964300.00
23/01/2008 32.47 31.80 32.85 32.57 0 769700.00 769700.00
24/01/2008 33.70 33.07 35.00 34.95 0 626900.00 626900.00
25/01/2008 34.95 34.95 34.95 34.95 0 0.00 0.00
28/01/2008 33.88 32.60 34.69 34.30 0 943400.00 943400.00
29/01/2008 34.61 34.00 36.80 36.50 0 801600.00 801600.00
30/01/2008 35.80 35.51 36.84 36.60 0 893200.00 893200.00
31/01/2008 36.00 34.20 36.50 36.40 0 807700.00 807700.00
01/02/2008 36.79 35.48 37.00 35.71 0 1065300.00 1065300.00
04/02/2008 35.71 35.71 35.71 35.71 0 0.00 0.00
05/02/2008 35.71 35.71 35.71 35.71 0 0.00 0.00
06/02/2008 34.64 33.00 34.64 33.25 0 836800.00 836800.00
07/02/2008 33.02 31.81 33.27 31.81 0 973000.00 973000.00
08/02/2008 32.21 31.55 32.97 32.49 0 878400.00 878400.00
11/02/2008 32.80 32.76 34.52 34.52 0 1241200.00 1241200.00
12/02/2008 35.00 34.58 37.50 37.00 0 1430700.00 1430700.00
13/02/2008 37.50 37.19 38.99 38.41 0 1191200.00 1191200.00
14/02/2008 39.00 37.02 39.37 37.41 0 796800.00 796800.00
15/02/2008 37.00 35.50 37.50 37.50 0 1209500.00 1209500.00
18/02/2008 38.49 37.91 38.79 38.70 0 343300.00 343300.00
19/02/2008 37.90 36.80 38.20 36.82 0 668400.00 668400.00
20/02/2008 36.40 35.15 36.40 35.99 0 822200.00 822200.00
21/02/2008 36.52 36.23 37.90 37.69 0 776000.00 776000.00
22/02/2008 37.52 36.42 38.30 37.20 0 613100.00 613100.00
25/02/2008 37.50 35.60 37.79 35.76 0 1421700.00 1421700.00
26/02/2008 35.77 34.33 35.77 34.99 0 1332300.00 1332300.00
27/02/2008 34.82 33.00 35.40 33.30 0 1654300.00 1654300.00
28/02/2008 33.60 33.35 34.70 34.20 0 2451300.00 2451300.00
29/02/2008 34.17 33.71 34.87 34.50 0 982700.00 982700.00
03/03/2008 34.69 34.37 36.15 36.08 0 849200.00 849200.00
04/03/2008 36.11 35.55 37.20 36.11 0 934900.00 934900.00
05/03/2008 36.45 35.95 36.85 36.40 0 969900.00 969900.00
06/03/2008 36.21 34.71 36.40 35.10 0 1184700.00 1184700.00
07/03/2008 34.59 33.60 34.75 34.00 0 921000.00 921000.00
10/03/2008 34.20 33.33 34.49 33.75 0 726600.00 726600.00
11/03/2008 34.50 33.50 34.89 34.49 0 677900.00 677900.00
12/03/2008 34.55 34.30 35.10 34.50 0 426300.00 426300.00
13/03/2008 33.60 33.02 34.47 34.25 0 469700.00 469700.00
14/03/2008 34.31 33.22 34.92 34.00 0 507100.00 507100.00
17/03/2008 34.00 34.00 34.00 34.00 0 0.00 0.00
18/03/2008 33.05 33.00 34.34 34.34 0 417500.00 417500.00
19/03/2008 34.30 32.11 34.69 32.28 0 402100.00 402100.00
20/03/2008 32.49 30.70 32.49 32.20 0 698000.00 698000.00
21/03/2008 32.20 32.20 32.20 32.20 0 0.00 0.00
24/03/2008 32.54 31.70 33.27 31.90 0 532200.00 532200.00
25/03/2008 32.06 31.73 33.79 32.29 0 660200.00 660200.00
26/03/2008 32.86 31.71 33.00 33.00 0 761700.00 761700.00
27/03/2008 33.01 32.53 33.65 33.49 0 622700.00 622700.00
28/03/2008 33.50 33.31 33.99 33.89 0 425900.00 425900.00
31/03/2008 33.68 33.11 34.14 33.58 0 449600.00 449600.00
01/04/2008 33.60 33.51 35.20 35.01 0 743100.00 743100.00
02/04/2008 34.99 33.83 35.22 33.85 0 561400.00 561400.00
03/04/2008 34.10 33.70 34.48 34.10 0 631600.00 631600.00
04/04/2008 34.39 33.50 34.40 33.90 0 525800.00 525800.00
07/04/2008 34.00 33.00 34.29 33.00 0 598800.00 598800.00
08/04/2008 33.08 32.52 33.67 32.80 0 506700.00 506700.00
09/04/2008 32.80 32.25 33.00 32.30 0 254500.00 254500.00
10/04/2008 32.67 31.30 32.69 31.30 0 737300.00 737300.00
11/04/2008 31.57 30.50 31.57 30.98 0 782400.00 782400.00
14/04/2008 30.78 29.76 30.87 29.98 0 494200.00 494200.00
15/04/2008 30.50 30.04 30.59 30.11 0 401400.00 401400.00
16/04/2008 30.42 29.85 31.10 31.10 0 887700.00 887700.00
17/04/2008 31.19 30.30 31.46 30.98 0 818200.00 818200.00
18/04/2008 31.40 30.85 32.00 31.60 0 646700.00 646700.00
22/04/2008 31.80 31.30 31.89 31.34 0 277300.00 277300.00
23/04/2008 31.80 30.67 32.38 30.67 0 579000.00 579000.00
24/04/2008 30.66 30.40 31.95 31.85 0 533300.00 533300.00
25/04/2008 31.97 31.43 32.34 32.34 0 413300.00 413300.00
28/04/2008 32.30 31.70 32.40 32.27 0 369300.00 369300.00
29/04/2008 32.13 31.73 32.52 31.92 0 496900.00 496900.00
30/04/2008 32.29 32.00 34.40 33.70 0 856800.00 856800.00
02/05/2008 34.99 34.15 38.00 37.40 0 2051500.00 2051500.00
05/05/2008 37.80 36.75 37.95 37.78 0 658400.00 658400.00
06/05/2008 37.40 36.42 37.69 37.45 0 479900.00 479900.00
07/05/2008 37.48 36.41 37.95 36.50 0 672000.00 672000.00
08/05/2008 36.73 36.00 37.19 36.40 0 634900.00 634900.00
09/05/2008 35.90 35.50 36.00 35.50 0 354700.00 354700.00
12/05/2008 35.70 35.27 36.80 36.80 0 567700.00 567700.00
13/05/2008 36.80 35.20 36.80 35.20 0 907300.00 907300.00
14/05/2008 35.60 33.82 35.60 33.90 0 973600.00 973600.00
15/05/2008 33.92 33.70 35.00 35.00 0 618200.00 618200.00
16/05/2008 35.39 34.35 35.50 35.25 0 929500.00 929500.00
19/05/2008 35.27 34.31 35.40 34.60 0 655400.00 655400.00
20/05/2008 34.33 33.90 34.98 34.81 0 706100.00 706100.00
21/05/2008 34.31 34.06 35.20 34.25 0 602800.00 602800.00
23/05/2008 34.25 33.45 34.25 34.00 0 467300.00 467300.00
26/05/2008 34.29 33.66 34.42 34.12 0 228200.00 228200.00
27/05/2008 34.20 33.80 34.39 34.39 0 457400.00 457400.00
28/05/2008 34.70 34.30 36.00 35.99 0 893300.00 893300.00
29/05/2008 36.15 35.75 37.24 36.15 0 801500.00 801500.00
30/05/2008 36.50 35.56 37.00 37.00 0 603900.00 603900.00
02/06/2008 36.40 35.71 36.98 36.98 0 567200.00 567200.00
03/06/2008 36.90 36.01 37.00 36.98 0 694200.00 694200.00
04/06/2008 36.50 35.80 36.90 36.55 0 616800.00 616800.00
05/06/2008 36.50 36.27 39.00 39.00 0 727500.00 727500.00
06/06/2008 37.99 36.68 38.40 37.49 0 660400.00 660400.00
10/06/2008 36.02 34.91 36.02 35.25 0 431000.00 431000.00
11/06/2008 35.69 34.81 35.80 35.80 0 250600.00 250600.00
12/06/2008 36.00 34.70 36.11 35.00 0 417000.00 417000.00
13/06/2008 34.99 34.10 35.01 34.11 0 354800.00 354800.00
16/06/2008 34.45 33.70 34.94 34.94 0 237500.00 237500.00
17/06/2008 35.19 35.19 36.69 36.69 0 545400.00 545400.00
18/06/2008 36.50 35.20 36.50 35.20 0 757400.00 757400.00
19/06/2008 36.19 34.07 36.19 35.68 0 211900.00 211900.00
20/06/2008 35.01 34.12 35.01 34.20 0 285200.00 285200.00
23/06/2008 34.06 33.95 34.95 34.95 0 346600.00 346600.00
24/06/2008 34.73 34.12 34.89 34.17 0 304600.00 304600.00
25/06/2008 34.20 34.20 35.95 35.50 0 213400.00 213400.00
26/06/2008 34.52 33.45 34.79 33.45 0 458100.00 458100.00
27/06/2008 33.52 32.50 34.95 33.95 0 492600.00 492600.00
30/06/2008 33.76 33.65 34.49 34.00 0 153200.00 153200.00
01/07/2008 33.79 31.53 33.79 32.45 0 701900.00 701900.00
02/07/2008 32.60 31.30 32.80 31.51 0 940900.00 940900.00
03/07/2008 32.43 30.15 32.43 30.49 0 507200.00 507200.00
04/07/2008 30.56 29.75 31.60 31.60 0 278700.00 278700.00
07/07/2008 31.31 29.88 31.70 29.99 0 598800.00 598800.00
08/07/2008 29.80 28.75 30.40 30.26 0 1184100.00 1184100.00
10/07/2008 29.95 29.40 31.99 31.47 0 915700.00 915700.00
11/07/2008 31.60 30.63 31.60 30.63 0 293600.00 293600.00
14/07/2008 31.00 30.10 31.26 30.10 0 497400.00 497400.00
15/07/2008 29.52 29.00 31.98 31.23 0 629900.00 629900.00
16/07/2008 31.19 31.01 33.26 33.06 0 747800.00 747800.00
17/07/2008 31.72 30.80 32.99 30.80 0 497200.00 497200.00
18/07/2008 30.94 29.79 31.24 29.79 0 875100.00 875100.00
21/07/2008 30.11 29.51 30.25 29.51 0 638000.00 638000.00
22/07/2008 29.00 28.58 29.36 28.83 0 501600.00 501600.00
23/07/2008 28.74 28.50 29.17 28.55 0 798100.00 798100.00
24/07/2008 28.52 27.26 28.52 27.40 0 574300.00 574300.00
25/07/2008 27.45 26.70 28.22 27.50 0 647700.00 647700.00
28/07/2008 28.00 27.22 28.03 27.48 0 231900.00 231900.00
29/07/2008 27.68 27.31 28.51 28.00 0 374500.00 374500.00
30/07/2008 28.54 28.11 29.40 29.40 0 813100.00 813100.00
31/07/2008 28.95 28.37 29.00 28.46 0 434300.00 434300.00
01/08/2008 28.52 27.90 29.00 28.55 0 483600.00 483600.00
04/08/2008 28.54 26.40 28.54 26.80 0 407500.00 407500.00
05/08/2008 27.20 27.00 28.26 28.26 0 444600.00 444600.00
06/08/2008 28.36 27.81 28.95 28.95 0 386600.00 386600.00
07/08/2008 29.19 28.10 29.19 28.30 0 294100.00 294100.00
08/08/2008 27.82 27.50 28.30 28.00 0 398000.00 398000.00
11/08/2008 28.00 26.70 28.43 26.90 0 341300.00 341300.00
12/08/2008 26.80 24.80 27.01 25.00 0 1173400.00 1173400.00
13/08/2008 25.00 23.60 25.47 23.85 0 1515000.00 1515000.00
14/08/2008 24.50 23.85 24.65 24.00 0 976300.00 976300.00
15/08/2008 24.13 23.51 24.26 23.94 0 414900.00 414900.00
18/08/2008 23.80 23.04 24.49 23.04 0 541700.00 541700.00
19/08/2008 22.51 22.07 22.89 22.30 0 792500.00 792500.00
20/08/2008 22.52 22.52 24.10 24.05 0 564300.00 564300.00
21/08/2008 24.11 23.22 24.15 23.90 0 629600.00 629600.00
22/08/2008 24.05 24.05 25.70 25.69 0 628000.00 628000.00
25/08/2008 25.74 25.20 26.79 26.79 0 644200.00 644200.00
26/08/2008 26.50 26.25 27.15 27.15 0 721700.00 721700.00
27/08/2008 27.00 26.01 27.50 27.50 0 687300.00 687300.00
28/08/2008 27.50 27.18 28.31 28.29 0 705400.00 705400.00
29/08/2008 28.40 27.53 28.58 27.91 0 417900.00 417900.00
01/09/2008 27.50 26.75 27.50 27.00 0 170400.00 170400.00
02/09/2008 26.73 26.31 27.14 26.98 0 311800.00 311800.00
03/09/2008 26.95 25.07 27.11 26.01 0 561700.00 561700.00
04/09/2008 25.71 24.58 25.99 24.75 0 316800.00 316800.00
05/09/2008 24.30 24.04 26.30 26.30 0 296700.00 296700.00
08/09/2008 26.80 25.13 27.75 25.75 0 531900.00 531900.00
09/09/2008 25.50 24.18 25.95 25.00 0 412500.00 412500.00
10/09/2008 25.00 24.06 26.29 26.12 0 480900.00 480900.00
11/09/2008 25.48 24.71 26.00 26.00 0 806000.00 806000.00
12/09/2008 25.99 25.16 26.19 26.19 0 451200.00 451200.00
15/09/2008 25.24 24.11 25.45 24.14 0 320900.00 320900.00
16/09/2008 23.49 22.30 24.50 24.50 0 1282700.00 1282700.00
17/09/2008 23.85 22.20 23.85 22.27 0 885200.00 885200.00
18/09/2008 22.52 21.61 23.60 23.60 0 1177800.00 1177800.00
19/09/2008 24.51 24.51 25.70 25.50 0 662800.00 662800.00
22/09/2008 25.49 24.20 25.93 24.50 0 411700.00 411700.00
23/09/2008 24.44 23.11 24.98 23.80 0 384000.00 384000.00
24/09/2008 24.20 22.30 24.40 22.30 0 464100.00 464100.00
25/09/2008 23.00 22.30 23.13 22.95 0 727700.00 727700.00
26/09/2008 22.49 22.11 23.79 23.79 0 377100.00 377100.00
29/09/2008 22.28 19.00 22.51 21.69 0 353100.00 353100.00
30/09/2008 21.99 21.06 22.50 22.50 0 558500.00 558500.00
01/10/2008 22.71 21.55 23.40 23.40 0 477300.00 477300.00
02/10/2008 22.40 20.92 22.87 21.49 0 505300.00 505300.00
03/10/2008 21.50 19.82 22.41 19.82 0 468200.00 468200.00
06/10/2008 17.00 16.72 18.96 18.96 0 471500.00 471500.00
07/10/2008 18.80 16.24 19.02 16.24 0 450800.00 450800.00
08/10/2008 15.50 14.06 16.25 16.22 0 772700.00 772700.00
09/10/2008 16.50 15.16 17.22 15.50 0 445500.00 445500.00
10/10/2008 14.00 13.10 15.55 15.55 0 521900.00 521900.00
13/10/2008 16.39 16.04 19.01 19.01 0 616900.00 616900.00
14/10/2008 17.03 17.20 19.95 18.29 0 687800.00 687800.00
15/10/2008 17.80 14.82 17.89 14.83 0 549200.00 549200.00
16/10/2008 14.99 14.18 16.71 16.71 0 442800.00 442800.00
17/10/2008 15.48 15.48 17.75 17.69 0 311400.00 311400.00
20/10/2008 17.90 17.22 19.50 19.50 0 677900.00 677900.00
21/10/2008 18.50 17.93 19.20 19.00 0 487100.00 487100.00
22/10/2008 17.50 15.80 17.90 16.10 0 1247700.00 1247700.00
23/10/2008 15.80 14.80 16.20 16.00 0 620600.00 620600.00
24/10/2008 14.30 13.13 14.80 14.20 0 589800.00 589800.00
27/10/2008 14.50 13.35 14.86 13.84 0 301900.00 301900.00
28/10/2008 14.51 13.32 16.22 15.40 0 1073400.00 1073400.00
29/10/2008 15.76 14.85 16.80 16.50 0 683800.00 683800.00
30/10/2008 17.00 16.50 18.50 18.50 0 636500.00 636500.00
31/10/2008 18.10 17.30 18.94 18.94 0 741500.00 741500.00
03/11/2008 18.75 17.80 19.20 17.80 0 389500.00 389500.00
04/11/2008 18.37 17.17 18.62 18.57 0 484700.00 484700.00
05/11/2008 18.46 16.25 18.46 16.25 0 557500.00 557500.00
06/11/2008 15.92 15.38 17.06 16.95 0 352600.00 352600.00
07/11/2008 16.50 16.03 17.61 17.61 0 280700.00 280700.00
10/11/2008 17.96 15.90 18.20 15.95 0 365800.00 365800.00
11/11/2008 15.78 15.20 16.44 16.00 0 538300.00 538300.00
12/11/2008 15.82 14.50 15.87 14.98 0 689900.00 689900.00
13/11/2008 14.84 13.65 16.10 15.60 0 805800.00 805800.00
14/11/2008 15.92 14.84 15.92 15.40 0 242800.00 242800.00
17/11/2008 14.99 14.65 16.30 15.83 0 221000.00 221000.00
18/11/2008 15.52 14.51 15.91 14.55 0 256900.00 256900.00
19/11/2008 14.33 13.82 14.65 14.30 0 261800.00 261800.00
21/11/2008 13.75 13.20 13.88 13.30 0 281600.00 281600.00
24/11/2008 13.53 13.33 14.05 13.40 0 748400.00 748400.00
25/11/2008 13.15 13.00 14.00 13.50 0 700200.00 700200.00
26/11/2008 13.59 13.35 14.19 14.19 0 666800.00 666800.00
27/11/2008 14.14 13.80 14.18 13.96 0 316300.00 316300.00
28/11/2008 13.96 13.81 14.63 14.59 0 566000.00 566000.00
01/12/2008 13.86 13.30 13.95 13.30 0 404700.00 404700.00
02/12/2008 13.44 13.28 13.67 13.50 0 258500.00 258500.00
03/12/2008 13.32 12.82 13.37 12.91 0 341600.00 341600.00
04/12/2008 13.20 12.86 13.20 12.90 0 379000.00 379000.00
05/12/2008 12.86 12.13 12.86 12.30 0 533600.00 533600.00
08/12/2008 12.99 12.65 13.79 13.79 0 864900.00 864900.00
09/12/2008 13.46 13.44 14.48 14.47 0 884700.00 884700.00
10/12/2008 14.50 14.50 15.69 15.50 0 1127700.00 1127700.00
11/12/2008 15.40 14.99 15.75 14.99 0 495700.00 495700.00
12/12/2008 14.60 14.20 15.82 15.82 0 646700.00 646700.00
15/12/2008 15.46 15.21 15.72 15.34 0 431300.00 431300.00
16/12/2008 15.41 15.41 16.82 16.82 0 443800.00 443800.00
17/12/2008 16.60 15.40 16.60 15.80 0 936800.00 936800.00
18/12/2008 15.80 15.00 16.09 15.15 0 474300.00 474300.00
19/12/2008 15.30 14.91 15.58 15.50 0 269500.00 269500.00
22/12/2008 15.50 14.92 15.53 15.26 0 350000.00 350000.00
23/12/2008 15.43 14.25 15.44 14.69 0 244600.00 244600.00
26/12/2008 15.00 13.82 15.00 14.01 0 234500.00 234500.00
29/12/2008 14.15 13.55 14.30 14.30 0 393800.00 393800.00
30/12/2008 14.35 14.03 14.60 14.39 0 332900.00 332900.00
02/01/2009 14.50 14.39 14.94 14.90 0 186800.00 186800.00
05/01/2009 14.97 14.45 16.10 15.95 0 823500.00 823500.00
06/01/2009 16.11 15.11 16.17 15.20 0 1500100.00 1500100.00
07/01/2009 15.05 14.83 15.38 15.00 0 650100.00 650100.00
08/01/2009 14.91 14.70 15.60 15.50 0 322100.00 322100.00
09/01/2009 15.45 15.00 15.65 15.50 0 409100.00 409100.00
12/01/2009 15.01 14.75 15.23 14.93 0 651800.00 651800.00
13/01/2009 14.90 14.68 15.15 15.10 0 440700.00 440700.00
14/01/2009 14.95 13.85 14.99 13.90 0 726500.00 726500.00
15/01/2009 14.01 13.15 14.30 14.05 0 570300.00 570300.00
16/01/2009 14.30 13.71 14.30 14.20 0 403800.00 403800.00
19/01/2009 14.21 13.81 14.30 13.95 0 170000.00 170000.00
20/01/2009 13.90 13.71 14.09 13.72 0 217900.00 217900.00
21/01/2009 13.71 13.71 14.29 14.29 0 335800.00 335800.00
22/01/2009 14.45 14.01 14.83 14.83 0 373700.00 373700.00
23/01/2009 14.37 14.12 15.28 15.28 0 413700.00 413700.00
26/01/2009 15.00 14.81 15.15 15.15 0 459800.00 459800.00
27/01/2009 14.82 14.81 15.30 14.94 0 351300.00 351300.00
28/01/2009 15.20 14.87 15.55 15.55 0 709400.00 709400.00
29/01/2009 15.20 15.06 15.80 15.65 0 389900.00 389900.00
30/01/2009 15.60 15.21 15.90 15.63 0 642300.00 642300.00
02/02/2009 15.32 15.07 15.44 15.07 0 257600.00 257600.00
03/02/2009 15.21 14.80 15.50 14.82 0 555200.00 555200.00
04/02/2009 14.93 14.66 15.49 14.79 0 673400.00 673400.00
05/02/2009 15.00 14.64 15.50 15.49 0 369000.00 369000.00
06/02/2009 15.47 15.11 16.35 16.35 0 572700.00 572700.00
09/02/2009 15.91 15.91 16.62 16.25 0 616800.00 616800.00
10/02/2009 16.25 15.31 16.70 15.50 0 527400.00 527400.00
11/02/2009 15.31 14.85 16.07 15.60 0 498800.00 498800.00
12/02/2009 15.28 15.06 15.59 15.38 0 231600.00 231600.00
13/02/2009 15.66 15.41 16.00 15.98 0 220300.00 220300.00
16/02/2009 15.88 15.50 16.19 16.19 0 160900.00 160900.00
17/02/2009 15.53 15.29 15.78 15.29 0 450900.00 450900.00
18/02/2009 15.36 15.10 15.60 15.10 0 410800.00 410800.00
19/02/2009 15.40 14.92 15.50 15.20 0 323900.00 323900.00
20/02/2009 15.00 14.77 15.25 15.20 0 360100.00 360100.00
25/02/2009 15.19 14.95 15.90 15.50 0 196200.00 196200.00
26/02/2009 15.89 15.01 15.89 15.01 0 374000.00 374000.00
27/02/2009 14.77 14.56 15.29 15.29 0 317800.00 317800.00
02/03/2009 14.84 14.42 14.86 14.60 0 661300.00 661300.00
03/03/2009 14.15 13.16 14.49 13.39 0 1504100.00 1504100.00
04/03/2009 13.66 12.32 13.66 12.40 0 2414100.00 2414100.00
05/03/2009 12.25 12.21 12.80 12.80 0 641600.00 641600.00
06/03/2009 12.92 12.55 12.99 12.79 0 362500.00 362500.00
09/03/2009 12.68 12.45 12.85 12.79 0 213400.00 213400.00
10/03/2009 12.80 12.79 13.20 13.17 0 721000.00 721000.00
11/03/2009 13.30 12.67 13.30 13.02 0 655300.00 655300.00
12/03/2009 13.00 12.71 13.20 13.20 0 482700.00 482700.00
13/03/2009 13.20 13.07 13.44 13.25 0 332300.00 332300.00
16/03/2009 13.37 12.84 13.43 13.26 0 476800.00 476800.00
17/03/2009 13.02 12.89 13.60 13.40 0 703100.00 703100.00
